BaselineInfo:
  WebDBID: -1
  TimeStamp: 20260620234316
Version:
  Major: 11
  Minor: 0
  Build: 1004
  SpecialBuildName: ""
  ptArchitecture: x86_64_linux
Results:
  Results Complete: true
  NumTestProcesses: 32
  CPU_INTEGER_MATH: 212308.318
  CPU_FLOATINGPOINT_MATH: 123691.49513335682
  CPU_PRIME: 284.35616328212399
  CPU_SORTING: 92819.700801231505
  CPU_ENCRYPTION: 40535.955660692285
  CPU_COMPRESSION: 730261.85989076935
  CPU_SINGLETHREAD: 3816.1462434954392
  CPU_PHYSICS: 6236.5334804494332
  CPU_MATRIX_MULT_SSE: 57914.21587314253
  CPU_mm: 5537.7033308444452
  CPU_sse: 20739.668449734712
  CPU_fma: 62058.117597017059
  CPU_avx: 60688.071912087216
  CPU_avx512: 88171.00553373115
  m_CPU_enc_SHA: 51229620456.97934
  m_CPU_enc_AES: 41693774552.531502
  m_CPU_enc_ECDSA: 34591695719.087418
  ME_ALLOC_S: 19686.674937245461
  ME_READ_S: 34263.682031249999
  ME_READ_L: 30355.02734375
  ME_WRITE: 30590.69140625
  ME_LARGE: 506528.25
  ME_LATENCY: 79.946233831542656
  ME_THREADED: 117989.81396484375
  SUMM_CPU: 58651.765077299853
  SUMM_ME: 2886.7902347387826
SystemInformation:
  OSName: Ubuntu 24.04.4 LTS
  Kernel: 6.17.0-1018-azure
  Device: ""
  Processor: "AMD EPYC 9V45 96-Core Processor                "
  NumSockets: 1
  Manufacturer: AuthenticAMD
  NumCores: 16
  NumLogicals: 32
  CPUFrequency: 0
  CPUMaxFrequency: 0
  Memory: 515780
  CPUInfo:
    number: 1
    Family: 15
    Model: 2
    stepping: 1
    features: 395049983
    manufacture: AuthenticAMD
    typestring: "AMD EPYC 9V45 96-Core Processor                "
    iCoresPerPackage: 16
    iThreadsPerPackage: 2
    featuresEx:
      - 395049983
      - 4277809667
      - 802421759
    bHybrid: false
    nPCore: 0
    nLogicalsPerPCore: 0
    nECore: 0
    nLogicalsPerECore: 0
  MemModuleInfo:
    iNumMemSticks: 3
    DIMM 1:
      manufacturer: Microsoft Corporation
      modulePartNo: None
      memType: Unknown
      size: 1
      clkspeed: 0
      moduleVoltage: 0
    DIMM 2:
      manufacturer: Microsoft Corporation
      modulePartNo: None
      memType: Unknown
      size: 59
      clkspeed: 0
      moduleVoltage: 0
    DIMM 3:
      manufacturer: Microsoft Corporation
      modulePartNo: None
      memType: Unknown
      size: 452
      clkspeed: 0
      moduleVoltage: 0
Checksum: 9FD9275FD0BFE273E4A1694AC621F7D5C2223D5C