BaselineInfo:
  WebDBID: -1
  TimeStamp: 20241107062351
Version:
  Major: 11
  Minor: 0
  Build: 1002
  SpecialBuildName: ""
  ptArchitecture: aarch64_linux
Results:
  Results Complete: true
  NumTestProcesses: 1
  CPU_INTEGER_MATH: 5173.6279999999997
  CPU_FLOATINGPOINT_MATH: 6006.8708256034852
  CPU_PRIME: 16.960185509170891
  CPU_SORTING: 4547.0206866874796
  CPU_ENCRYPTION: 183.38008009361883
  CPU_COMPRESSION: 6340.6592629848356
  CPU_SINGLETHREAD: 1838.8627029254169
  CPU_PHYSICS: 337.93497193140138
  CPU_MATRIX_MULT_SSE: 914.00442378006494
  CPU_mm: 111.92867098438589
  CPU_sse: 718.98662589010951
  CPU_fma: 1109.0222216700204
  CPU_avx: 0
  CPU_avx512: 0
  m_CPU_enc_SHA: 290932200.49637574
  m_CPU_enc_AES: 106362293.79648422
  m_CPU_enc_ECDSA: 179569358.29987937
  ME_ALLOC_S: 1481.3136628646757
  ME_READ_S: 20325.073828125001
  ME_READ_L: 17947.494140625
  ME_WRITE: 20987.181640625
  ME_LARGE: 5877.333333333333
  ME_LATENCY: 51.002580607329953
  ME_THREADED: 17897.365234375
  SUMM_CPU: 982.14740732685084
  SUMM_ME: 2137.2011227246498
SystemInformation:
  OSName: Ubuntu 24.04.1 LTS
  Kernel: 6.8.0-1016-aws
  Device: ""
  Processor: ARM Neoverse-V2 1 Core 0 MHz
  NumSockets: 1
  Manufacturer: ARM
  NumCores: 1
  NumLogicals: 1
  CPUFrequency: 0
  Memory: 15674
Checksum: FBC568BAF1FEF4BA246399969346992399BD20D0