BaselineInfo:
  WebDBID: -1
  TimeStamp: 20241108071701
Version:
  Major: 11
  Minor: 0
  Build: 1002
  SpecialBuildName: ""
  ptArchitecture: x86_64_linux
Results:
  Results Complete: true
  NumTestProcesses: 16
  CPU_INTEGER_MATH: 61224.222999999991
  CPU_FLOATINGPOINT_MATH: 43518.518810606292
  CPU_PRIME: 129.27232944624336
  CPU_SORTING: 31415.803598475846
  CPU_ENCRYPTION: 13585.124328927877
  CPU_COMPRESSION: 229960.46132761578
  CPU_SINGLETHREAD: 2377.6453696986837
  CPU_PHYSICS: 3063.6595659409886
  CPU_MATRIX_MULT_SSE: 17194.440573806107
  CPU_mm: 1740.0566377025848
  CPU_sse: 7549.927338694537
  CPU_fma: 18874.36200540225
  CPU_avx: 14591.050980507349
  CPU_avx512: 27762.421970620275
  m_CPU_enc_SHA: 14338464709.001116
  m_CPU_enc_AES: 18566295641.089554
  m_CPU_enc_ECDSA: 9830345634.8989639
  ME_ALLOC_S: 7748.5196134116613
  ME_READ_S: 21555.7685546875
  ME_READ_L: 7672.7724609375
  ME_WRITE: 7225.58984375
  ME_LARGE: 53902.083333333336
  ME_LATENCY: 72.807470947441388
  ME_THREADED: 104473.88720703125
  SUMM_CPU: 21504.31095139818
  SUMM_ME: 1989.5465115656457
SystemInformation:
  OSName: Ubuntu 24.04.1 LTS
  Kernel: 6.8.0-1015-gcp
  Device: ""
  Processor: INTEL XEON PLATINUM 8581C CPU @ 2.10GHz
  NumSockets: 1
  Manufacturer: GenuineIntel
  NumCores: 8
  NumLogicals: 16
  CPUFrequency: 0
  Memory: 64297
  MemModuleInfo:
    iNumMemSticks: 4
    DIMM 1:
      manufacturer: ""
      modulePartNo: ""
      memType: RAM
      size: 16
      clkspeed: 0
      moduleVoltage: 0
    DIMM 2:
      manufacturer: ""
      modulePartNo: ""
      memType: RAM
      size: 16
      clkspeed: 0
      moduleVoltage: 0
    DIMM 3:
      manufacturer: ""
      modulePartNo: ""
      memType: RAM
      size: 16
      clkspeed: 0
      moduleVoltage: 0
    DIMM 4:
      manufacturer: ""
      modulePartNo: ""
      memType: RAM
      size: 16
      clkspeed: 0
      moduleVoltage: 0
Checksum: 37CE16EB65B26402E2B0E7E32B7EF8D4283872D0