BaselineInfo:
  WebDBID: -1
  TimeStamp: 20250801120147
Version:
  Major: 11
  Minor: 0
  Build: 1002
  SpecialBuildName: ""
  ptArchitecture: x86_64_linux
Results:
  Results Complete: true
  NumTestProcesses: 4
  CPU_INTEGER_MATH: 14958.516666666666
  CPU_FLOATINGPOINT_MATH: 8895.5414654096494
  CPU_PRIME: 32.047892729116214
  CPU_SORTING: 7587.3552459604762
  CPU_ENCRYPTION: 3625.3740979499858
  CPU_COMPRESSION: 55718.660082100272
  CPU_SINGLETHREAD: 2586.2768816945454
  CPU_PHYSICS: 643.74668349643434
  CPU_MATRIX_MULT_SSE: 3054.1841742267629
  CPU_mm: 375.72509102597724
  CPU_sse: 1610.029877404013
  CPU_fma: 4409.5279086479577
  CPU_avx: 3142.99473662832
  CPU_avx512: 0
  m_CPU_enc_SHA: 5273785986.1467714
  m_CPU_enc_AES: 3367149159.8123469
  m_CPU_enc_ECDSA: 2763505664.4368954
  ME_ALLOC_S: 1560.1949883747602
  ME_READ_S: 25324.708984375
  ME_READ_L: 15470.1884765625
  ME_WRITE: 15275.3583984375
  ME_LARGE: 2501.5833333333335
  ME_LATENCY: 73.138909773039572
  ME_THREADED: 32004.3251953125
  SUMM_CPU: 5439.9924253209228
  SUMM_ME: 1736.2815293281014
SystemInformation:
  OSName: Ubuntu 24.04.2 LTS
  Kernel: 6.14.0-1010-aws
  Device: ""
  Processor: AMD EPYC 7R13 Processor
  NumSockets: 1
  Manufacturer: AuthenticAMD
  NumCores: 2
  NumLogicals: 4
  CPUFrequency: 0
  Memory: 15368
  MemModuleInfo:
    iNumMemSticks: 1
    DIMM 1:
      manufacturer: Not Specified
      modulePartNo: Not Specified
      memType: DDR4
      size: 16
      clkspeed: 1600
      moduleVoltage: 0
Checksum: A99E062FD800918B78424A80D58E7462083C6D66