---
system-info:
      stress-ng-version: 0.17.08
      run-by: root
      date-yyyy-mm-dd: 2024:06:26
      time-hh-mm-ss: 20:50:58
      epoch-secs: 1719435058
      hostname: c3d-highmem-8-194f5f2
      sysname: Linux
      nodename: c3d-highmem-8-194f5f2
      release: 6.8.0-1009-gcp
      version: '#10-Ubuntu SMP Wed Jun 12 18:52:23 UTC 2024'
      machine: x86_64
      compiler: 'musl-gcc 13.2.1'
      uptime: 113
      totalram: 67424702464
      freeram: 62424629248
      sharedram: 35000320
      bufferram: 123932672
      totalswap: 0
      freeswap: 0
      pagesize: 4096
      cpus: 8
      cpus-online: 8
      ticks-per-second: 100

metrics:
    - stressor: cpu
      bogo-ops: 229734
      bogo-ops-per-second-usr-sys-time: 1439.043608
      bogo-ops-per-second-real-time: 11486.664432
      wall-clock-time: 20.000062
      user-time: 159.628537
      system-time: 0.014992
      cpu-usage-per-instance: 99.776897
      max-rss: 1104

...
