BaselineInfo:
  WebDBID: -1
  TimeStamp: 20241115114557
Version:
  Major: 11
  Minor: 0
  Build: 1002
  SpecialBuildName: ""
  ptArchitecture: x86_64_linux
Results:
  Results Complete: true
  NumTestProcesses: 2
  CPU_INTEGER_MATH: 9130.9313333333339
  CPU_FLOATINGPOINT_MATH: 5042.5203261986935
  CPU_PRIME: 21.324213040138893
  CPU_SORTING: 4943.5872345252674
  CPU_ENCRYPTION: 2368.0260826896583
  CPU_COMPRESSION: 35609.753233077106
  CPU_SINGLETHREAD: 2595.3418131026615
  CPU_PHYSICS: 427.45224671066489
  CPU_MATRIX_MULT_SSE: 1907.5496248920049
  CPU_mm: 245.5511664960768
  CPU_sse: 1047.9910600862117
  CPU_fma: 2845.1508732395587
  CPU_avx: 1829.5069413502449
  CPU_avx512: 0
  m_CPU_enc_SHA: 3433687181.5216312
  m_CPU_enc_AES: 2198643280.0071249
  m_CPU_enc_ECDSA: 1816835491.5184166
  ME_ALLOC_S: 953.53142187323692
  ME_READ_S: 26165.595703125
  ME_READ_L: 16567.775390625
  ME_WRITE: 15062.9375
  ME_LARGE: 602.25
  ME_LATENCY: 69.820759402192891
  ME_THREADED: 23492.9833984375
  SUMM_CPU: 3433.0729404592198
  SUMM_ME: 996.85533768315554
SystemInformation:
  OSName: Ubuntu 24.04.1 LTS
  Kernel: 6.8.0-1018-aws
  Device: ""
  Processor: AMD EPYC 7R13 Processor
  NumSockets: 1
  Manufacturer: AuthenticAMD
  NumCores: 1
  NumLogicals: 2
  CPUFrequency: 0
  Memory: 3794
  MemModuleInfo:
    iNumMemSticks: 1
    DIMM 1:
      manufacturer: Not Specified
      modulePartNo: Not Specified
      memType: DDR4
      size: 4
      clkspeed: 1466
      moduleVoltage: 0
Checksum: C0FB11CBE8729B4BE94BC5C63BA9BBF7ED2B353C