BaselineInfo:
  WebDBID: -1
  TimeStamp: 20241106234036
Version:
  Major: 11
  Minor: 0
  Build: 1002
  SpecialBuildName: ""
  ptArchitecture: x86_64_linux
Results:
  Results Complete: true
  NumTestProcesses: 2
  CPU_INTEGER_MATH: 9131.4756666666653
  CPU_FLOATINGPOINT_MATH: 5046.2872663606922
  CPU_PRIME: 21.253974106296788
  CPU_SORTING: 5021.3203864440493
  CPU_ENCRYPTION: 2372.0863845989425
  CPU_COMPRESSION: 35376.924551273711
  CPU_SINGLETHREAD: 2604.0874755295117
  CPU_PHYSICS: 430.24964784403767
  CPU_MATRIX_MULT_SSE: 1944.6514532979543
  CPU_mm: 246.91570658644684
  CPU_sse: 1044.0434280286831
  CPU_fma: 2857.4473714914311
  CPU_avx: 1932.4635603737488
  CPU_avx512: 0
  m_CPU_enc_SHA: 3443258237.6078873
  m_CPU_enc_AES: 2204446736.8263874
  m_CPU_enc_ECDSA: 1814233584.0173864
  ME_ALLOC_S: 969.24838182619317
  ME_READ_S: 26274.6787109375
  ME_READ_L: 17084.69140625
  ME_WRITE: 16075.0048828125
  ME_LARGE: 683
  ME_LATENCY: 64.929895746505238
  ME_THREADED: 24247.3818359375
  SUMM_CPU: 3447.3319229058689
  SUMM_ME: 1088.0600905080778
SystemInformation:
  OSName: Ubuntu 24.04.1 LTS
  Kernel: 6.8.0-1016-aws
  Device: ""
  Processor: AMD EPYC 7R13 Processor
  NumSockets: 1
  Manufacturer: AuthenticAMD
  NumCores: 1
  NumLogicals: 2
  CPUFrequency: 0
  Memory: 3794
  MemModuleInfo:
    iNumMemSticks: 1
    DIMM 1:
      manufacturer: Not Specified
      modulePartNo: Not Specified
      memType: DDR4
      size: 4
      clkspeed: 1466
      moduleVoltage: 0
Checksum: 8D27F88CB5F7B305896B1D8CD610D042B83CC6DC