BaselineInfo:
  WebDBID: -1
  TimeStamp: 20241114193435
Version:
  Major: 11
  Minor: 0
  Build: 1002
  SpecialBuildName: ""
  ptArchitecture: x86_64_linux
Results:
  Results Complete: true
  NumTestProcesses: 2
  CPU_INTEGER_MATH: 9145.3443333333344
  CPU_FLOATINGPOINT_MATH: 5052.0245525382325
  CPU_PRIME: 21.703963168023236
  CPU_SORTING: 4975.8145096524677
  CPU_ENCRYPTION: 2372.7096896701923
  CPU_COMPRESSION: 35777.41515374447
  CPU_SINGLETHREAD: 2593.2734799753516
  CPU_PHYSICS: 433.62867646944812
  CPU_MATRIX_MULT_SSE: 1927.1437080039582
  CPU_mm: 247.3964870560566
  CPU_sse: 1042.5389602322298
  CPU_fma: 2858.4204530122643
  CPU_avx: 1880.4717107673814
  CPU_avx512: 0
  m_CPU_enc_SHA: 3440108923.6626368
  m_CPU_enc_AES: 2201031132.7011948
  m_CPU_enc_ECDSA: 1822759250.3030024
  ME_ALLOC_S: 1005.432402110907
  ME_READ_S: 25979.549999999999
  ME_READ_L: 17231.10546875
  ME_WRITE: 16525.666015625
  ME_LARGE: 609.41666666666663
  ME_LATENCY: 63.775528041263179
  ME_THREADED: 24300.5341796875
  SUMM_CPU: 3450.7769709589174
  SUMM_ME: 1030.9972926714695
SystemInformation:
  OSName: Ubuntu 24.04.1 LTS
  Kernel: 6.8.0-1018-aws
  Device: ""
  Processor: AMD EPYC 7R13 Processor
  NumSockets: 1
  Manufacturer: AuthenticAMD
  NumCores: 1
  NumLogicals: 2
  CPUFrequency: 0
  Memory: 3794
  MemModuleInfo:
    iNumMemSticks: 1
    DIMM 1:
      manufacturer: Not Specified
      modulePartNo: Not Specified
      memType: DDR4
      size: 4
      clkspeed: 1466
      moduleVoltage: 0
Checksum: 1624B88C4C7B2553156069AB9261C910F8DCEA6E