---
system-info:
      stress-ng-version: 0.17.08
      run-by: root
      date-yyyy-mm-dd: 2024:09:23
      time-hh-mm-ss: 21:12:03
      epoch-secs: 1727125923
      hostname: c4-highmem-4-acae922.us-east4-a.c.algebraic-pier-412621.internal
      sysname: Linux
      nodename: c4-highmem-4-acae922.us-east4-a.c.algebraic-pier-412621.internal
      release: 6.8.0-1014-gcp
      version: '#16-Ubuntu SMP Mon Aug 26 15:55:46 UTC 2024'
      machine: x86_64
      compiler: 'musl-gcc 13.2.1'
      uptime: 172
      totalram: 32595587072
      freeram: 22181773312
      sharedram: 274604032
      bufferram: 250900480
      totalswap: 0
      freeswap: 0
      pagesize: 4096
      cpus: 4
      cpus-online: 4
      ticks-per-second: 100

metrics:
    - stressor: cpu
      bogo-ops: 88412
      bogo-ops-per-second-usr-sys-time: 1107.700564
      bogo-ops-per-second-real-time: 4420.582346
      wall-clock-time: 20.000080
      user-time: 79.811799
      system-time: 0.003995
      cpu-usage-per-instance: 99.769344
      max-rss: 1104

...
