---
system-info:
      stress-ng-version: 0.17.08
      run-by: root
      date-yyyy-mm-dd: 2024:06:12
      time-hh-mm-ss: 23:55:46
      epoch-secs: 1718236546
      hostname: 7d078f50ab3b
      sysname: Linux
      nodename: 7d078f50ab3b
      release: 6.8.0-1008-aws
      version: '#8-Ubuntu SMP Sat Apr 20 00:46:25 UTC 2024'
      machine: x86_64
      compiler: 'musl-gcc 13.2.1'
      uptime: 155
      totalram: 266119458816
      freeram: 260733100032
      sharedram: 117612544
      bufferram: 111071232
      totalswap: 0
      freeswap: 0
      pagesize: 4096
      cpus: 128
      cpus-online: 128
      ticks-per-second: 100

metrics:
    - stressor: cpu
      bogo-ops: 2469576
      bogo-ops-per-second-usr-sys-time: 965.037009
      bogo-ops-per-second-real-time: 123478.331647
      wall-clock-time: 20.000076
      user-time: 2559.007011
      system-time: 0.040960
      cpu-usage-per-instance: 99.962432
      max-rss: 0

...
