---
system-info:
      stress-ng-version: 0.17.08
      run-by: root
      date-yyyy-mm-dd: 2024:06:06
      time-hh-mm-ss: 09:56:07
      epoch-secs: 1717667767
      hostname: 0dd315595232
      sysname: Linux
      nodename: 0dd315595232
      release: 6.8.0-1008-aws
      version: '#8-Ubuntu SMP Sat Apr 20 00:46:25 UTC 2024'
      machine: x86_64
      compiler: 'musl-gcc 13.2.1'
      uptime: 128
      totalram: 266119462912
      freeram: 260811649024
      sharedram: 117612544
      bufferram: 82206720
      totalswap: 0
      freeswap: 0
      pagesize: 4096
      cpus: 128
      cpus-online: 128
      ticks-per-second: 100

metrics:
    - stressor: cpu
      bogo-ops: 1541796
      bogo-ops-per-second-usr-sys-time: 1205.040323
      bogo-ops-per-second-real-time: 154154.358692
      wall-clock-time: 10.001637
      user-time: 1279.324009
      system-time: 0.131932
      cpu-usage-per-instance: 99.941131
      max-rss: 3072

...
