BaselineInfo:
  WebDBID: -1
  TimeStamp: 20260617085314
Version:
  Major: 11
  Minor: 0
  Build: 1004
  SpecialBuildName: ""
  ptArchitecture: x86_64_linux
Results:
  Results Complete: true
  NumTestProcesses: 4
  CPU_INTEGER_MATH: 19179.111666666668
  CPU_FLOATINGPOINT_MATH: 10743.228364502631
  CPU_PRIME: 47.359068139717451
  CPU_SORTING: 11821.377876933348
  CPU_ENCRYPTION: 4852.5103236267969
  CPU_COMPRESSION: 80155.059559557441
  CPU_SINGLETHREAD: 2915.9824607838636
  CPU_PHYSICS: 947.48749948661759
  CPU_MATRIX_MULT_SSE: 5406.0727356191674
  CPU_mm: 514.20423038100125
  CPU_sse: 2260.4899990194526
  CPU_fma: 7090.1373052386225
  CPU_avx: 5848.0837815595351
  CPU_avx512: 6425.579856659062
  m_CPU_enc_SHA: 6790678194.4314423
  m_CPU_enc_AES: 4609397644.4285927
  m_CPU_enc_ECDSA: 3864601756.4618382
  ME_ALLOC_S: 2093.4291180735172
  ME_READ_S: 27857.102148437501
  ME_READ_L: 26614.56640625
  ME_WRITE: 26093.84375
  ME_LARGE: 7092.833333333333
  ME_LATENCY: 70.833662847943458
  ME_THREADED: 46635.552734375
  SUMM_CPU: 7636.0583576142371
  SUMM_ME: 2367.1464314164632
SystemInformation:
  OSName: Ubuntu 24.04.4 LTS
  Kernel: 6.8.0-117-generic
  Device: ""
  Processor: "AMD EPYC 9T34 64-Core Processor                "
  NumSockets: 1
  Manufacturer: AuthenticAMD
  NumCores: 2
  NumLogicals: 4
  CPUFrequency: 0
  CPUMaxFrequency: 0
  Memory: 15322
  CPUInfo:
    number: 1
    Family: 15
    Model: 1
    stepping: 1
    features: 395049983
    manufacture: AuthenticAMD
    typestring: "AMD EPYC 9T34 64-Core Processor                "
    iCoresPerPackage: 2
    iThreadsPerPackage: 2
    featuresEx:
      - 395049983
      - 4277809667
      - 802421759
    bHybrid: false
    nPCore: 0
    nLogicalsPerPCore: 0
    nECore: 0
    nLogicalsPerECore: 0
  MemModuleInfo:
    iNumMemSticks: 1
    DIMM 1:
      manufacturer: Alibaba Cloud
      modulePartNo: Not Specified
      memType: RAM
      size: 16
      clkspeed: 0
      moduleVoltage: 0
Checksum: 96E95587F6F75AC9841CF0EEBE1A351EFBD6D9A0