---
system-info:
      stress-ng-version: 0.17.08
      run-by: root
      date-yyyy-mm-dd: 2024:06:13
      time-hh-mm-ss: 13:41:22
      epoch-secs: 1718286082
      hostname: aeb9d07a9cc4
      sysname: Linux
      nodename: aeb9d07a9cc4
      release: 6.8.0-1008-aws
      version: '#8-Ubuntu SMP Sat Apr 20 02:43:14 UTC 2024'
      machine: aarch64
      compiler: 'musl-gcc 13.2.1'
      uptime: 167
      totalram: 3976568832
      freeram: 181858304
      sharedram: 35020800
      bufferram: 101167104
      totalswap: 0
      freeswap: 0
      pagesize: 4096
      cpus: 1
      cpus-online: 1
      ticks-per-second: 100

metrics:
    - stressor: cpu
      bogo-ops: 29909
      bogo-ops-per-second-usr-sys-time: 1519.121946
      bogo-ops-per-second-real-time: 1495.442085
      wall-clock-time: 20.000106
      user-time: 19.685369
      system-time: 0.002978
      cpu-usage-per-instance: 98.441214
      max-rss: 1320

...
