---
system-info:
      stress-ng-version: 0.17.08
      run-by: root
      date-yyyy-mm-dd: 2024:06:07
      time-hh-mm-ss: 22:41:56
      epoch-secs: 1717800116
      hostname: bd9ae0738aed
      sysname: Linux
      nodename: bd9ae0738aed
      release: 6.8.0-1008-aws
      version: '#8-Ubuntu SMP Sat Apr 20 02:43:14 UTC 2024'
      machine: aarch64
      compiler: 'musl-gcc 13.2.1'
      uptime: 162
      totalram: 3976560640
      freeram: 78090240
      sharedram: 35020800
      bufferram: 87306240
      totalswap: 0
      freeswap: 0
      pagesize: 4096
      cpus: 1
      cpus-online: 1
      ticks-per-second: 100

metrics:
    - stressor: cpu
      bogo-ops: 2872
      bogo-ops-per-second-usr-sys-time: 292.859629
      bogo-ops-per-second-real-time: 287.162824
      wall-clock-time: 10.001295
      user-time: 9.804764
      system-time: 0.001982
      cpu-usage-per-instance: 98.054766
      max-rss: 4136

...
