---
system-info:
      stress-ng-version: 0.17.08
      run-by: root
      date-yyyy-mm-dd: 2024:07:03
      time-hh-mm-ss: 08:34:26
      epoch-secs: 1719995666
      hostname: n2-standard-80-5523d9c
      sysname: Linux
      nodename: n2-standard-80-5523d9c
      release: 6.8.0-1009-gcp
      version: '#10-Ubuntu SMP Wed Jun 12 18:52:23 UTC 2024'
      machine: x86_64
      compiler: 'musl-gcc 13.2.1'
      uptime: 182
      totalram: 338077569024
      freeram: 331824939008
      sharedram: 70922240
      bufferram: 132304896
      totalswap: 0
      freeswap: 0
      pagesize: 4096
      cpus: 80
      cpus-online: 80
      ticks-per-second: 100

metrics:
    - stressor: cpu
      bogo-ops: 28229
      bogo-ops-per-second-usr-sys-time: 1411.610147
      bogo-ops-per-second-real-time: 1411.407651
      wall-clock-time: 20.000600
      user-time: 19.997731
      system-time: 0.000000
      cpu-usage-per-instance: 99.985655
      max-rss: 640

...
