BaselineInfo:
  WebDBID: -1
  TimeStamp: 20241107095852
Version:
  Major: 11
  Minor: 0
  Build: 1002
  SpecialBuildName: ""
  ptArchitecture: x86_64_linux
Results:
  Results Complete: true
  NumTestProcesses: 2
  CPU_INTEGER_MATH: 5606.846333333333
  CPU_FLOATINGPOINT_MATH: 3014.3363268721778
  CPU_PRIME: 12.224853965951592
  CPU_SORTING: 2965.5071926952637
  CPU_ENCRYPTION: 769.80649474693382
  CPU_COMPRESSION: 25243.224160224498
  CPU_SINGLETHREAD: 1748.3219987266571
  CPU_PHYSICS: 266.61240388107325
  CPU_MATRIX_MULT_SSE: 1447.0882354248079
  CPU_mm: 170.29978695246132
  CPU_sse: 604.11833408217126
  CPU_fma: 1813.4247020454195
  CPU_avx: 1280.5824634073438
  CPU_avx512: 2090.227442164296
  m_CPU_enc_SHA: 253854951.40216684
  m_CPU_enc_AES: 1943571489.1942492
  m_CPU_enc_ECDSA: 224175404.51086614
  ME_ALLOC_S: 663.15325674658459
  ME_READ_S: 21463.030468749999
  ME_READ_L: 11292.4951171875
  ME_WRITE: 8950.380859375
  ME_LARGE: 5978.916666666667
  ME_LATENCY: 59.855919182369668
  ME_THREADED: 11845.35498046875
  SUMM_CPU: 2004.5507737749988
  SUMM_ME: 1592.3586925727541
SystemInformation:
  OSName: Ubuntu 24.04.1 LTS
  Kernel: 6.8.0-1016-aws
  Device: ""
  Processor: Intel Xeon Platinum 8259CL CPU @ 2.50GHz
  NumSockets: 1
  Manufacturer: GenuineIntel
  NumCores: 1
  NumLogicals: 2
  CPUFrequency: 0
  Memory: 15788
  MemModuleInfo:
    iNumMemSticks: 1
    DIMM 1:
      manufacturer: Not Specified
      modulePartNo: Not Specified
      memType: DDR4
      size: 16
      clkspeed: 1600
      moduleVoltage: 0
Checksum: 5D4601662801E6BBF552E30B06FE77A4AF01CEE3