---
system-info:
      stress-ng-version: 0.17.08
      run-by: root
      date-yyyy-mm-dd: 2024:06:14
      time-hh-mm-ss: 21:41:12
      epoch-secs: 1718401272
      hostname: 4eb1fdab9149
      sysname: Linux
      nodename: 4eb1fdab9149
      release: 6.8.0-31-generic
      version: '#31-Ubuntu SMP PREEMPT_DYNAMIC Sat Apr 20 00:40:06 UTC 2024'
      machine: x86_64
      compiler: 'musl-gcc 13.2.1'
      uptime: 144
      totalram: 16373915648
      freeram: 12838375424
      sharedram: 17977344
      bufferram: 112582656
      totalswap: 0
      freeswap: 0
      pagesize: 4096
      cpus: 4
      cpus-online: 4
      ticks-per-second: 100

metrics:
    - stressor: cpu
      bogo-ops: 21047
      bogo-ops-per-second-usr-sys-time: 1052.703761
      bogo-ops-per-second-real-time: 1052.325500
      wall-clock-time: 20.000466
      user-time: 19.992279
      system-time: 0.001000
      cpu-usage-per-instance: 99.964068
      max-rss: 1104

...
