---
system-info:
      stress-ng-version: 0.17.08
      run-by: root
      date-yyyy-mm-dd: 2024:06:07
      time-hh-mm-ss: 21:12:27
      epoch-secs: 1717794747
      hostname: 0a051efceb13
      sysname: Linux
      nodename: 0a051efceb13
      release: 6.8.0-31-generic
      version: '#31-Ubuntu SMP PREEMPT_DYNAMIC Sat Apr 20 00:40:06 UTC 2024'
      machine: x86_64
      compiler: 'musl-gcc 13.2.1'
      uptime: 113
      totalram: 16373907456
      freeram: 12948316160
      sharedram: 17977344
      bufferram: 96468992
      totalswap: 0
      freeswap: 0
      pagesize: 4096
      cpus: 4
      cpus-online: 4
      ticks-per-second: 100

metrics:
    - stressor: cpu
      bogo-ops: 12140
      bogo-ops-per-second-usr-sys-time: 1213.861741
      bogo-ops-per-second-real-time: 1213.548844
      wall-clock-time: 10.003718
      user-time: 9.999139
      system-time: 0.002000
      cpu-usage-per-instance: 99.974223
      max-rss: 3920

...
