---
system-info:
      stress-ng-version: 0.17.08
      run-by: root
      date-yyyy-mm-dd: 2024:08:30
      time-hh-mm-ss: 17:20:52
      epoch-secs: 1725038452
      hostname: sc-runner
      sysname: Linux
      nodename: sc-runner
      release: 6.8.0-1013-azure
      version: '#15-Ubuntu SMP Thu Aug  8 18:40:40 UTC 2024'
      machine: x86_64
      compiler: 'musl-gcc 13.2.1'
      uptime: 326
      totalram: 16765030400
      freeram: 8264937472
      sharedram: 54894592
      bufferram: 202219520
      totalswap: 0
      freeswap: 0
      pagesize: 4096
      cpus: 4
      cpus-online: 4
      ticks-per-second: 100

metrics:
    - stressor: cpu
      bogo-ops: 77506
      bogo-ops-per-second-usr-sys-time: 972.472074
      bogo-ops-per-second-real-time: 3875.283369
      wall-clock-time: 20.000086
      user-time: 79.679985
      system-time: 0.019990
      cpu-usage-per-instance: 99.624541
      max-rss: 5300

...
