---
system-info:
      stress-ng-version: 0.17.08
      run-by: root
      date-yyyy-mm-dd: 2024:07:26
      time-hh-mm-ss: 05:45:49
      epoch-secs: 1721972749
      hostname: a2-ultragpu-2g-78f8e6d
      sysname: Linux
      nodename: a2-ultragpu-2g-78f8e6d
      release: 6.8.0-1010-gcp
      version: '#11-Ubuntu SMP Fri Jun 14 16:56:45 UTC 2024'
      machine: x86_64
      compiler: 'musl-gcc 13.2.1'
      uptime: 238
      totalram: 359040368640
      freeram: 350621483008
      sharedram: 41996288
      bufferram: 129273856
      totalswap: 0
      freeswap: 0
      pagesize: 4096
      cpus: 24
      cpus-online: 24
      ticks-per-second: 100

metrics:
    - stressor: cpu
      bogo-ops: 379028
      bogo-ops-per-second-usr-sys-time: 790.528495
      bogo-ops-per-second-real-time: 18951.281017
      wall-clock-time: 20.000126
      user-time: 479.414517
      system-time: 0.047011
      cpu-usage-per-instance: 99.887191
      max-rss: 1212

...
