---
system-info:
      stress-ng-version: 0.17.08
      run-by: root
      date-yyyy-mm-dd: 2024:06:21
      time-hh-mm-ss: 08:14:46
      epoch-secs: 1718957686
      hostname: 5097c43d47be
      sysname: Linux
      nodename: 5097c43d47be
      release: 6.8.0-1008-gcp
      version: '#9-Ubuntu SMP Wed May 22 18:09:04 UTC 2024'
      machine: x86_64
      compiler: 'musl-gcc 13.2.1'
      uptime: 157
      totalram: 67424706560
      freeram: 62297427968
      sharedram: 18251776
      bufferram: 133586944
      totalswap: 0
      freeswap: 0
      pagesize: 4096
      cpus: 8
      cpus-online: 8
      ticks-per-second: 100

metrics:
    - stressor: cpu
      bogo-ops: 215292
      bogo-ops-per-second-usr-sys-time: 1350.475640
      bogo-ops-per-second-real-time: 10764.560877
      wall-clock-time: 20.000073
      user-time: 159.390405
      system-time: 0.028983
      cpu-usage-per-instance: 99.636755
      max-rss: 1232

...
