BaselineInfo:
  WebDBID: -1
  TimeStamp: 20241108184323
Version:
  Major: 11
  Minor: 0
  Build: 1002
  SpecialBuildName: ""
  ptArchitecture: x86_64_linux
Results:
  Results Complete: true
  NumTestProcesses: 24
  CPU_INTEGER_MATH: 126312.33699999997
  CPU_FLOATINGPOINT_MATH: 104149.22822416802
  CPU_PRIME: 299.34155898507788
  CPU_SORTING: 73784.399710528567
  CPU_ENCRYPTION: 28150.102819084532
  CPU_COMPRESSION: 542941.19956264284
  CPU_SINGLETHREAD: 2438.6906551036873
  CPU_PHYSICS: 3973.4349599055577
  CPU_MATRIX_MULT_SSE: 43442.987240404567
  CPU_mm: 5714.264599144366
  CPU_sse: 18370.08590995508
  CPU_fma: 49585.09729188458
  CPU_avx: 39013.853805704799
  CPU_avx512: 66802.911954073803
  m_CPU_enc_SHA: 33035196626.499134
  m_CPU_enc_AES: 34106907164.099819
  m_CPU_enc_ECDSA: 21410462850.274193
  ME_ALLOC_S: 21057.230470921244
  ME_READ_S: 24506.959570312501
  ME_READ_L: 11983.7626953125
  ME_WRITE: 10995.1865234375
  ME_LARGE: 181698.08333333334
  ME_LATENCY: 58.921260060046649
  ME_THREADED: 152540.6591796875
  SUMM_CPU: 41766.88080298408
  SUMM_ME: 2659.0079818937415
SystemInformation:
  OSName: Ubuntu 24.04.1 LTS
  Kernel: 6.8.0-1017-azure
  Device: ""
  Processor: Intel Xeon Platinum 8370C CPU @ 2.80GHz
  NumSockets: 1
  Manufacturer: GenuineIntel
  NumCores: 24
  NumLogicals: 24
  CPUFrequency: 2800
  Memory: 193221
  MemModuleInfo:
    iNumMemSticks: 4
    DIMM 1:
      manufacturer: Microsoft Corporation
      modulePartNo: None
      memType: Unknown
      size: 1
      clkspeed: 0
      moduleVoltage: 0
    DIMM 2:
      manufacturer: Microsoft Corporation
      modulePartNo: None
      memType: Unknown
      size: 60928
      clkspeed: 0
      moduleVoltage: 0
    DIMM 3:
      manufacturer: Microsoft Corporation
      modulePartNo: None
      memType: Unknown
      size: 134656
      clkspeed: 0
      moduleVoltage: 0
    DIMM 4:
      manufacturer: Microsoft Corporation
      modulePartNo: None
      memType: Unknown
      size: 120
      clkspeed: 0
      moduleVoltage: 0
Checksum: EFFC98A6C4E4674DF5368D772508FCBF5C98D836