BaselineInfo:
  WebDBID: -1
  TimeStamp: 20260619180725
Version:
  Major: 11
  Minor: 0
  Build: 1004
  SpecialBuildName: ""
  ptArchitecture: x86_64_linux
Results:
  Results Complete: true
  NumTestProcesses: 8
  CPU_INTEGER_MATH: 43575.587333333329
  CPU_FLOATINGPOINT_MATH: 31171.741156836986
  CPU_PRIME: 95.324202421182662
  CPU_SORTING: 22289.919961507243
  CPU_ENCRYPTION: 9513.9239051893928
  CPU_COMPRESSION: 170646.87416957587
  CPU_SINGLETHREAD: 3525.9449031315867
  CPU_PHYSICS: 2061.8630401814371
  CPU_MATRIX_MULT_SSE: 11605.990519911144
  CPU_mm: 1229.1791802436119
  CPU_sse: 5328.4727914420309
  CPU_fma: 14012.589046656371
  CPU_avx: 10577.419933276309
  CPU_avx512: 16505.480308269864
  m_CPU_enc_SHA: 9815763344.6154156
  m_CPU_enc_AES: 13071010921.767555
  m_CPU_enc_ECDSA: 7041442552.0406504
  ME_ALLOC_S: 4504.4174378556145
  ME_READ_S: 29810.513671875
  ME_READ_L: 22101.794921875
  ME_WRITE: 8373.0244140625
  ME_LARGE: 7791.416666666667
  ME_LATENCY: 76.53951120281566
  ME_THREADED: 94135.2705078125
  SUMM_CPU: 16352.948267700645
  SUMM_ME: 2214.9160567545014
SystemInformation:
  OSName: Ubuntu 24.04.4 LTS
  Kernel: 6.17.0-1018-azure
  Device: ""
  Processor: Intel(R) Xeon(R) 6973P-C
  NumSockets: 1
  Manufacturer: GenuineIntel
  NumCores: 4
  NumLogicals: 8
  CPUFrequency: 2600
  CPUMaxFrequency: 2600
  Memory: 15987
  CPUInfo:
    number: 1
    Family: 6
    Model: 13
    stepping: 1
    features: 529267711
    manufacture: GenuineIntel
    typestring: Intel(R) Xeon(R) 6973P-C
    iCoresPerPackage: 4
    iThreadsPerPackage: 2
    featuresEx:
      - 529267711
      - 4294586915
      - 739248128
    bHybrid: false
    nPCore: 0
    nLogicalsPerPCore: 0
    nECore: 0
    nLogicalsPerECore: 0
  MemModuleInfo:
    iNumMemSticks: 2
    DIMM 1:
      manufacturer: Microsoft Corporation
      modulePartNo: None
      memType: Unknown
      size: 1
      clkspeed: 0
      moduleVoltage: 0
    DIMM 2:
      manufacturer: Microsoft Corporation
      modulePartNo: None
      memType: Unknown
      size: 15
      clkspeed: 0
      moduleVoltage: 0
Checksum: E70456DF9C30B9798B74FE35C8574C7E7E23B597