---
system-info:
      stress-ng-version: 0.17.08
      run-by: root
      date-yyyy-mm-dd: 2024:06:07
      time-hh-mm-ss: 21:22:18
      epoch-secs: 1717795338
      hostname: 6ae53d8b2262
      sysname: Linux
      nodename: 6ae53d8b2262
      release: 6.8.0-1008-aws
      version: '#8-Ubuntu SMP Sat Apr 20 02:43:14 UTC 2024'
      machine: aarch64
      compiler: 'musl-gcc 13.2.1'
      uptime: 148
      totalram: 65935773696
      freeram: 61586112512
      sharedram: 34951168
      bufferram: 92790784
      totalswap: 0
      freeswap: 0
      pagesize: 4096
      cpus: 16
      cpus-online: 16
      ticks-per-second: 100

metrics:
    - stressor: cpu
      bogo-ops: 2940
      bogo-ops-per-second-usr-sys-time: 292.479865
      bogo-ops-per-second-real-time: 292.482194
      wall-clock-time: 10.051894
      user-time: 10.050975
      system-time: 0.000999
      cpu-usage-per-instance: 100.000796
      max-rss: 4008

...
