---
system-info:
      stress-ng-version: 0.17.08
      run-by: root
      date-yyyy-mm-dd: 2024:06:13
      time-hh-mm-ss: 12:37:38
      epoch-secs: 1718282258
      hostname: 72f6a839f9f5
      sysname: Linux
      nodename: 72f6a839f9f5
      release: 6.8.0-1008-aws
      version: '#8-Ubuntu SMP Sat Apr 20 02:43:14 UTC 2024'
      machine: aarch64
      compiler: 'musl-gcc 13.2.1'
      uptime: 148
      totalram: 65935773696
      freeram: 61523021824
      sharedram: 34951168
      bufferram: 106475520
      totalswap: 0
      freeswap: 0
      pagesize: 4096
      cpus: 16
      cpus-online: 16
      ticks-per-second: 100

metrics:
    - stressor: cpu
      bogo-ops: 30393
      bogo-ops-per-second-usr-sys-time: 1519.623331
      bogo-ops-per-second-real-time: 1519.642319
      wall-clock-time: 20.000101
      user-time: 19.999352
      system-time: 0.000999
      cpu-usage-per-instance: 100.001250
      max-rss: 1192

...
