BaselineInfo:
  WebDBID: -1
  TimeStamp: 20250401042838
Version:
  Major: 11
  Minor: 0
  Build: 1002
  SpecialBuildName: ""
  ptArchitecture: x86_64_linux
Results:
  Results Complete: true
  NumTestProcesses: 192
  CPU_INTEGER_MATH: 762586.78900000034
  CPU_FLOATINGPOINT_MATH: 540249.29649069579
  CPU_PRIME: 1512.2847214680341
  CPU_SORTING: 369506.41395485861
  CPU_ENCRYPTION: 167885.37723652305
  CPU_COMPRESSION: 2710050.2916105348
  CPU_SINGLETHREAD: 2922.1140863076525
  CPU_PHYSICS: 22601.366658554391
  CPU_MATRIX_MULT_SSE: 213274.99674945505
  CPU_mm: 20829.733858786592
  CPU_sse: 89625.84288245342
  CPU_fma: 233480.2497551855
  CPU_avx: 182865.77143870943
  CPU_avx512: 347128.12292147189
  m_CPU_enc_SHA: 177133314634.93069
  m_CPU_enc_AES: 230611578614.78876
  m_CPU_enc_ECDSA: 120376838713.77402
  ME_ALLOC_S: 34485.710579813633
  ME_READ_S: 26815.950585937499
  ME_READ_L: 10657.0400390625
  ME_WRITE: 10355.7392578125
  ME_LARGE: 757530.91666666663
  ME_LATENCY: 56.556221122371873
  ME_THREADED: 722358.55078125
  SUMM_CPU: 123256.32919360857
  SUMM_ME: 2733.0615384104531
SystemInformation:
  OSName: Ubuntu 24.04.1 LTS
  Kernel: 6.8.0-1021-azure
  Device: ""
  Processor: INTEL XEON PLATINUM 8573C
  NumSockets: 2
  Manufacturer: GenuineIntel
  NumCores: 96
  NumLogicals: 192
  CPUFrequency: 2300
  Memory: 773959
  MemModuleInfo:
    iNumMemSticks: 6
    DIMM 1:
      manufacturer: Microsoft Corporation
      modulePartNo: None
      memType: Unknown
      size: 1
      clkspeed: 0
      moduleVoltage: 0
    DIMM 2:
      manufacturer: Microsoft Corporation
      modulePartNo: None
      memType: Unknown
      size: 59
      clkspeed: 0
      moduleVoltage: 0
    DIMM 3:
      manufacturer: Microsoft Corporation
      modulePartNo: None
      memType: Unknown
      size: 132
      clkspeed: 0
      moduleVoltage: 0
    DIMM 4:
      manufacturer: Microsoft Corporation
      modulePartNo: None
      memType: Unknown
      size: 192
      clkspeed: 0
      moduleVoltage: 0
    DIMM 5:
      manufacturer: Microsoft Corporation
      modulePartNo: None
      memType: Unknown
      size: 192
      clkspeed: 0
      moduleVoltage: 0
    DIMM 6:
      manufacturer: Microsoft Corporation
      modulePartNo: None
      memType: Unknown
      size: 192
      clkspeed: 0
      moduleVoltage: 0
Checksum: 02DA13554C64D915D501F8C76942051756337828