BaselineInfo:
  WebDBID: -1
  TimeStamp: 20241109085037
Version:
  Major: 11
  Minor: 0
  Build: 1002
  SpecialBuildName: ""
  ptArchitecture: x86_64_linux
Results:
  Results Complete: true
  NumTestProcesses: 32
  CPU_INTEGER_MATH: 133716.07499999998
  CPU_FLOATINGPOINT_MATH: 68450.775608692798
  CPU_PRIME: 146.96135287101606
  CPU_SORTING: 64927.343376051336
  CPU_ENCRYPTION: 27473.959931899051
  CPU_COMPRESSION: 465261.18692517746
  CPU_SINGLETHREAD: 2360.8770248046999
  CPU_PHYSICS: 3237.541996558733
  CPU_MATRIX_MULT_SSE: 28230.276134402186
  CPU_mm: 2885.9162157706387
  CPU_sse: 12707.869856823036
  CPU_fma: 34903.693199959591
  CPU_avx: 25769.019389433277
  CPU_avx512: 39540.522091392806
  m_CPU_enc_SHA: 27811773309.83017
  m_CPU_enc_AES: 41366634004.485428
  m_CPU_enc_ECDSA: 17247197714.337318
  ME_ALLOC_S: 14110.689673027322
  ME_READ_S: 23727.219921874999
  ME_READ_L: 8394.796875
  ME_WRITE: 9128.708984375
  ME_LARGE: 116061.33333333333
  ME_LATENCY: 71.877899641315238
  ME_THREADED: 118920.28173828125
  SUMM_CPU: 35392.934183806741
  SUMM_ME: 2172.4884145375372
SystemInformation:
  OSName: Ubuntu 24.04.1 LTS
  Kernel: 6.8.0-1016-aws
  Device: ""
  Processor: Intel Xeon Platinum 8375C CPU @ 2.90GHz
  NumSockets: 1
  Manufacturer: GenuineIntel
  NumCores: 16
  NumLogicals: 32
  CPUFrequency: 0
  Memory: 126756
  MemModuleInfo:
    iNumMemSticks: 1
    DIMM 1:
      manufacturer: Not Specified
      modulePartNo: Not Specified
      memType: DDR4
      size: 128
      clkspeed: 1600
      moduleVoltage: 0
Checksum: AF65F7AD02DC4408A4997294ABD880B0874675DA