BaselineInfo:
  WebDBID: -1
  TimeStamp: 20260403024939
Version:
  Major: 11
  Minor: 0
  Build: 1004
  SpecialBuildName: ""
  ptArchitecture: aarch64_linux
Results:
  Results Complete: true
  NumTestProcesses: 1
  CPU_INTEGER_MATH: 5382.9359999999997
  CPU_FLOATINGPOINT_MATH: 4480.1853824811142
  CPU_PRIME: 11.454588141224873
  CPU_SORTING: 4198.2543495423552
  CPU_ENCRYPTION: 157.91820081500251
  CPU_COMPRESSION: 5074.1740784691374
  CPU_SINGLETHREAD: 1485.6244237088001
  CPU_PHYSICS: 265.2493132971731
  CPU_MATRIX_MULT_SSE: 763.6554944247946
  CPU_mm: 122.78245107261554
  CPU_sse: 643.62495462367406
  CPU_fma: 883.68603422591525
  CPU_avx: 0
  CPU_avx512: 0
  m_CPU_enc_SHA: 234695690.10825625
  m_CPU_enc_AES: 103188725.54294349
  m_CPU_enc_ECDSA: 158883290.36217645
  ME_ALLOC_S: 1003.8379714461084
  ME_READ_S: 21658.936132812501
  ME_READ_L: 15883.7802734375
  ME_WRITE: 20612.341796875
  ME_LARGE: 754
  ME_LATENCY: 68.218249010829297
  ME_THREADED: 15967.5
  SUMM_CPU: 829.36622839461882
  SUMM_ME: 1089.1413791147233
SystemInformation:
  OSName: Ubuntu 24.04.4 LTS
  Kernel: 6.8.0-106-generic
  Device: ""
  Processor: ARM Neoverse-N2 1 Core 3000 MHz
  NumSockets: 1
  Manufacturer: ARM
  NumCores: 1
  NumLogicals: 1
  CPUFrequency: 3000
  CPUMaxFrequency: 3000
  Memory: 7343
Checksum: D4516AB1D8D9D2BAA3B1FE6933817EA23AF9314C