BaselineInfo:
  WebDBID: -1
  TimeStamp: 20241107191658
Version:
  Major: 11
  Minor: 0
  Build: 1002
  SpecialBuildName: ""
  ptArchitecture: x86_64_linux
Results:
  Results Complete: true
  NumTestProcesses: 8
  CPU_INTEGER_MATH: 34282.089666666667
  CPU_FLOATINGPOINT_MATH: 24376.315751514179
  CPU_PRIME: 64.745708006336883
  CPU_SORTING: 17125.298737127621
  CPU_ENCRYPTION: 7640.5738485954662
  CPU_COMPRESSION: 125265.13038324057
  CPU_SINGLETHREAD: 2638.9405274319183
  CPU_PHYSICS: 1569.4361087874918
  CPU_MATRIX_MULT_SSE: 8154.086897318497
  CPU_mm: 944.85948916945074
  CPU_sse: 4102.9760998225102
  CPU_fma: 9454.511790614124
  CPU_avx: 7424.0599393554448
  CPU_avx512: 11634.799759481912
  m_CPU_enc_SHA: 8054529399.3082876
  m_CPU_enc_AES: 10419921545.002079
  m_CPU_enc_ECDSA: 5560716147.2841549
  ME_ALLOC_S: 3826.799682816476
  ME_READ_S: 24091.086523437501
  ME_READ_L: 8702.1640625
  ME_WRITE: 12162.736328125
  ME_LARGE: 5791.75
  ME_LATENCY: 85.516081072822701
  ME_THREADED: 45529.8125
  SUMM_CPU: 12373.163110157611
  SUMM_ME: 1782.2147609906972
SystemInformation:
  OSName: Ubuntu 24.04.1 LTS
  Kernel: 6.8.0-1016-aws
  Device: ""
  Processor: Intel Xeon Platinum 8488C
  NumSockets: 1
  Manufacturer: GenuineIntel
  NumCores: 4
  NumLogicals: 8
  CPUFrequency: 0
  Memory: 15704
  MemModuleInfo:
    iNumMemSticks: 1
    DIMM 1:
      manufacturer: Not Specified
      modulePartNo: Not Specified
      memType: DDR5
      size: 16
      clkspeed: 2400
      moduleVoltage: 0
Checksum: 919F143C40280644E936952866E8C6B346F4B85E