BaselineInfo:
  WebDBID: -1
  TimeStamp: 20260403211142
Version:
  Major: 11
  Minor: 0
  Build: 1004
  SpecialBuildName: ""
  ptArchitecture: x86_64_linux
Results:
  Results Complete: true
  NumTestProcesses: 2
  CPU_INTEGER_MATH: 6362.6176666666661
  CPU_FLOATINGPOINT_MATH: 4791.9708737216779
  CPU_PRIME: 20.919821327202492
  CPU_SORTING: 4337.3654697130369
  CPU_ENCRYPTION: 821.33263157683086
  CPU_COMPRESSION: 33431.46650097004
  CPU_SINGLETHREAD: 1651.3413248520485
  CPU_PHYSICS: 336.43580297662817
  CPU_MATRIX_MULT_SSE: 2615.9965959520841
  CPU_mm: 286.7832118532433
  CPU_sse: 1085.6148049873573
  CPU_fma: 3608.3762733250451
  CPU_avx: 2442.2500357555514
  CPU_avx512: 3327.7452697403824
  m_CPU_enc_SHA: 449521889.93547547
  m_CPU_enc_AES: 1739200545.9350095
  m_CPU_enc_ECDSA: 394966620.59443605
  ME_ALLOC_S: 558.33835474563784
  ME_READ_S: 18901.126562500001
  ME_READ_L: 6171.27197265625
  ME_WRITE: 6705.0673828125
  ME_LARGE: 1033.5833333333333
  ME_LATENCY: 76.807558529914743
  ME_THREADED: 12676.53271484375
  SUMM_CPU: 2646.4187956841997
  SUMM_ME: 963.83471034207719
SystemInformation:
  OSName: Ubuntu 24.04.4 LTS
  Kernel: 6.8.0-106-generic
  Device: ""
  Processor: Intel(R) Xeon(R) Platinum 8269CY CPU @ 2.50GHz
  NumSockets: 1
  Manufacturer: GenuineIntel
  NumCores: 1
  NumLogicals: 2
  CPUFrequency: 0
  CPUMaxFrequency: 0
  Memory: 7556
  CPUInfo:
    number: 1
    Family: 6
    Model: 5
    stepping: 7
    features: 529267711
    manufacture: GenuineIntel
    typestring: Intel(R) Xeon(R) Platinum 8269CY CPU @ 2.50GHz
    iCoresPerPackage: 1
    iThreadsPerPackage: 2
    featuresEx:
      - 529267711
      - 4277809667
      - 739248128
    bHybrid: false
    nPCore: 0
    nLogicalsPerPCore: 0
    nECore: 0
    nLogicalsPerECore: 0
  MemModuleInfo:
    iNumMemSticks: 1
    DIMM 1:
      manufacturer: Alibaba Cloud
      modulePartNo: Not Specified
      memType: RAM
      size: 8
      clkspeed: 0
      moduleVoltage: 0
Checksum: 075276EC3C2778AB9B87E9B5FBCA522932839B24