BaselineInfo:
  WebDBID: -1
  TimeStamp: 20241108032145
Version:
  Major: 11
  Minor: 0
  Build: 1002
  SpecialBuildName: ""
  ptArchitecture: x86_64_linux
Results:
  Results Complete: true
  NumTestProcesses: 8
  CPU_INTEGER_MATH: 22605.098333333332
  CPU_FLOATINGPOINT_MATH: 12138.153725539261
  CPU_PRIME: 42.746462517014919
  CPU_SORTING: 11903.031484283842
  CPU_ENCRYPTION: 3115.4888650532575
  CPU_COMPRESSION: 100986.0489373704
  CPU_SINGLETHREAD: 1810.9989043122603
  CPU_PHYSICS: 866.7192636609384
  CPU_MATRIX_MULT_SSE: 6035.1034554528705
  CPU_mm: 687.59251031782901
  CPU_sse: 2460.0451530621858
  CPU_fma: 7307.1696566151222
  CPU_avx: 5164.7624698347918
  CPU_avx512: 9208.4365422993833
  m_CPU_enc_SHA: 1022679553.0837234
  m_CPU_enc_AES: 7863162881.7834845
  m_CPU_enc_ECDSA: 914638121.61904705
  ME_ALLOC_S: 2710.9816527350758
  ME_READ_S: 22267.486914062501
  ME_READ_L: 10241.6240234375
  ME_WRITE: 9805.740234375
  ME_LARGE: 21619.833333333332
  ME_LATENCY: 55.069715646261045
  ME_THREADED: 45785.85009765625
  SUMM_CPU: 7659.8877899445415
  SUMM_ME: 2280.6478573694703
SystemInformation:
  OSName: Ubuntu 24.04.1 LTS
  Kernel: 6.8.0-1016-aws
  Device: ""
  Processor: Intel Xeon Platinum 8259CL CPU @ 2.50GHz
  NumSockets: 1
  Manufacturer: GenuineIntel
  NumCores: 4
  NumLogicals: 8
  CPUFrequency: 0
  Memory: 31722
  MemModuleInfo:
    iNumMemSticks: 1
    DIMM 1:
      manufacturer: Not Specified
      modulePartNo: Not Specified
      memType: DDR4
      size: 32
      clkspeed: 1333
      moduleVoltage: 0
Checksum: F5014252279CA76DEBA6789621184D84FE5231BA