---
system-info:
      stress-ng-version: 0.17.08
      run-by: root
      date-yyyy-mm-dd: 2024:08:17
      time-hh-mm-ss: 16:29:45
      epoch-secs: 1723912185
      hostname: ip-172-31-16-35
      sysname: Linux
      nodename: ip-172-31-16-35
      release: 6.8.0-1013-aws
      version: '#14-Ubuntu SMP Thu Jul 25 21:19:24 UTC 2024'
      machine: x86_64
      compiler: 'musl-gcc 13.2.1'
      uptime: 439
      totalram: 400217128960
      freeram: 391775858688
      sharedram: 37314560
      bufferram: 192155648
      totalswap: 0
      freeswap: 0
      pagesize: 4096
      cpus: 48
      cpus-online: 48
      ticks-per-second: 100

metrics:
    - stressor: cpu
      bogo-ops: 59864
      bogo-ops-per-second-usr-sys-time: 2993.216612
      bogo-ops-per-second-real-time: 2993.192935
      wall-clock-time: 20.000047
      user-time: 19.998890
      system-time: 0.000999
      cpu-usage-per-instance: 99.999209
      max-rss: 1152

...
