---
system-info:
      stress-ng-version: 0.17.08
      run-by: root
      date-yyyy-mm-dd: 2024:06:15
      time-hh-mm-ss: 21:41:26
      epoch-secs: 1718487686
      hostname: e24e9d50c6a3
      sysname: Linux
      nodename: e24e9d50c6a3
      release: 6.8.0-1008-aws
      version: '#8-Ubuntu SMP Sat Apr 20 00:46:25 UTC 2024'
      machine: x86_64
      compiler: 'musl-gcc 13.2.1'
      uptime: 161
      totalram: 532331941888
      freeram: 527353643008
      sharedram: 60116992
      bufferram: 110546944
      totalswap: 0
      freeswap: 0
      pagesize: 4096
      cpus: 64
      cpus-online: 64
      ticks-per-second: 100

metrics:
    - stressor: cpu
      bogo-ops: 37845
      bogo-ops-per-second-usr-sys-time: 1892.223320
      bogo-ops-per-second-real-time: 1892.243774
      wall-clock-time: 20.000066
      user-time: 20.000282
      system-time: 0.000000
      cpu-usage-per-instance: 100.001081
      max-rss: 512

...
