---
system-info:
      stress-ng-version: 0.17.08
      run-by: root
      date-yyyy-mm-dd: 2024:06:09
      time-hh-mm-ss: 19:18:11
      epoch-secs: 1717960691
      hostname: 347037fd4f0a
      sysname: Linux
      nodename: 347037fd4f0a
      release: 6.8.0-1008-aws
      version: '#8-Ubuntu SMP Sat Apr 20 00:46:25 UTC 2024'
      machine: x86_64
      compiler: 'musl-gcc 13.2.1'
      uptime: 149
      totalram: 532331941888
      freeram: 527404081152
      sharedram: 60116992
      bufferram: 111280128
      totalswap: 0
      freeswap: 0
      pagesize: 4096
      cpus: 64
      cpus-online: 64
      ticks-per-second: 100

metrics:
    - stressor: cpu
      bogo-ops: 16776
      bogo-ops-per-second-usr-sys-time: 1677.601678
      bogo-ops-per-second-real-time: 1677.599240
      wall-clock-time: 10.000005
      user-time: 9.999990
      system-time: 0.000000
      cpu-usage-per-instance: 99.999855
      max-rss: 3584

...
