BaselineInfo:
  WebDBID: -1
  TimeStamp: 20241107104130
Version:
  Major: 11
  Minor: 0
  Build: 1002
  SpecialBuildName: ""
  ptArchitecture: x86_64_linux
Results:
  Results Complete: true
  NumTestProcesses: 4
  CPU_INTEGER_MATH: 16608.816999999999
  CPU_FLOATINGPOINT_MATH: 9197.3864656089736
  CPU_PRIME: 39.122374217292574
  CPU_SORTING: 9186.0395231188104
  CPU_ENCRYPTION: 4322.8453838500145
  CPU_COMPRESSION: 64715.750971288035
  CPU_SINGLETHREAD: 2397.0430196837442
  CPU_PHYSICS: 751.90739882837067
  CPU_MATRIX_MULT_SSE: 3615.9755248133933
  CPU_mm: 449.3526480038459
  CPU_sse: 1892.4595312261572
  CPU_fma: 5196.4927659881969
  CPU_avx: 3758.9742772258269
  CPU_avx512: 0
  m_CPU_enc_SHA: 6265979496.2290325
  m_CPU_enc_AES: 4007136332.8647437
  m_CPU_enc_ECDSA: 3325379934.5539641
  ME_ALLOC_S: 1793.5656893319206
  ME_READ_S: 24403.647851562499
  ME_READ_L: 19229.20703125
  ME_WRITE: 18984.548828125
  ME_LARGE: 22165
  ME_LATENCY: 63.108365638085992
  ME_THREADED: 37142.72265625
  SUMM_CPU: 6191.1550600650216
  SUMM_ME: 2450.0487864538336
SystemInformation:
  OSName: Ubuntu 24.04.1 LTS
  Kernel: 6.8.0-1017-azure
  Device: ""
  Processor: AMD EPYC 7763 64-Core Processor
  NumSockets: 1
  Manufacturer: AuthenticAMD
  NumCores: 2
  NumLogicals: 4
  CPUFrequency: 0
  Memory: 32093
  MemModuleInfo:
    iNumMemSticks: 2
    DIMM 1:
      manufacturer: Microsoft Corporation
      modulePartNo: None
      memType: Unknown
      size: 1
      clkspeed: 0
      moduleVoltage: 0
    DIMM 2:
      manufacturer: Microsoft Corporation
      modulePartNo: None
      memType: Unknown
      size: 31
      clkspeed: 0
      moduleVoltage: 0
Checksum: 2F306D9FFD510C54340BA51121BFEF76953D7519