---
system-info:
      stress-ng-version: 0.17.08
      run-by: root
      date-yyyy-mm-dd: 2024:07:02
      time-hh-mm-ss: 14:51:45
      epoch-secs: 1719931905
      hostname: c3-highmem-22-77078e1
      sysname: Linux
      nodename: c3-highmem-22-77078e1
      release: 6.8.0-1009-gcp
      version: '#10-Ubuntu SMP Wed Jun 12 18:52:23 UTC 2024'
      machine: x86_64
      compiler: 'musl-gcc 13.2.1'
      uptime: 135
      totalram: 185697955840
      freeram: 180357349376
      sharedram: 111570944
      bufferram: 128413696
      totalswap: 0
      freeswap: 0
      pagesize: 4096
      cpus: 22
      cpus-online: 22
      ticks-per-second: 100

metrics:
    - stressor: cpu
      bogo-ops: 32477
      bogo-ops-per-second-usr-sys-time: 1623.854953
      bogo-ops-per-second-real-time: 1623.845373
      wall-clock-time: 20.000057
      user-time: 19.999939
      system-time: 0.000000
      cpu-usage-per-instance: 99.999410
      max-rss: 1060

...
