---
system-info:
      stress-ng-version: 0.17.08
      run-by: root
      date-yyyy-mm-dd: 2024:06:16
      time-hh-mm-ss: 07:56:14
      epoch-secs: 1718524574
      hostname: 98fa11b8b56a
      sysname: Linux
      nodename: 98fa11b8b56a
      release: 6.8.0-1008-aws
      version: '#8-Ubuntu SMP Sat Apr 20 00:46:25 UTC 2024'
      machine: x86_64
      compiler: 'musl-gcc 13.2.1'
      uptime: 114
      totalram: 200461893632
      freeram: 195897110528
      sharedram: 29401088
      bufferram: 110071808
      totalswap: 0
      freeswap: 0
      pagesize: 4096
      cpus: 24
      cpus-online: 24
      ticks-per-second: 100

metrics:
    - stressor: cpu
      bogo-ops: 524669
      bogo-ops-per-second-usr-sys-time: 1093.786773
      bogo-ops-per-second-real-time: 26233.336976
      wall-clock-time: 20.000086
      user-time: 479.654257
      system-time: 0.026987
      cpu-usage-per-instance: 99.933162
      max-rss: 1020

...
