---
system-info:
      stress-ng-version: 0.17.08
      run-by: root
      date-yyyy-mm-dd: 2024:06:10
      time-hh-mm-ss: 05:40:43
      epoch-secs: 1717998043
      hostname: 13836a039f7d
      sysname: Linux
      nodename: 13836a039f7d
      release: 6.8.0-1008-aws
      version: '#8-Ubuntu SMP Sat Apr 20 00:46:25 UTC 2024'
      machine: x86_64
      compiler: 'musl-gcc 13.2.1'
      uptime: 109
      totalram: 200461889536
      freeram: 195691200512
      sharedram: 29392896
      bufferram: 114954240
      totalswap: 0
      freeswap: 0
      pagesize: 4096
      cpus: 24
      cpus-online: 24
      ticks-per-second: 100

metrics:
    - stressor: cpu
      bogo-ops: 306237
      bogo-ops-per-second-usr-sys-time: 1277.182469
      bogo-ops-per-second-real-time: 30618.796134
      wall-clock-time: 10.001602
      user-time: 239.743460
      system-time: 0.031989
      cpu-usage-per-instance: 99.890439
      max-rss: 3900

...
