BaselineInfo:
  WebDBID: -1
  TimeStamp: 20260619213641
Version:
  Major: 11
  Minor: 0
  Build: 1004
  SpecialBuildName: ""
  ptArchitecture: x86_64_linux
Results:
  Results Complete: true
  NumTestProcesses: 8
  CPU_INTEGER_MATH: 59831.297666666665
  CPU_FLOATINGPOINT_MATH: 60097.335051166985
  CPU_PRIME: 204.6630927897107
  CPU_SORTING: 34282.630794424644
  CPU_ENCRYPTION: 12405.135959079887
  CPU_COMPRESSION: 251568.61117048695
  CPU_SINGLETHREAD: 3784.2721187416764
  CPU_PHYSICS: 2788.3244235673342
  CPU_MATRIX_MULT_SSE: 22277.890034247426
  CPU_mm: 2611.2283683684332
  CPU_sse: 8139.2480328512193
  CPU_fma: 31326.884839529594
  CPU_avx: 16099.824864298027
  CPU_avx512: 33545.602400310869
  m_CPU_enc_SHA: 17419597704.438248
  m_CPU_enc_AES: 10922943691.958908
  m_CPU_enc_ECDSA: 10680642133.887299
  ME_ALLOC_S: 9992.3476244860158
  ME_READ_S: 33614.865234375
  ME_READ_L: 29417.646484375
  ME_WRITE: 30178.814453125
  ME_LARGE: 55866.25
  ME_LATENCY: 81.008026748988371
  ME_THREADED: 53997.13818359375
  SUMM_CPU: 24622.29772096204
  SUMM_ME: 2695.467239807982
SystemInformation:
  OSName: Ubuntu 24.04.4 LTS
  Kernel: 6.17.0-1018-azure
  Device: ""
  Processor: "AMD EPYC 9V45 96-Core Processor                "
  NumSockets: 1
  Manufacturer: AuthenticAMD
  NumCores: 8
  NumLogicals: 8
  CPUFrequency: 0
  CPUMaxFrequency: 0
  Memory: 64300
  CPUInfo:
    number: 1
    Family: 15
    Model: 2
    stepping: 1
    features: 395049983
    manufacture: AuthenticAMD
    typestring: "AMD EPYC 9V45 96-Core Processor                "
    iCoresPerPackage: 8
    iThreadsPerPackage: 1
    featuresEx:
      - 395049983
      - 4277809667
      - 802421759
    bHybrid: false
    nPCore: 0
    nLogicalsPerPCore: 0
    nECore: 0
    nLogicalsPerECore: 0
  MemModuleInfo:
    iNumMemSticks: 3
    DIMM 1:
      manufacturer: Microsoft Corporation
      modulePartNo: None
      memType: Unknown
      size: 1
      clkspeed: 0
      moduleVoltage: 0
    DIMM 2:
      manufacturer: Microsoft Corporation
      modulePartNo: None
      memType: Unknown
      size: 59
      clkspeed: 0
      moduleVoltage: 0
    DIMM 3:
      manufacturer: Microsoft Corporation
      modulePartNo: None
      memType: Unknown
      size: 4
      clkspeed: 0
      moduleVoltage: 0
Checksum: D705543CCA68756E17F31D70560B023EDB3009C8