BaselineInfo:
  WebDBID: -1
  TimeStamp: 20241115114808
Version:
  Major: 11
  Minor: 0
  Build: 1002
  SpecialBuildName: ""
  ptArchitecture: aarch64_linux
Results:
  Results Complete: true
  NumTestProcesses: 2
  CPU_INTEGER_MATH: 12527.666000000001
  CPU_FLOATINGPOINT_MATH: 10523.934923168263
  CPU_PRIME: 26.549301992003279
  CPU_SORTING: 10005.04832608811
  CPU_ENCRYPTION: 370.46386115520659
  CPU_COMPRESSION: 13555.351610714135
  CPU_SINGLETHREAD: 1879.5759106819066
  CPU_PHYSICS: 630.76165582614863
  CPU_MATRIX_MULT_SSE: 1777.5609642195607
  CPU_mm: 285.98551919968361
  CPU_sse: 1498.9551745571916
  CPU_fma: 2056.1667538819297
  CPU_avx: 0
  CPU_avx512: 0
  m_CPU_enc_SHA: 550650756.88757801
  m_CPU_enc_AES: 244694097.20026106
  m_CPU_enc_ECDSA: 370033686.93620658
  ME_ALLOC_S: 2425.1075115725689
  ME_READ_S: 25564.101367187501
  ME_READ_L: 17958.244140625
  ME_WRITE: 25562.208984375
  ME_LARGE: 521.5
  ME_LATENCY: 55.256541467404446
  ME_THREADED: 35126.822265625
  SUMM_CPU: 2007.9696424881975
  SUMM_ME: 1025.9616307900699
SystemInformation:
  OSName: Ubuntu 24.04.1 LTS
  Kernel: 6.8.0-1017-azure
  Device: ""
  Processor: ARM Neoverse-N2 2 Core 0 MHz
  NumSockets: 1
  Manufacturer: ARM
  NumCores: 2
  NumLogicals: 2
  CPUFrequency: 0
  Memory: 7923
Checksum: 67EBD1B7D7E60D9A367FA06289C5525DD63A4BE3