BaselineInfo:
  WebDBID: -1
  TimeStamp: 20241114193527
Version:
  Major: 11
  Minor: 0
  Build: 1002
  SpecialBuildName: ""
  ptArchitecture: aarch64_linux
Results:
  Results Complete: true
  NumTestProcesses: 2
  CPU_INTEGER_MATH: 12444.312
  CPU_FLOATINGPOINT_MATH: 10534.640975619448
  CPU_PRIME: 27.748262559556171
  CPU_SORTING: 10207.811801092179
  CPU_ENCRYPTION: 370.83833114731488
  CPU_COMPRESSION: 13657.46211085042
  CPU_SINGLETHREAD: 1879.1736629004765
  CPU_PHYSICS: 649.20856942528337
  CPU_MATRIX_MULT_SSE: 1781.8066462181871
  CPU_mm: 286.25797044722378
  CPU_sse: 1502.776153051416
  CPU_fma: 2060.8371393849584
  CPU_avx: 0
  CPU_avx512: 0
  m_CPU_enc_SHA: 548214598.25755143
  m_CPU_enc_AES: 236620569.10858887
  m_CPU_enc_ECDSA: 381721354.39724022
  ME_ALLOC_S: 2574.1494979574782
  ME_READ_S: 25346.575781250001
  ME_READ_L: 19347.595703125
  ME_WRITE: 25703.7265625
  ME_LARGE: 518.83333333333337
  ME_LATENCY: 54.991016989782224
  ME_THREADED: 38271.482421875
  SUMM_CPU: 2016.2786355925548
  SUMM_ME: 1030.6586429361848
SystemInformation:
  OSName: Ubuntu 24.04.1 LTS
  Kernel: 6.8.0-1017-azure
  Device: ""
  Processor: ARM Neoverse-N2 2 Core 0 MHz
  NumSockets: 1
  Manufacturer: ARM
  NumCores: 2
  NumLogicals: 2
  CPUFrequency: 0
  Memory: 7923
Checksum: 6046C93B30D8EAC042EEA6F6DFC3B8EE50BDA730