BaselineInfo:
  WebDBID: -1
  TimeStamp: 20241106233659
Version:
  Major: 11
  Minor: 0
  Build: 1002
  SpecialBuildName: ""
  ptArchitecture: aarch64_linux
Results:
  Results Complete: true
  NumTestProcesses: 2
  CPU_INTEGER_MATH: 12563.805
  CPU_FLOATINGPOINT_MATH: 10556.192654012924
  CPU_PRIME: 27.061421226407131
  CPU_SORTING: 10236.214990997421
  CPU_ENCRYPTION: 375.66310386647604
  CPU_COMPRESSION: 13650.238836848679
  CPU_SINGLETHREAD: 1885.1024142451645
  CPU_PHYSICS: 649.33797910235603
  CPU_MATRIX_MULT_SSE: 1783.0224594930692
  CPU_mm: 286.55741607297136
  CPU_sse: 1502.9562624094165
  CPU_fma: 2063.0886565767214
  CPU_avx: 0
  CPU_avx512: 0
  m_CPU_enc_SHA: 557904382.03894401
  m_CPU_enc_AES: 244854117.58517307
  m_CPU_enc_ECDSA: 378975444.77556497
  ME_ALLOC_S: 2563.6081309710339
  ME_READ_S: 25489.976757812499
  ME_READ_L: 18707.513671875
  ME_WRITE: 25717.375
  ME_LARGE: 601.66666666666663
  ME_LATENCY: 54.285375539038647
  ME_THREADED: 36975.3203125
  SUMM_CPU: 2028.0387576905891
  SUMM_ME: 1130.150702968866
SystemInformation:
  OSName: Ubuntu 24.04.1 LTS
  Kernel: 6.8.0-1017-azure
  Device: ""
  Processor: ARM Neoverse-N2 2 Core 0 MHz
  NumSockets: 1
  Manufacturer: ARM
  NumCores: 2
  NumLogicals: 2
  CPUFrequency: 0
  Memory: 7923
Checksum: 841D7021336ECE09A780F1ACB3A1A7B65D96BC1A