BaselineInfo:
  WebDBID: -1
  TimeStamp: 20241109155352
Version:
  Major: 11
  Minor: 0
  Build: 1002
  SpecialBuildName: ""
  ptArchitecture: x86_64_linux
Results:
  Results Complete: true
  NumTestProcesses: 8
  CPU_INTEGER_MATH: 19378.006333333331
  CPU_FLOATINGPOINT_MATH: 14293.750750692703
  CPU_PRIME: 72.818607666569605
  CPU_SORTING: 13564.169101703879
  CPU_ENCRYPTION: 1748.1406676995819
  CPU_COMPRESSION: 95398.711324267846
  CPU_SINGLETHREAD: 1132.0661174517975
  CPU_PHYSICS: 824.82713858760621
  CPU_MATRIX_MULT_SSE: 6132.0241897993583
  CPU_mm: 857.12383369685017
  CPU_sse: 3310.9897876175987
  CPU_fma: 8603.3371750118731
  CPU_avx: 6481.7456067686053
  CPU_avx512: 0
  m_CPU_enc_SHA: 1251342495.9531276
  m_CPU_enc_AES: 3137267695.684094
  m_CPU_enc_ECDSA: 1110564854.6840479
  ME_ALLOC_S: 3470.0632614830629
  ME_READ_S: 13609.2142578125
  ME_READ_L: 6490.623046875
  ME_WRITE: 5868.39599609375
  ME_LARGE: 215191.83333333334
  ME_LATENCY: 85.304892454588682
  ME_THREADED: 31178.658447265625
  SUMM_CPU: 6589.0591136943021
  SUMM_ME: 1526.0883775010905
SystemInformation:
  OSName: Ubuntu 24.04.1 LTS
  Kernel: 6.8.0-1017-azure
  Device: ""
  Processor: Intel Xeon CPU E5-2698B v3 @ 2.00GHz
  NumSockets: 1
  Manufacturer: GenuineIntel
  NumCores: 8
  NumLogicals: 8
  CPUFrequency: 0
  Memory: 225483
  MemModuleInfo:
    iNumMemSticks: 3
    DIMM 1:
      manufacturer: Microsoft Corporation
      modulePartNo: None
      memType: Unknown
      size: 1
      clkspeed: 0
      moduleVoltage: 0
    DIMM 2:
      manufacturer: Microsoft Corporation
      modulePartNo: None
      memType: Unknown
      size: 60928
      clkspeed: 0
      moduleVoltage: 0
    DIMM 3:
      manufacturer: Microsoft Corporation
      modulePartNo: None
      memType: Unknown
      size: 167424
      clkspeed: 0
      moduleVoltage: 0
Checksum: 13B560B5D33F846965278F739DBEC4B269CFFFE8