BaselineInfo:
  WebDBID: -1
  TimeStamp: 20241107213513
Version:
  Major: 11
  Minor: 0
  Build: 1002
  SpecialBuildName: ""
  ptArchitecture: aarch64_linux
Results:
  Results Complete: true
  NumTestProcesses: 16
  CPU_INTEGER_MATH: 75008.589000000007
  CPU_FLOATINGPOINT_MATH: 57188.555196551621
  CPU_PRIME: 118.91891299500212
  CPU_SORTING: 54352.864690371527
  CPU_ENCRYPTION: 2602.3217199286514
  CPU_COMPRESSION: 90234.289174076286
  CPU_SINGLETHREAD: 1333.3953248897358
  CPU_PHYSICS: 1963.8546402050079
  CPU_MATRIX_MULT_SSE: 11878.245610374102
  CPU_mm: 1977.7899540989981
  CPU_sse: 9944.9168597844964
  CPU_fma: 13811.574360963714
  CPU_avx: 0
  CPU_avx512: 0
  m_CPU_enc_SHA: 3909188081.7722688
  m_CPU_enc_AES: 1807513040.5613589
  m_CPU_enc_ECDSA: 2469495177.0540891
  ME_ALLOC_S: 11221.297423549069
  ME_READ_S: 11374.655566406251
  ME_READ_L: 8586.0048828125
  ME_WRITE: 15026.1142578125
  ME_LARGE: 53678.583333333336
  ME_LATENCY: 72.784464261617629
  ME_THREADED: 112091.0947265625
  SUMM_CPU: 11630.663356223144
  SUMM_ME: 1894.4326997144713
SystemInformation:
  OSName: Ubuntu 24.04.1 LTS
  Kernel: 6.8.0-1017-azure
  Device: ""
  Processor: ARM Neoverse-N1 16 Core 0 MHz
  NumSockets: 1
  Manufacturer: ARM
  NumCores: 16
  NumLogicals: 16
  CPUFrequency: 0
  Memory: 64172
Checksum: A872D98639455502B6058097F4905135BAE66510