BaselineInfo:
  WebDBID: -1
  TimeStamp: 20241107194433
Version:
  Major: 11
  Minor: 0
  Build: 1002
  SpecialBuildName: ""
  ptArchitecture: x86_64_linux
Results:
  Results Complete: true
  NumTestProcesses: 16
  CPU_INTEGER_MATH: 66392.384000000005
  CPU_FLOATINGPOINT_MATH: 36659.238609960383
  CPU_PRIME: 147.2543318402509
  CPU_SORTING: 36333.343420201738
  CPU_ENCRYPTION: 17216.515816580177
  CPU_COMPRESSION: 253873.80887885267
  CPU_SINGLETHREAD: 2395.3262150494793
  CPU_PHYSICS: 2623.8579716928789
  CPU_MATRIX_MULT_SSE: 14902.174503725842
  CPU_mm: 1794.3680295549668
  CPU_sse: 7559.0380103911093
  CPU_fma: 20825.28790150621
  CPU_avx: 16322.197599280207
  CPU_avx512: 0
  m_CPU_enc_SHA: 24979213536.51263
  m_CPU_enc_AES: 15973779029.886879
  m_CPU_enc_ECDSA: 13205483300.259615
  ME_ALLOC_S: 6958.5932179360652
  ME_READ_S: 24455.647656249999
  ME_READ_L: 20816.373046875
  ME_WRITE: 19909.5234375
  ME_LARGE: 21954.833333333332
  ME_LATENCY: 60.63427106241565
  ME_THREADED: 81527.07080078125
  SUMM_CPU: 22213.518341928713
  SUMM_ME: 2808.5746215656382
SystemInformation:
  OSName: Ubuntu 24.04.1 LTS
  Kernel: 6.8.0-1017-azure
  Device: ""
  Processor: AMD EPYC 7763 64-Core Processor
  NumSockets: 1
  Manufacturer: AuthenticAMD
  NumCores: 8
  NumLogicals: 16
  CPUFrequency: 0
  Memory: 32089
  MemModuleInfo:
    iNumMemSticks: 2
    DIMM 1:
      manufacturer: Microsoft Corporation
      modulePartNo: None
      memType: Unknown
      size: 1
      clkspeed: 0
      moduleVoltage: 0
    DIMM 2:
      manufacturer: Microsoft Corporation
      modulePartNo: None
      memType: Unknown
      size: 31
      clkspeed: 0
      moduleVoltage: 0
Checksum: 54C744E7F7CCEF7AF8BB7BB41284B64B901E6380