---
system-info:
      stress-ng-version: 0.17.08
      run-by: root
      date-yyyy-mm-dd: 2024:08:17
      time-hh-mm-ss: 15:34:26
      epoch-secs: 1723908866
      hostname: ip-172-31-6-88
      sysname: Linux
      nodename: ip-172-31-6-88
      release: 6.8.0-1013-aws
      version: '#14-Ubuntu SMP Thu Jul 25 21:19:24 UTC 2024'
      machine: x86_64
      compiler: 'musl-gcc 13.2.1'
      uptime: 425
      totalram: 66507857920
      freeram: 58517258240
      sharedram: 20262912
      bufferram: 190984192
      totalswap: 0
      freeswap: 0
      pagesize: 4096
      cpus: 8
      cpus-online: 8
      ticks-per-second: 100

metrics:
    - stressor: cpu
      bogo-ops: 239069
      bogo-ops-per-second-usr-sys-time: 1496.526016
      bogo-ops-per-second-real-time: 11953.412755
      wall-clock-time: 20.000062
      user-time: 159.730322
      system-time: 0.018989
      cpu-usage-per-instance: 99.843008
      max-rss: 1104

...
