BaselineInfo:
  WebDBID: -1
  TimeStamp: 20241111095740
Version:
  Major: 11
  Minor: 0
  Build: 1002
  SpecialBuildName: ""
  ptArchitecture: aarch64_linux
Results:
  Results Complete: true
  NumTestProcesses: 8
  CPU_INTEGER_MATH: 50337.17766666667
  CPU_FLOATINGPOINT_MATH: 42369.538190481791
  CPU_PRIME: 110.848640552734
  CPU_SORTING: 41193.353784030973
  CPU_ENCRYPTION: 1494.0237587250049
  CPU_COMPRESSION: 54893.885997941143
  CPU_SINGLETHREAD: 1882.0398187539633
  CPU_PHYSICS: 2616.0241262370646
  CPU_MATRIX_MULT_SSE: 7155.9259851879342
  CPU_mm: 1145.9344786055947
  CPU_sse: 6034.5382133645453
  CPU_fma: 8277.3137570113231
  CPU_avx: 0
  CPU_avx512: 0
  m_CPU_enc_SHA: 2181306243.732511
  m_CPU_enc_AES: 969042231.65112722
  m_CPU_enc_ECDSA: 1549443895.102854
  ME_ALLOC_S: 9884.8571010872092
  ME_READ_S: 25567.102148437501
  ME_READ_L: 18738.310546875
  ME_WRITE: 25737.0078125
  ME_LARGE: 54016.333333333336
  ME_LATENCY: 53.91568191803416
  ME_THREADED: 144609.59765625
  SUMM_CPU: 7770.7678639612495
  SUMM_ME: 3180.1233401456911
SystemInformation:
  OSName: Ubuntu 24.04.1 LTS
  Kernel: 6.8.0-1017-azure
  Device: ""
  Processor: ARM Neoverse-N2 8 Core 0 MHz
  NumSockets: 1
  Manufacturer: ARM
  NumCores: 8
  NumLogicals: 8
  CPUFrequency: 0
  Memory: 64173
Checksum: F680F22F11FAAD111B3D1EAB5DF34CC807866601