---
system-info:
      stress-ng-version: 0.17.08
      run-by: root
      date-yyyy-mm-dd: 2024:07:03
      time-hh-mm-ss: 02:01:05
      epoch-secs: 1719972065
      hostname: n2-highcpu-80-791cbf1
      sysname: Linux
      nodename: n2-highcpu-80-791cbf1
      release: 6.8.0-1009-gcp
      version: '#10-Ubuntu SMP Wed Jun 12 18:52:23 UTC 2024'
      machine: x86_64
      compiler: 'musl-gcc 13.2.1'
      uptime: 178
      totalram: 84406235136
      freeram: 78401519616
      sharedram: 70918144
      bufferram: 130932736
      totalswap: 0
      freeswap: 0
      pagesize: 4096
      cpus: 80
      cpus-online: 80
      ticks-per-second: 100

metrics:
    - stressor: cpu
      bogo-ops: 28210
      bogo-ops-per-second-usr-sys-time: 1410.674853
      bogo-ops-per-second-real-time: 1410.491811
      wall-clock-time: 20.000116
      user-time: 19.997521
      system-time: 0.000000
      cpu-usage-per-instance: 99.987025
      max-rss: 640

...
