---
system-info:
      stress-ng-version: 0.17.08
      run-by: root
      date-yyyy-mm-dd: 2024:06:06
      time-hh-mm-ss: 11:55:59
      epoch-secs: 1717674959
      hostname: 18bf4ea97085
      sysname: Linux
      nodename: 18bf4ea97085
      release: 6.8.0-1008-aws
      version: '#8-Ubuntu SMP Sat Apr 20 00:46:25 UTC 2024'
      machine: x86_64
      compiler: 'musl-gcc 13.2.1'
      uptime: 114
      totalram: 16467771392
      freeram: 12257902592
      sharedram: 59908096
      bufferram: 82898944
      totalswap: 0
      freeswap: 0
      pagesize: 4096
      cpus: 8
      cpus-online: 8
      ticks-per-second: 100

metrics:
    - stressor: cpu
      bogo-ops: 95440
      bogo-ops-per-second-usr-sys-time: 1196.645881
      bogo-ops-per-second-real-time: 9542.547222
      wall-clock-time: 10.001522
      user-time: 79.742266
      system-time: 0.013994
      cpu-usage-per-instance: 99.680149
      max-rss: 3920

...
