---
system-info:
      stress-ng-version: 0.17.08
      run-by: root
      date-yyyy-mm-dd: 2024:06:13
      time-hh-mm-ss: 02:48:41
      epoch-secs: 1718246921
      hostname: 17efc7459499
      sysname: Linux
      nodename: 17efc7459499
      release: 6.8.0-1008-aws
      version: '#8-Ubuntu SMP Sat Apr 20 00:46:25 UTC 2024'
      machine: x86_64
      compiler: 'musl-gcc 13.2.1'
      uptime: 109
      totalram: 16467771392
      freeram: 12068573184
      sharedram: 59908096
      bufferram: 111005696
      totalswap: 0
      freeswap: 0
      pagesize: 4096
      cpus: 8
      cpus-online: 8
      ticks-per-second: 100

metrics:
    - stressor: cpu
      bogo-ops: 154052
      bogo-ops-per-second-usr-sys-time: 964.918094
      bogo-ops-per-second-real-time: 7702.571363
      wall-clock-time: 20.000074
      user-time: 159.635932
      system-time: 0.016997
      cpu-usage-per-instance: 99.782710
      max-rss: 976

...
