BaselineInfo:
  WebDBID: -1
  TimeStamp: 20260708163204
Version:
  Major: 11
  Minor: 0
  Build: 1004
  SpecialBuildName: ""
  ptArchitecture: x86_64_linux
Results:
  Results Complete: true
  NumTestProcesses: 4
  CPU_INTEGER_MATH: 26778.218000000001
  CPU_FLOATINGPOINT_MATH: 16228.413698926088
  CPU_PRIME: 70.198220262213411
  CPU_SORTING: 13197.766909676859
  CPU_ENCRYPTION: 5388.5736642671345
  CPU_COMPRESSION: 102720.13845407302
  CPU_SINGLETHREAD: 3678.836077602316
  CPU_PHYSICS: 1277.9027879559685
  CPU_MATRIX_MULT_SSE: 7698.8853044925672
  CPU_mm: 761.60047311150629
  CPU_sse: 2773.6171699937731
  CPU_fma: 8358.0030536193499
  CPU_avx: 8310.858767114818
  CPU_avx512: 11353.062227242328
  m_CPU_enc_SHA: 6729499577.254303
  m_CPU_enc_AES: 5520334879.6213055
  m_CPU_enc_ECDSA: 4701152598.8721142
  ME_ALLOC_S: 2724.309694903226
  ME_READ_S: 33992.769140625001
  ME_READ_L: 30058.1875
  ME_WRITE: 30207.63671875
  ME_LARGE: 4003
  ME_LATENCY: 79.967380532683791
  ME_THREADED: 48599.2021484375
  SUMM_CPU: 10036.573078983469
  SUMM_ME: 2178.5247810818805
SystemInformation:
  OSName: Ubuntu 24.04.4 LTS
  Kernel: 6.17.0-1018-azure
  Device: ""
  Processor: "AMD EPYC 9V45 96-Core Processor                "
  NumSockets: 1
  Manufacturer: AuthenticAMD
  NumCores: 2
  NumLogicals: 4
  CPUFrequency: 0
  CPUMaxFrequency: 0
  Memory: 7937
  CPUInfo:
    number: 1
    Family: 15
    Model: 2
    stepping: 1
    features: 395049983
    manufacture: AuthenticAMD
    typestring: "AMD EPYC 9V45 96-Core Processor                "
    iCoresPerPackage: 8
    iThreadsPerPackage: 2
    featuresEx:
      - 395049983
      - 4277809667
      - 802421759
    bHybrid: false
    nPCore: 0
    nLogicalsPerPCore: 0
    nECore: 0
    nLogicalsPerECore: 0
  MemModuleInfo:
    iNumMemSticks: 2
    DIMM 1:
      manufacturer: Microsoft Corporation
      modulePartNo: None
      memType: Unknown
      size: 1
      clkspeed: 0
      moduleVoltage: 0
    DIMM 2:
      manufacturer: Microsoft Corporation
      modulePartNo: None
      memType: Unknown
      size: 7
      clkspeed: 0
      moduleVoltage: 0
Checksum: 655607229DA5AF615881DE6CB239C83DAB993FAF