BaselineInfo:
  WebDBID: -1
  TimeStamp: 20260612140536
Version:
  Major: 11
  Minor: 0
  Build: 1004
  SpecialBuildName: ""
  ptArchitecture: x86_64_linux
Results:
  Results Complete: true
  NumTestProcesses: 12
  CPU_INTEGER_MATH: 50599.309666666668
  CPU_FLOATINGPOINT_MATH: 31191.008702328672
  CPU_PRIME: 40.461571130893027
  CPU_SORTING: 26937.361624691261
  CPU_ENCRYPTION: 6952.7051433242877
  CPU_COMPRESSION: 208209.79376863514
  CPU_SINGLETHREAD: 3019.6644714679414
  CPU_PHYSICS: 867.40179708069559
  CPU_MATRIX_MULT_SSE: 11087.611970934058
  CPU_mm: 1613.6846524485295
  CPU_sse: 6053.132260022634
  CPU_fma: 15823.00494645751
  CPU_avx: 11386.698706322039
  CPU_avx512: 0
  m_CPU_enc_SHA: 2292472103.078485
  m_CPU_enc_AES: 17598681845.846409
  m_CPU_enc_ECDSA: 1980165296.17433
  ME_ALLOC_S: 6000.5667619472288
  ME_READ_S: 34656.0810546875
  ME_READ_L: 17008.630859375
  ME_WRITE: 14539.2353515625
  ME_LARGE: 23423.833333333332
  ME_LATENCY: 31.768642578942572
  ME_THREADED: 31596.88671875
  SUMM_CPU: 15132.192608192885
  SUMM_ME: 3453.6920245203942
SystemInformation:
  OSName: Ubuntu 24.04.4 LTS
  Kernel: 6.8.0-124-generic
  Device: ""
  Processor: Intel(R) Xeon(R) E-2286G CPU @ 4.00GHz
  NumSockets: 1
  Manufacturer: GenuineIntel
  NumCores: 6
  NumLogicals: 12
  CPUFrequency: 4000
  CPUMaxFrequency: 4900
  Memory: 31867
  CPUInfo:
    number: 1
    Family: 6
    Model: 14
    stepping: 10
    features: 3219913727
    manufacture: GenuineIntel
    typestring: Intel(R) Xeon(R) E-2286G CPU @ 4.00GHz
    iCoresPerPackage: 6
    iThreadsPerPackage: 2
    featuresEx:
      - 3219913727
      - 2147154935
      - 739248128
    bHybrid: false
    nPCore: 0
    nLogicalsPerPCore: 0
    nECore: 0
    nLogicalsPerECore: 0
  MemModuleInfo:
    iNumMemSticks: 4
    DIMM 1:
      manufacturer: ""
      modulePartNo: ""
      memType: Unknown
      size: 0
      clkspeed: 0
      moduleVoltage: 0
    DIMM 2:
      manufacturer: Micron
      modulePartNo: "18ADF2G72AZ-2G6E1   "
      memType: DDR4
      size: 16
      clkspeed: 1333
      moduleVoltage: 1.20000005
    DIMM 3:
      manufacturer: ""
      modulePartNo: ""
      memType: Unknown
      size: 0
      clkspeed: 0
      moduleVoltage: 0
    DIMM 4:
      manufacturer: Micron
      modulePartNo: "18ADF2G72AZ-2G6E1   "
      memType: DDR4
      size: 16
      clkspeed: 1333
      moduleVoltage: 1.20000005
Checksum: 0337B899D33B7222AEBCA05D5C54F7AE8A5D7E89