---
system-info:
      stress-ng-version: 0.17.08
      run-by: root
      date-yyyy-mm-dd: 2024:08:30
      time-hh-mm-ss: 19:30:31
      epoch-secs: 1725046231
      hostname: sc-runner
      sysname: Linux
      nodename: sc-runner
      release: 6.8.0-1013-azure
      version: '#15-Ubuntu SMP Thu Aug  8 18:40:40 UTC 2024'
      machine: x86_64
      compiler: 'musl-gcc 13.2.1'
      uptime: 339
      totalram: 16765030400
      freeram: 8239935488
      sharedram: 54906880
      bufferram: 210665472
      totalswap: 0
      freeswap: 0
      pagesize: 4096
      cpus: 4
      cpus-online: 4
      ticks-per-second: 100

metrics:
    - stressor: cpu
      bogo-ops: 37938
      bogo-ops-per-second-usr-sys-time: 1896.911192
      bogo-ops-per-second-real-time: 1896.892583
      wall-clock-time: 20.000078
      user-time: 19.999882
      system-time: 0.000000
      cpu-usage-per-instance: 99.999019
      max-rss: 3152

...
