BaselineInfo:
  WebDBID: -1
  TimeStamp: 20250527103230
Version:
  Major: 11
  Minor: 0
  Build: 1002
  SpecialBuildName: ""
  ptArchitecture: x86_64_linux
Results:
  Results Complete: true
  NumTestProcesses: 24
  CPU_INTEGER_MATH: 127589.05900000001
  CPU_FLOATINGPOINT_MATH: 90411.08062542179
  CPU_PRIME: 256.45006161067749
  CPU_SORTING: 63812.691435198372
  CPU_ENCRYPTION: 28045.783184551456
  CPU_COMPRESSION: 459308.65440505231
  CPU_SINGLETHREAD: 3251.0673650261042
  CPU_PHYSICS: 5966.7292080111765
  CPU_MATRIX_MULT_SSE: 37517.559886208495
  CPU_mm: 3608.7825990416341
  CPU_sse: 15571.869576733628
  CPU_fma: 40860.823531778005
  CPU_avx: 31833.640251428456
  CPU_avx512: 61803.906184893873
  m_CPU_enc_SHA: 29704977499.527184
  m_CPU_enc_AES: 38708650822.260605
  m_CPU_enc_ECDSA: 19810777123.784863
  ME_ALLOC_S: 15783.162449268009
  ME_READ_S: 29606.798632812501
  ME_READ_L: 10664.64453125
  ME_WRITE: 9838.9755859375
  ME_LARGE: 1834741.9166666667
  ME_LATENCY: 58.565672718151063
  ME_THREADED: 275487.94189453125
  SUMM_CPU: 41641.307682045808
  SUMM_ME: 2687.2253719434943
SystemInformation:
  OSName: Ubuntu 24.04.2 LTS
  Kernel: 6.11.0-1015-azure
  Device: ""
  Processor: INTEL XEON PLATINUM 8573C
  NumSockets: 2
  Manufacturer: GenuineIntel
  NumCores: 12
  NumLogicals: 24
  CPUFrequency: 2300
  Memory: 1846537
  MemModuleInfo:
    iNumMemSticks: 4
    DIMM 1:
      manufacturer: Microsoft Corporation
      modulePartNo: None
      memType: Unknown
      size: 1
      clkspeed: 0
      moduleVoltage: 0
    DIMM 2:
      manufacturer: Microsoft Corporation
      modulePartNo: None
      memType: Unknown
      size: 59
      clkspeed: 0
      moduleVoltage: 0
    DIMM 3:
      manufacturer: Microsoft Corporation
      modulePartNo: None
      memType: Unknown
      size: 856
      clkspeed: 0
      moduleVoltage: 0
    DIMM 4:
      manufacturer: Microsoft Corporation
      modulePartNo: None
      memType: Unknown
      size: 916
      clkspeed: 0
      moduleVoltage: 0
Checksum: 217587F553D1226E181352B5B8194761F3144807