BaselineInfo:
  WebDBID: -1
  TimeStamp: 20241115110215
Version:
  Major: 11
  Minor: 0
  Build: 1002
  SpecialBuildName: ""
  ptArchitecture: x86_64_linux
Results:
  Results Complete: true
  NumTestProcesses: 2
  CPU_INTEGER_MATH: 8205.0913333333338
  CPU_FLOATINGPOINT_MATH: 4548.8384399967763
  CPU_PRIME: 18.900400954788957
  CPU_SORTING: 4518.7367362658097
  CPU_ENCRYPTION: 2133.2399984260346
  CPU_COMPRESSION: 32470.635016050837
  CPU_SINGLETHREAD: 2304.547721684115
  CPU_PHYSICS: 386.84114085682427
  CPU_MATRIX_MULT_SSE: 1741.1470380099042
  CPU_mm: 221.37515688777643
  CPU_sse: 943.03626982394758
  CPU_fma: 2557.9044481993424
  CPU_avx: 1722.5003960064232
  CPU_avx512: 0
  m_CPU_enc_SHA: 3093205710.8501034
  m_CPU_enc_AES: 1974094797.6327181
  m_CPU_enc_ECDSA: 1643292285.2859111
  ME_ALLOC_S: 906.95135547099335
  ME_READ_S: 23741.679882812499
  ME_READ_L: 16468.240234375
  ME_WRITE: 16739.12890625
  ME_LARGE: 611.66666666666663
  ME_LATENCY: 65.552553773836976
  ME_THREADED: 22072.3427734375
  SUMM_CPU: 3108.6390061435154
  SUMM_ME: 1007.4425855321523
SystemInformation:
  OSName: Ubuntu 24.04.1 LTS
  Kernel: 6.8.0-1015-gcp
  Device: ""
  Processor: AMD EPYC 7B13
  NumSockets: 1
  Manufacturer: AuthenticAMD
  NumCores: 1
  NumLogicals: 2
  CPUFrequency: 0
  Memory: 1965
  MemModuleInfo:
    iNumMemSticks: 1
    DIMM 1:
      manufacturer: ""
      modulePartNo: ""
      memType: RAM
      size: 2
      clkspeed: 0
      moduleVoltage: 0
Checksum: 88C163E8DC6EB97003DDF11E2B72577D0E39C867