BaselineInfo:
  WebDBID: -1
  TimeStamp: 20241106231737
Version:
  Major: 11
  Minor: 0
  Build: 1002
  SpecialBuildName: ""
  ptArchitecture: x86_64_linux
Results:
  Results Complete: true
  NumTestProcesses: 2
  CPU_INTEGER_MATH: 8207.7183333333342
  CPU_FLOATINGPOINT_MATH: 4552.1754194134792
  CPU_PRIME: 18.766715591613035
  CPU_SORTING: 4508.4989612053269
  CPU_ENCRYPTION: 2133.0235681062522
  CPU_COMPRESSION: 32379.950192732922
  CPU_SINGLETHREAD: 2287.906143169208
  CPU_PHYSICS: 376.64782807937678
  CPU_MATRIX_MULT_SSE: 1725.1319455931152
  CPU_mm: 221.58681797662612
  CPU_sse: 943.67484690269964
  CPU_fma: 2551.7288071477296
  CPU_avx: 1679.9921827289168
  CPU_avx512: 0
  m_CPU_enc_SHA: 3083259826.2309384
  m_CPU_enc_AES: 1976030475.3965049
  m_CPU_enc_ECDSA: 1650621661.2243023
  ME_ALLOC_S: 890.75200272040661
  ME_READ_S: 23769.170117187499
  ME_READ_L: 16077.6005859375
  ME_WRITE: 16668.689453125
  ME_LARGE: 626.41666666666663
  ME_LATENCY: 67.005390220494675
  ME_THREADED: 22038.05078125
  SUMM_CPU: 3098.3799725075173
  SUMM_ME: 1013.1899649857784
SystemInformation:
  OSName: Ubuntu 24.04.1 LTS
  Kernel: 6.8.0-1015-gcp
  Device: ""
  Processor: AMD EPYC 7B13
  NumSockets: 1
  Manufacturer: AuthenticAMD
  NumCores: 1
  NumLogicals: 2
  CPUFrequency: 0
  Memory: 1965
  MemModuleInfo:
    iNumMemSticks: 1
    DIMM 1:
      manufacturer: ""
      modulePartNo: ""
      memType: RAM
      size: 2
      clkspeed: 0
      moduleVoltage: 0
Checksum: 7810891D50F1F638FCDC03D345B890AA10351CB6