---
system-info:
      stress-ng-version: 0.17.08
      run-by: root
      date-yyyy-mm-dd: 2024:09:16
      time-hh-mm-ss: 20:16:14
      epoch-secs: 1726517774
      hostname: sc-runner
      sysname: Linux
      nodename: sc-runner
      release: 6.8.0-1014-azure
      version: '#16-Ubuntu SMP Thu Aug 15 20:04:41 UTC 2024'
      machine: x86_64
      compiler: 'musl-gcc 13.2.1'
      uptime: 325
      totalram: 58964885504
      freeram: 48682164224
      sharedram: 42086400
      bufferram: 237244416
      totalswap: 0
      freeswap: 0
      pagesize: 4096
      cpus: 16
      cpus-online: 16
      ticks-per-second: 100

metrics:
    - stressor: cpu
      bogo-ops: 24945
      bogo-ops-per-second-usr-sys-time: 1247.245572
      bogo-ops-per-second-real-time: 1247.241480
      wall-clock-time: 20.000137
      user-time: 19.999072
      system-time: 0.000999
      cpu-usage-per-instance: 99.999672
      max-rss: 3280

...
