---
system-info:
      stress-ng-version: 0.17.08
      run-by: root
      date-yyyy-mm-dd: 2024:09:06
      time-hh-mm-ss: 05:49:31
      epoch-secs: 1725601771
      hostname: sc-runner
      sysname: Linux
      nodename: sc-runner
      release: 6.8.0-1013-azure
      version: '#15-Ubuntu SMP Thu Aug  8 18:40:40 UTC 2024'
      machine: x86_64
      compiler: 'musl-gcc 13.2.1'
      uptime: 372
      totalram: 58964901888
      freeram: 50217803776
      sharedram: 42086400
      bufferram: 225099776
      totalswap: 0
      freeswap: 0
      pagesize: 4096
      cpus: 16
      cpus-online: 16
      ticks-per-second: 100

metrics:
    - stressor: cpu
      bogo-ops: 24917
      bogo-ops-per-second-usr-sys-time: 1245.861524
      bogo-ops-per-second-real-time: 1245.845114
      wall-clock-time: 20.000078
      user-time: 19.998816
      system-time: 0.000999
      cpu-usage-per-instance: 99.998683
      max-rss: 3152

...
