BaselineInfo:
  WebDBID: -1
  TimeStamp: 20241114222712
Version:
  Major: 11
  Minor: 0
  Build: 1002
  SpecialBuildName: ""
  ptArchitecture: aarch64_linux
Results:
  Results Complete: true
  NumTestProcesses: 2
  CPU_INTEGER_MATH: 9488.4873333333344
  CPU_FLOATINGPOINT_MATH: 9433.3182661827832
  CPU_PRIME: 25.398389275222492
  CPU_SORTING: 7863.6768967974531
  CPU_ENCRYPTION: 273.35708797018947
  CPU_COMPRESSION: 10507.459141429055
  CPU_SINGLETHREAD: 1558.7274962304302
  CPU_PHYSICS: 572.84751655806315
  CPU_MATRIX_MULT_SSE: 1650.7182040074954
  CPU_mm: 215.616204301875
  CPU_sse: 1385.3712616665025
  CPU_fma: 1916.0651463484883
  CPU_avx: 0
  CPU_avx512: 0
  m_CPU_enc_SHA: 418830300.33984786
  m_CPU_enc_AES: 161231658.25946683
  m_CPU_enc_ECDSA: 279845087.02697355
  ME_ALLOC_S: 2029.4504875788964
  ME_READ_S: 19685.576562499999
  ME_READ_L: 19024.19921875
  ME_WRITE: 19681.376953125
  ME_LARGE: 6831.333333333333
  ME_LATENCY: 50.44706843418745
  ME_THREADED: 37382.375
  SUMM_CPU: 1566.9920670809124
  SUMM_ME: 2397.4142522422949
SystemInformation:
  OSName: Ubuntu 24.04.1 LTS
  Kernel: 6.8.0-1018-aws
  Device: ""
  Processor: ARM Neoverse-V1 2 Core 0 MHz
  NumSockets: 1
  Manufacturer: ARM
  NumCores: 2
  NumLogicals: 2
  CPUFrequency: 0
  Memory: 15674
Checksum: C22975A9B1B07B175A6FED81D37F8FD226BA9E22