BaselineInfo:
  WebDBID: -1
  TimeStamp: 20241115150230
Version:
  Major: 11
  Minor: 0
  Build: 1002
  SpecialBuildName: ""
  ptArchitecture: aarch64_linux
Results:
  Results Complete: true
  NumTestProcesses: 2
  CPU_INTEGER_MATH: 9482.4523333333327
  CPU_FLOATINGPOINT_MATH: 9423.4778649395721
  CPU_PRIME: 25.41924900030244
  CPU_SORTING: 7827.1447015610365
  CPU_ENCRYPTION: 272.62694238428162
  CPU_COMPRESSION: 10605.796642395948
  CPU_SINGLETHREAD: 1559.5780474425849
  CPU_PHYSICS: 562.08027569809428
  CPU_MATRIX_MULT_SSE: 1648.5985959069981
  CPU_mm: 215.55449452442491
  CPU_sse: 1382.411510619402
  CPU_fma: 1914.785681194594
  CPU_avx: 0
  CPU_avx512: 0
  m_CPU_enc_SHA: 418706215.32455873
  m_CPU_enc_AES: 161242389.74941111
  m_CPU_enc_ECDSA: 277661601.13865149
  ME_ALLOC_S: 2020.047394837037
  ME_READ_S: 19679.310156250001
  ME_READ_L: 18969.369140625
  ME_WRITE: 19673.912109375
  ME_LARGE: 6803.5
  ME_LATENCY: 50.640375930651516
  ME_THREADED: 37283.552734375
  SUMM_CPU: 1568.4756149387181
  SUMM_ME: 2390.8784031913269
SystemInformation:
  OSName: Ubuntu 24.04.1 LTS
  Kernel: 6.8.0-1018-aws
  Device: ""
  Processor: ARM Neoverse-V1 2 Core 0 MHz
  NumSockets: 1
  Manufacturer: ARM
  NumCores: 2
  NumLogicals: 2
  CPUFrequency: 0
  Memory: 15674
Checksum: 3F0D5FC4052AA131478F30B65C7741893F930A3E