BaselineInfo:
  WebDBID: -1
  TimeStamp: 20241107040600
Version:
  Major: 11
  Minor: 0
  Build: 1002
  SpecialBuildName: ""
  ptArchitecture: aarch64_linux
Results:
  Results Complete: true
  NumTestProcesses: 2
  CPU_INTEGER_MATH: 9469.1990000000005
  CPU_FLOATINGPOINT_MATH: 9416.1483084691699
  CPU_PRIME: 24.77626404025596
  CPU_SORTING: 7825.7809695673477
  CPU_ENCRYPTION: 271.1009775879125
  CPU_COMPRESSION: 10584.855318585071
  CPU_SINGLETHREAD: 1561.3426920605561
  CPU_PHYSICS: 554.17274883340929
  CPU_MATRIX_MULT_SSE: 1647.4134866923146
  CPU_mm: 214.80831672096792
  CPU_sse: 1381.6483031279683
  CPU_fma: 1913.178670256661
  CPU_avx: 0
  CPU_avx512: 0
  m_CPU_enc_SHA: 418757065.91199148
  m_CPU_enc_AES: 160819763.53179288
  m_CPU_enc_ECDSA: 273233106.58188438
  ME_ALLOC_S: 1998.5381391833757
  ME_READ_S: 19667.916406249999
  ME_READ_L: 18742.435546875
  ME_WRITE: 19646.833984375
  ME_LARGE: 5947.083333333333
  ME_LATENCY: 52.409950332216489
  ME_THREADED: 36913.4140625
  SUMM_CPU: 1562.6105475124302
  SUMM_ME: 2317.3622382725612
SystemInformation:
  OSName: Ubuntu 24.04.1 LTS
  Kernel: 6.8.0-1016-aws
  Device: ""
  Processor: ARM Neoverse-V1 2 Core 0 MHz
  NumSockets: 1
  Manufacturer: ARM
  NumCores: 2
  NumLogicals: 2
  CPUFrequency: 0
  Memory: 15674
Checksum: 4C0DC3A7B22183D02390F1D3B5F5011257528B6C