BaselineInfo:
  WebDBID: -1
  TimeStamp: 20241109075654
Version:
  Major: 11
  Minor: 0
  Build: 1002
  SpecialBuildName: ""
  ptArchitecture: aarch64_linux
Results:
  Results Complete: true
  NumTestProcesses: 64
  CPU_INTEGER_MATH: 252651.72500000001
  CPU_FLOATINGPOINT_MATH: 191617.52937972476
  CPU_PRIME: 249.14459794920694
  CPU_SORTING: 175434.33315952861
  CPU_ENCRYPTION: 8704.0117395438174
  CPU_COMPRESSION: 305027.82975207572
  CPU_SINGLETHREAD: 1111.0948343557727
  CPU_PHYSICS: 4096.3044922751296
  CPU_MATRIX_MULT_SSE: 39776.46340686491
  CPU_mm: 6674.4127259312154
  CPU_sse: 33206.88106707047
  CPU_fma: 46346.045746659351
  CPU_avx: 0
  CPU_avx512: 0
  m_CPU_enc_SHA: 12946405963.203465
  m_CPU_enc_AES: 6022661687.6561508
  m_CPU_enc_ECDSA: 8411385790.552084
  ME_ALLOC_S: 20485.400037806372
  ME_READ_S: 9480.9670898437507
  ME_READ_L: 9204.9833984375
  ME_WRITE: 12565.5048828125
  ME_LARGE: 496946.25
  ME_LATENCY: 70.055177969200216
  ME_THREADED: 168764.166015625
  SUMM_CPU: 28078.583958226009
  SUMM_ME: 1848.1535083001543
SystemInformation:
  OSName: Ubuntu 24.04.1 LTS
  Kernel: 6.8.0-1016-aws
  Device: ""
  Processor: ARM Neoverse-N1 64 Core 0 MHz
  NumSockets: 1
  Manufacturer: ARM
  NumCores: 64
  NumLogicals: 64
  CPUFrequency: 0
  Memory: 509686
Checksum: DC3394C287519C628A5FAEFEE49C986F9B2DE711