BaselineInfo:
  WebDBID: -1
  TimeStamp: 20251216141402
Version:
  Major: 11
  Minor: 0
  Build: 1002
  SpecialBuildName: ""
  ptArchitecture: x86_64_linux
Results:
  Results Complete: true
  NumTestProcesses: 16
  CPU_INTEGER_MATH: 96617.604666666652
  CPU_FLOATINGPOINT_MATH: 88584.935783596564
  CPU_PRIME: 312.31745382133926
  CPU_SORTING: 62009.010904975075
  CPU_ENCRYPTION: 20891.2842575785
  CPU_COMPRESSION: 421099.33023077255
  CPU_SINGLETHREAD: 2939.6430107678666
  CPU_PHYSICS: 5710.4508911035791
  CPU_MATRIX_MULT_SSE: 40281.455690019146
  CPU_mm: 4176.1803056227354
  CPU_sse: 19113.967811354385
  CPU_fma: 54575.369372130182
  CPU_avx: 47155.029886572869
  CPU_avx512: 0
  m_CPU_enc_SHA: 28794965573.474888
  m_CPU_enc_AES: 18343651788.711693
  m_CPU_enc_ECDSA: 18579680482.837315
  ME_ALLOC_S: 16329.546366313094
  ME_READ_S: 27856.364843750001
  ME_READ_L: 25796.37109375
  ME_WRITE: 25028.556640625
  ME_LARGE: 50572.083333333336
  ME_LATENCY: 71.729438579626319
  ME_THREADED: 384822.828125
  SUMM_CPU: 37372.320774600303
  SUMM_ME: 2917.9306540081834
SystemInformation:
  OSName: Ubuntu 24.04.2 LTS
  Kernel: 6.8.0-86-generic
  Device: ""
  Processor: AMD EPYC-Milan Processor
  NumSockets: 16
  Manufacturer: AuthenticAMD
  NumCores: 16
  NumLogicals: 16
  CPUFrequency: 0
  Memory: 62789
  MemModuleInfo:
    iNumMemSticks: 1
    DIMM 1:
      manufacturer: QEMU
      modulePartNo: Not Specified
      memType: RAM
      size: 64000
      clkspeed: 0
      moduleVoltage: 0
Checksum: 9AC001E1FEA75AF983332DA3FE51EBC33386B33D