BaselineInfo:
  WebDBID: -1
  TimeStamp: 20241230162315
Version:
  Major: 11
  Minor: 0
  Build: 1002
  SpecialBuildName: ""
  ptArchitecture: x86_64_linux
Results:
  Results Complete: true
  NumTestProcesses: 24
  CPU_INTEGER_MATH: 126292.69366666666
  CPU_FLOATINGPOINT_MATH: 89452.879492480366
  CPU_PRIME: 248.9169903663487
  CPU_SORTING: 62996.753582538578
  CPU_ENCRYPTION: 27758.121369128537
  CPU_COMPRESSION: 459685.66299938853
  CPU_SINGLETHREAD: 3222.8493089933213
  CPU_PHYSICS: 5777.858162389276
  CPU_MATRIX_MULT_SSE: 38039.471371044798
  CPU_mm: 3605.2569304230824
  CPU_sse: 15576.856893444741
  CPU_fma: 41650.228068292461
  CPU_avx: 32286.366645666316
  CPU_avx512: 62644.433876775642
  m_CPU_enc_SHA: 29392417313.346233
  m_CPU_enc_AES: 38273943547.047508
  m_CPU_enc_ECDSA: 19653138757.872208
  ME_ALLOC_S: 14275.430899834935
  ME_READ_S: 26929.379199218751
  ME_READ_L: 7862.00244140625
  ME_WRITE: 16444.0078125
  ME_LARGE: 178392.66666666666
  ME_LATENCY: 44.949070260061028
  ME_THREADED: 208442.39208984375
  SUMM_CPU: 41335.67363236504
  SUMM_ME: 2868.2876774769611
SystemInformation:
  OSName: Ubuntu 24.04.1 LTS
  Kernel: 6.8.0-1021-aws
  Device: ""
  Processor: Intel Xeon Platinum 8559C
  NumSockets: 1
  Manufacturer: GenuineIntel
  NumCores: 12
  NumLogicals: 24
  CPUFrequency: 0
  Memory: 190167
  MemModuleInfo:
    iNumMemSticks: 1
    DIMM 1:
      manufacturer: Not Specified
      modulePartNo: Not Specified
      memType: DDR5
      size: 192
      clkspeed: 2800
      moduleVoltage: 0
Checksum: 6B5A0BCE2C350284EC74E5211E6B64AD43E1E800