BaselineInfo:
  WebDBID: -1
  TimeStamp: 20241108082129
Version:
  Major: 11
  Minor: 0
  Build: 1002
  SpecialBuildName: ""
  ptArchitecture: x86_64_linux
Results:
  Results Complete: true
  NumTestProcesses: 16
  CPU_INTEGER_MATH: 41441.587666666659
  CPU_FLOATINGPOINT_MATH: 23329.308063973833
  CPU_PRIME: 76.601439185219888
  CPU_SORTING: 22474.061943235793
  CPU_ENCRYPTION: 5776.4823332653723
  CPU_COMPRESSION: 189963.63381200892
  CPU_SINGLETHREAD: 1676.4516756766716
  CPU_PHYSICS: 1439.0299859635093
  CPU_MATRIX_MULT_SSE: 9399.1228066927106
  CPU_mm: 1340.6663262179572
  CPU_sse: 4992.243480802339
  CPU_fma: 13754.390166371108
  CPU_avx: 9450.7347729046905
  CPU_avx512: 0
  m_CPU_enc_SHA: 1965814566.110122
  m_CPU_enc_AES: 14458882501.352291
  m_CPU_enc_ECDSA: 1746545149.7958016
  ME_ALLOC_S: 4946.9863406007898
  ME_READ_S: 19983.962890625
  ME_READ_L: 9875.2978515625
  ME_WRITE: 9281.6962890625
  ME_LARGE: 54004
  ME_LATENCY: 59.502077022332635
  ME_THREADED: 82479.88525390625
  SUMM_CPU: 13185.713332718489
  SUMM_ME: 2286.119350083949
SystemInformation:
  OSName: Ubuntu 24.04.1 LTS
  Kernel: 6.8.0-1016-aws
  Device: ""
  Processor: Intel Xeon CPU E5-2686 v4 @ 2.30GHz
  NumSockets: 1
  Manufacturer: GenuineIntel
  NumCores: 8
  NumLogicals: 16
  CPUFrequency: 0
  Memory: 64259
  MemModuleInfo:
    iNumMemSticks: 4
    DIMM 1:
      manufacturer: Not Specified
      modulePartNo: Not Specified
      memType: RAM
      size: 16
      clkspeed: 0
      moduleVoltage: 0
    DIMM 2:
      manufacturer: Not Specified
      modulePartNo: Not Specified
      memType: RAM
      size: 16
      clkspeed: 0
      moduleVoltage: 0
    DIMM 3:
      manufacturer: Not Specified
      modulePartNo: Not Specified
      memType: RAM
      size: 16
      clkspeed: 0
      moduleVoltage: 0
    DIMM 4:
      manufacturer: Not Specified
      modulePartNo: Not Specified
      memType: RAM
      size: 16
      clkspeed: 0
      moduleVoltage: 0
Checksum: 03A8CB8723E8DBABBE1C6528D6FC6CF038131395