BaselineInfo:
  WebDBID: -1
  TimeStamp: 20260710184506
Version:
  Major: 11
  Minor: 0
  Build: 1004
  SpecialBuildName: ""
  ptArchitecture: x86_64_linux
Results:
  Results Complete: true
  NumTestProcesses: 64
  CPU_INTEGER_MATH: 302711.76600000006
  CPU_FLOATINGPOINT_MATH: 214563.0507420401
  CPU_PRIME: 621.16501085848017
  CPU_SORTING: 149450.83490745947
  CPU_ENCRYPTION: 66958.342458901359
  CPU_COMPRESSION: 1083620.8022921737
  CPU_SINGLETHREAD: 2918.173410755538
  CPU_PHYSICS: 14286.25615319351
  CPU_MATRIX_MULT_SSE: 89047.753562608021
  CPU_mm: 8580.7183560242011
  CPU_sse: 37087.798896073858
  CPU_fma: 95548.551735993795
  CPU_avx: 74571.28927849028
  CPU_avx512: 148983.37433987411
  m_CPU_enc_SHA: 70489818085.730042
  m_CPU_enc_AES: 91844221527.213852
  m_CPU_enc_ECDSA: 48298693093.610947
  ME_ALLOC_S: 35230.629095593235
  ME_READ_S: 26145.103515625
  ME_READ_L: 10341.7890625
  ME_WRITE: 9446.755859375
  ME_LARGE: 1020449.4166666666
  ME_LATENCY: 66.686555906425738
  ME_THREADED: 450868.79443359375
  SUMM_CPU: 76622.090171846779
  SUMM_ME: 2466.694985184492
SystemInformation:
  OSName: Ubuntu 24.04.4 LTS
  Kernel: 6.17.0-1018-azure
  Device: ""
  Processor: INTEL(R) XEON(R) PLATINUM 8573C
  NumSockets: 2
  Manufacturer: GenuineIntel
  NumCores: 32
  NumLogicals: 64
  CPUFrequency: 2300
  CPUMaxFrequency: 2300
  Memory: 1032053
  CPUInfo:
    number: 2
    Family: 6
    Model: 15
    stepping: 2
    features: 529267711
    manufacture: GenuineIntel
    typestring: INTEL(R) XEON(R) PLATINUM 8573C
    iCoresPerPackage: 16
    iThreadsPerPackage: 2
    featuresEx:
      - 529267711
      - 4294586915
      - 739248128
    bHybrid: false
    nPCore: 0
    nLogicalsPerPCore: 0
    nECore: 0
    nLogicalsPerECore: 0
  MemModuleInfo:
    iNumMemSticks: 4
    DIMM 1:
      manufacturer: Microsoft Corporation
      modulePartNo: None
      memType: Unknown
      size: 1
      clkspeed: 0
      moduleVoltage: 0
    DIMM 2:
      manufacturer: Microsoft Corporation
      modulePartNo: None
      memType: Unknown
      size: 59
      clkspeed: 0
      moduleVoltage: 0
    DIMM 3:
      manufacturer: Microsoft Corporation
      modulePartNo: None
      memType: Unknown
      size: 452
      clkspeed: 0
      moduleVoltage: 0
    DIMM 4:
      manufacturer: Microsoft Corporation
      modulePartNo: None
      memType: Unknown
      size: 512
      clkspeed: 0
      moduleVoltage: 0
Checksum: A65D02000486ECC0C0AC802A62C6AC9B78AF904D