---
system-info:
      stress-ng-version: 0.17.08
      run-by: root
      date-yyyy-mm-dd: 2024:06:14
      time-hh-mm-ss: 08:42:25
      epoch-secs: 1718354545
      hostname: dbc0d7ed0c61
      sysname: Linux
      nodename: dbc0d7ed0c61
      release: 6.8.0-1008-aws
      version: '#8-Ubuntu SMP Sat Apr 20 02:43:14 UTC 2024'
      machine: aarch64
      compiler: 'musl-gcc 13.2.1'
      uptime: 135
      totalram: 1920221184
      freeram: 138985472
      sharedram: 35008512
      bufferram: 93548544
      totalswap: 0
      freeswap: 0
      pagesize: 4096
      cpus: 1
      cpus-online: 1
      ticks-per-second: 100

metrics:
    - stressor: cpu
      bogo-ops: 30216
      bogo-ops-per-second-usr-sys-time: 1531.997716
      bogo-ops-per-second-real-time: 1510.794867
      wall-clock-time: 20.000068
      user-time: 19.719301
      system-time: 0.003966
      cpu-usage-per-instance: 98.616000
      max-rss: 1192

...
