---
system-info:
      stress-ng-version: 0.17.08
      run-by: root
      date-yyyy-mm-dd: 2024:06:06
      time-hh-mm-ss: 16:26:25
      epoch-secs: 1717691185
      hostname: 38dd837dfc09
      sysname: Linux
      nodename: 38dd837dfc09
      release: 6.8.0-1008-aws
      version: '#8-Ubuntu SMP Sat Apr 20 02:43:14 UTC 2024'
      machine: aarch64
      compiler: 'musl-gcc 13.2.1'
      uptime: 152
      totalram: 1920221184
      freeram: 88698880
      sharedram: 35016704
      bufferram: 72486912
      totalswap: 0
      freeswap: 0
      pagesize: 4096
      cpus: 1
      cpus-online: 1
      ticks-per-second: 100

metrics:
    - stressor: cpu
      bogo-ops: 4183
      bogo-ops-per-second-usr-sys-time: 427.190562
      bogo-ops-per-second-real-time: 418.284492
      wall-clock-time: 10.000371
      user-time: 9.787918
      system-time: 0.003965
      cpu-usage-per-instance: 97.915200
      max-rss: 4136

...
