---
system-info:
      stress-ng-version: 0.17.08
      run-by: root
      date-yyyy-mm-dd: 2024:06:14
      time-hh-mm-ss: 13:02:51
      epoch-secs: 1718370171
      hostname: febca58fa8b2
      sysname: Linux
      nodename: febca58fa8b2
      release: 6.8.0-1008-aws
      version: '#8-Ubuntu SMP Sat Apr 20 00:46:25 UTC 2024'
      machine: x86_64
      compiler: 'musl-gcc 13.2.1'
      uptime: 123
      totalram: 66681196544
      freeram: 62144540672
      sharedram: 40947712
      bufferram: 107159552
      totalswap: 0
      freeswap: 0
      pagesize: 4096
      cpus: 16
      cpus-online: 16
      ticks-per-second: 100

metrics:
    - stressor: cpu
      bogo-ops: 279148
      bogo-ops-per-second-usr-sys-time: 873.309029
      bogo-ops-per-second-real-time: 13957.338927
      wall-clock-time: 20.000088
      user-time: 319.625022
      system-time: 0.018988
      cpu-usage-per-instance: 99.888316
      max-rss: 1104

...
