---
system-info:
      stress-ng-version: 0.17.08
      run-by: root
      date-yyyy-mm-dd: 2024:06:06
      time-hh-mm-ss: 20:56:26
      epoch-secs: 1717707386
      hostname: 8dca24ac37b3
      sysname: Linux
      nodename: 8dca24ac37b3
      release: 6.8.0-1008-aws
      version: '#8-Ubuntu SMP Sat Apr 20 00:46:25 UTC 2024'
      machine: x86_64
      compiler: 'musl-gcc 13.2.1'
      uptime: 145
      totalram: 66681188352
      freeram: 62336544768
      sharedram: 40947712
      bufferram: 86564864
      totalswap: 0
      freeswap: 0
      pagesize: 4096
      cpus: 16
      cpus-online: 16
      ticks-per-second: 100

metrics:
    - stressor: cpu
      bogo-ops: 159810
      bogo-ops-per-second-usr-sys-time: 1000.089896
      bogo-ops-per-second-real-time: 15978.079112
      wall-clock-time: 10.001828
      user-time: 159.758648
      system-time: 0.036987
      cpu-usage-per-instance: 99.854018
      max-rss: 3920

...
