---
system-info:
      stress-ng-version: 0.17.08
      run-by: root
      date-yyyy-mm-dd: 2024:06:15
      time-hh-mm-ss: 22:18:56
      epoch-secs: 1718489936
      hostname: 18bb609cb75e
      sysname: Linux
      nodename: 18bb609cb75e
      release: 6.8.0-1008-aws
      version: '#8-Ubuntu SMP Sat Apr 20 00:46:25 UTC 2024'
      machine: x86_64
      compiler: 'musl-gcc 13.2.1'
      uptime: 138
      totalram: 132919713792
      freeram: 128409350144
      sharedram: 59908096
      bufferram: 110358528
      totalswap: 0
      freeswap: 0
      pagesize: 4096
      cpus: 16
      cpus-online: 16
      ticks-per-second: 100

metrics:
    - stressor: cpu
      bogo-ops: 37817
      bogo-ops-per-second-usr-sys-time: 1890.830430
      bogo-ops-per-second-real-time: 1890.844658
      wall-clock-time: 20.000057
      user-time: 20.000207
      system-time: 0.000000
      cpu-usage-per-instance: 100.000752
      max-rss: 976

...
