---
system-info:
      stress-ng-version: 0.17.08
      run-by: root
      date-yyyy-mm-dd: 2024:06:09
      time-hh-mm-ss: 19:29:58
      epoch-secs: 1717961398
      hostname: 5ea1384b404d
      sysname: Linux
      nodename: 5ea1384b404d
      release: 6.8.0-1008-aws
      version: '#8-Ubuntu SMP Sat Apr 20 00:46:25 UTC 2024'
      machine: x86_64
      compiler: 'musl-gcc 13.2.1'
      uptime: 123
      totalram: 132919713792
      freeram: 128231227392
      sharedram: 59916288
      bufferram: 111628288
      totalswap: 0
      freeswap: 0
      pagesize: 4096
      cpus: 16
      cpus-online: 16
      ticks-per-second: 100

metrics:
    - stressor: cpu
      bogo-ops: 16737
      bogo-ops-per-second-usr-sys-time: 1673.367502
      bogo-ops-per-second-real-time: 1673.360764
      wall-clock-time: 10.002027
      user-time: 10.001987
      system-time: 0.000000
      cpu-usage-per-instance: 99.999597
      max-rss: 3920

...
