BaselineInfo:
  WebDBID: -1
  TimeStamp: 20250527002644
Version:
  Major: 11
  Minor: 0
  Build: 1002
  SpecialBuildName: ""
  ptArchitecture: x86_64_linux
Results:
  Results Complete: true
  NumTestProcesses: 6
  CPU_INTEGER_MATH: 31883.401999999998
  CPU_FLOATINGPOINT_MATH: 22613.219011826593
  CPU_PRIME: 63.896924034183385
  CPU_SORTING: 15974.875708270449
  CPU_ENCRYPTION: 7085.1192217594653
  CPU_COMPRESSION: 117414.24809022856
  CPU_SINGLETHREAD: 3247.1174447613485
  CPU_PHYSICS: 1516.3043082533775
  CPU_MATRIX_MULT_SSE: 9326.3176547672556
  CPU_mm: 885.49636331140664
  CPU_sse: 3904.3419090106954
  CPU_fma: 10818.432455263814
  CPU_avx: 8028.5845484832334
  CPU_avx512: 14553.911706311275
  m_CPU_enc_SHA: 7420332535.7977209
  m_CPU_enc_AES: 9656312807.787899
  m_CPU_enc_ECDSA: 5211212575.6413383
  ME_ALLOC_S: 4382.2821459093393
  ME_READ_S: 28722.615429687499
  ME_READ_L: 10594.3466796875
  ME_WRITE: 9633.96484375
  ME_LARGE: 497800
  ME_LATENCY: 57.732453554045208
  ME_THREADED: 47239.41796875
  SUMM_CPU: 12058.008696638986
  SUMM_ME: 2481.7020313264138
SystemInformation:
  OSName: Ubuntu 24.04.2 LTS
  Kernel: 6.11.0-1015-azure
  Device: ""
  Processor: INTEL XEON PLATINUM 8573C
  NumSockets: 1
  Manufacturer: GenuineIntel
  NumCores: 3
  NumLogicals: 6
  CPUFrequency: 2300
  Memory: 507729
  MemModuleInfo:
    iNumMemSticks: 3
    DIMM 1:
      manufacturer: Microsoft Corporation
      modulePartNo: None
      memType: Unknown
      size: 1
      clkspeed: 0
      moduleVoltage: 0
    DIMM 2:
      manufacturer: Microsoft Corporation
      modulePartNo: None
      memType: Unknown
      size: 59
      clkspeed: 0
      moduleVoltage: 0
    DIMM 3:
      manufacturer: Microsoft Corporation
      modulePartNo: None
      memType: Unknown
      size: 444
      clkspeed: 0
      moduleVoltage: 0
Checksum: 22597D1D7D760FACD2C8F6DD2EF7B790B9E4A020