---
system-info:
      stress-ng-version: 0.17.08
      run-by: root
      date-yyyy-mm-dd: 2024:09:23
      time-hh-mm-ss: 11:51:48
      epoch-secs: 1727092308
      hostname: sc-runner
      sysname: Linux
      nodename: sc-runner
      release: 6.8.0-1014-azure
      version: '#16-Ubuntu SMP Thu Aug 15 20:04:41 UTC 2024'
      machine: x86_64
      compiler: 'musl-gcc 13.2.1'
      uptime: 307
      totalram: 202597695488
      freeram: 191612858368
      sharedram: 38498304
      bufferram: 250327040
      totalswap: 0
      freeswap: 0
      pagesize: 4096
      cpus: 48
      cpus-online: 48
      ticks-per-second: 100

metrics:
    - stressor: cpu
      bogo-ops: 1294111
      bogo-ops-per-second-usr-sys-time: 1348.983506
      bogo-ops-per-second-real-time: 64705.363237
      wall-clock-time: 20.000058
      user-time: 959.289091
      system-time: 0.033980
      cpu-usage-per-instance: 99.929198
      max-rss: 3200

...
