BaselineInfo:
  WebDBID: -1
  TimeStamp: 20241107154810
Version:
  Major: 11
  Minor: 0
  Build: 1002
  SpecialBuildName: ""
  ptArchitecture: x86_64_linux
Results:
  Results Complete: true
  NumTestProcesses: 8
  CPU_INTEGER_MATH: 33293.414666666664
  CPU_FLOATINGPOINT_MATH: 18394.676051023278
  CPU_PRIME: 75.539458952779583
  CPU_SORTING: 18277.081252097323
  CPU_ENCRYPTION: 8637.8929009141048
  CPU_COMPRESSION: 128778.77562671555
  CPU_SINGLETHREAD: 2395.7955005712301
  CPU_PHYSICS: 1304.1680571416741
  CPU_MATRIX_MULT_SSE: 7387.3403547806947
  CPU_mm: 900.61226998720747
  CPU_sse: 3823.5486917731505
  CPU_fma: 10418.972260561684
  CPU_avx: 7919.5001120072457
  CPU_avx512: 0
  m_CPU_enc_SHA: 12512305215.043346
  m_CPU_enc_AES: 8004821964.9999313
  m_CPU_enc_ECDSA: 6655334379.3634501
  ME_ALLOC_S: 3589.7940786583727
  ME_READ_S: 24471.608789062499
  ME_READ_L: 19725.36328125
  ME_WRITE: 19185.59765625
  ME_LARGE: 22077.25
  ME_LATENCY: 62.546521418988725
  ME_THREADED: 37793.34423828125
  SUMM_CPU: 11910.928865583486
  SUMM_ME: 2573.9217695375823
SystemInformation:
  OSName: Ubuntu 24.04.1 LTS
  Kernel: 6.8.0-1017-azure
  Device: ""
  Processor: AMD EPYC 7763 64-Core Processor
  NumSockets: 1
  Manufacturer: AuthenticAMD
  NumCores: 4
  NumLogicals: 8
  CPUFrequency: 0
  Memory: 32092
  MemModuleInfo:
    iNumMemSticks: 2
    DIMM 1:
      manufacturer: Microsoft Corporation
      modulePartNo: None
      memType: Unknown
      size: 1
      clkspeed: 0
      moduleVoltage: 0
    DIMM 2:
      manufacturer: Microsoft Corporation
      modulePartNo: None
      memType: Unknown
      size: 31
      clkspeed: 0
      moduleVoltage: 0
Checksum: 2E3A73773BAED0F94FF939612042576FE03F09D9