BaselineInfo:
  WebDBID: -1
  TimeStamp: 20241109025909
Version:
  Major: 11
  Minor: 0
  Build: 1002
  SpecialBuildName: ""
  ptArchitecture: aarch64_linux
Results:
  Results Complete: true
  NumTestProcesses: 64
  CPU_INTEGER_MATH: 253268.26533333334
  CPU_FLOATINGPOINT_MATH: 192103.78887884438
  CPU_PRIME: 254.8332972016228
  CPU_SORTING: 177032.22565576073
  CPU_ENCRYPTION: 8727.9516040433718
  CPU_COMPRESSION: 305888.85548778728
  CPU_SINGLETHREAD: 1113.9962329168277
  CPU_PHYSICS: 4194.4590997497162
  CPU_MATRIX_MULT_SSE: 39863.904437515528
  CPU_mm: 6688.3185424327503
  CPU_sse: 33280.850992627988
  CPU_fma: 46446.957882403054
  CPU_avx: 0
  CPU_avx512: 0
  m_CPU_enc_SHA: 12977702970.959558
  m_CPU_enc_AES: 6038949283.9974031
  m_CPU_enc_ECDSA: 8439109488.5271807
  ME_ALLOC_S: 20521.23222689089
  ME_READ_S: 9503.2638671874993
  ME_READ_L: 9224.2392578125
  ME_WRITE: 12425.0087890625
  ME_LARGE: 244041.58333333334
  ME_LATENCY: 68.980591212730701
  ME_THREADED: 175110.05737304688
  SUMM_CPU: 28187.373737655624
  SUMM_ME: 1858.2210631288413
SystemInformation:
  OSName: Ubuntu 24.04.1 LTS
  Kernel: 6.8.0-1016-aws
  Device: ""
  Processor: ARM Neoverse-N1 64 Core 0 MHz
  NumSockets: 1
  Manufacturer: ARM
  NumCores: 64
  NumLogicals: 64
  CPUFrequency: 0
  Memory: 257208
Checksum: 267534A201FCC0BB9FFAB15D12425F6BD24FE8A0