---
system-info:
      stress-ng-version: 0.17.08
      run-by: root
      date-yyyy-mm-dd: 2024:06:21
      time-hh-mm-ss: 03:13:03
      epoch-secs: 1718939583
      hostname: f590ed1bc18d
      sysname: Linux
      nodename: f590ed1bc18d
      release: 6.8.0-1008-gcp
      version: '#9-Ubuntu SMP Wed May 22 18:09:04 UTC 2024'
      machine: x86_64
      compiler: 'musl-gcc 13.2.1'
      uptime: 188
      totalram: 3679035392
      freeram: 198418432
      sharedram: 48607232
      bufferram: 131821568
      totalswap: 0
      freeswap: 0
      pagesize: 4096
      cpus: 4
      cpus-online: 4
      ticks-per-second: 100

metrics:
    - stressor: cpu
      bogo-ops: 22195
      bogo-ops-per-second-usr-sys-time: 1109.778743
      bogo-ops-per-second-real-time: 1109.743610
      wall-clock-time: 20.000115
      user-time: 19.999482
      system-time: 0.000000
      cpu-usage-per-instance: 99.996834
      max-rss: 1104

...
