BaselineInfo:
  WebDBID: -1
  TimeStamp: 20260403093140
Version:
  Major: 11
  Minor: 0
  Build: 1004
  SpecialBuildName: ""
  ptArchitecture: x86_64_linux
Results:
  Results Complete: true
  NumTestProcesses: 2
  CPU_INTEGER_MATH: 8326.2883333333339
  CPU_FLOATINGPOINT_MATH: 4265.1614332529844
  CPU_PRIME: 18.078674494004936
  CPU_SORTING: 4378.5410572986166
  CPU_ENCRYPTION: 1049.2111645889045
  CPU_COMPRESSION: 32111.856351312828
  CPU_SINGLETHREAD: 2291.2650321143674
  CPU_PHYSICS: 364.84777551138552
  CPU_MATRIX_MULT_SSE: 1644.7553673789671
  CPU_mm: 179.76461727939352
  CPU_sse: 788.96920910157746
  CPU_fma: 2169.3656832425622
  CPU_avx: 1598.3431171486209
  CPU_avx512: 2022.343460023108
  m_CPU_enc_SHA: 298511754.90977561
  m_CPU_enc_AES: 2733112515.0829744
  m_CPU_enc_ECDSA: 268908668.36717552
  ME_ALLOC_S: 1037.1667262108517
  ME_READ_S: 23751.48046875
  ME_READ_L: 11251.8017578125
  ME_WRITE: 10583.154296875
  ME_LARGE: 1080.6666666666667
  ME_LATENCY: 53.391570496449638
  ME_THREADED: 15663.7646484375
  SUMM_CPU: 2719.2287275396975
  SUMM_ME: 1278.4783379066916
SystemInformation:
  OSName: Ubuntu 24.04.4 LTS
  Kernel: 6.8.0-106-generic
  Device: ""
  Processor: Intel(R) Xeon(R) Platinum
  NumSockets: 1
  Manufacturer: GenuineIntel
  NumCores: 1
  NumLogicals: 2
  CPUFrequency: 0
  CPUMaxFrequency: 0
  Memory: 7397
  CPUInfo:
    number: 1
    Family: 6
    Model: 5
    stepping: 4
    features: 529267711
    manufacture: GenuineIntel
    typestring: Intel(R) Xeon(R) Platinum
    iCoresPerPackage: 1
    iThreadsPerPackage: 2
    featuresEx:
      - 529267711
      - 4294586883
      - 739248128
    bHybrid: false
    nPCore: 0
    nLogicalsPerPCore: 0
    nECore: 0
    nLogicalsPerECore: 0
  MemModuleInfo:
    iNumMemSticks: 1
    DIMM 1:
      manufacturer: Alibaba Cloud
      modulePartNo: Not Specified
      memType: RAM
      size: 8
      clkspeed: 0
      moduleVoltage: 0
Checksum: 064BBB85E786A5A21383A004035D3ADA52CD9113