BaselineInfo:
  WebDBID: -1
  TimeStamp: 20260618115350
Version:
  Major: 11
  Minor: 0
  Build: 1004
  SpecialBuildName: ""
  ptArchitecture: x86_64_linux
Results:
  Results Complete: true
  NumTestProcesses: 8
  CPU_INTEGER_MATH: 25614.906666666662
  CPU_FLOATINGPOINT_MATH: 19455.373460904022
  CPU_PRIME: 80.847906746781106
  CPU_SORTING: 17705.824642908174
  CPU_ENCRYPTION: 3313.7286444194128
  CPU_COMPRESSION: 137017.5229928896
  CPU_SINGLETHREAD: 1683.8208391168951
  CPU_PHYSICS: 1221.3349176148988
  CPU_MATRIX_MULT_SSE: 10817.669935453878
  CPU_mm: 1166.5326701269953
  CPU_sse: 4356.5303023131801
  CPU_fma: 14620.590961240017
  CPU_avx: 9873.8044236620153
  CPU_avx512: 14419.754054600302
  m_CPU_enc_SHA: 1819150907.8078432
  m_CPU_enc_AES: 6999834639.3287411
  m_CPU_enc_ECDSA: 1605103434.015609
  ME_ALLOC_S: 2206.0631967604995
  ME_READ_S: 19402.839648437501
  ME_READ_L: 6083.5458984375
  ME_WRITE: 6560.7158203125
  ME_LARGE: 55396.083333333336
  ME_LATENCY: 79.048840309331368
  ME_THREADED: 47711.033203125
  SUMM_CPU: 10041.106742695702
  SUMM_ME: 1674.5018227328242
SystemInformation:
  OSName: Ubuntu 24.04.4 LTS
  Kernel: 6.8.0-117-generic
  Device: ""
  Processor: Intel(R) Xeon(R) Platinum 8163 CPU @ 2.50GHz
  NumSockets: 1
  Manufacturer: GenuineIntel
  NumCores: 4
  NumLogicals: 8
  CPUFrequency: 2500
  CPUMaxFrequency: 3100
  Memory: 63791
  CPUInfo:
    number: 1
    Family: 6
    Model: 5
    stepping: 4
    features: 529267711
    manufacture: GenuineIntel
    typestring: Intel(R) Xeon(R) Platinum 8163 CPU @ 2.50GHz
    iCoresPerPackage: 4
    iThreadsPerPackage: 2
    featuresEx:
      - 529267711
      - 4294586883
      - 739248128
    bHybrid: false
    nPCore: 0
    nLogicalsPerPCore: 0
    nECore: 0
    nLogicalsPerECore: 0
  MemModuleInfo:
    iNumMemSticks: 4
    DIMM 1:
      manufacturer: Alibaba Cloud
      modulePartNo: Not Specified
      memType: RAM
      size: 16
      clkspeed: 0
      moduleVoltage: 0
    DIMM 2:
      manufacturer: Alibaba Cloud
      modulePartNo: Not Specified
      memType: RAM
      size: 16
      clkspeed: 0
      moduleVoltage: 0
    DIMM 3:
      manufacturer: Alibaba Cloud
      modulePartNo: Not Specified
      memType: RAM
      size: 16
      clkspeed: 0
      moduleVoltage: 0
    DIMM 4:
      manufacturer: Alibaba Cloud
      modulePartNo: Not Specified
      memType: RAM
      size: 16
      clkspeed: 0
      moduleVoltage: 0
Checksum: 0DE94360D6A38A523505CB0AF01220A123808235