BaselineInfo:
  WebDBID: -1
  TimeStamp: 20260405032639
Version:
  Major: 11
  Minor: 0
  Build: 1004
  SpecialBuildName: ""
  ptArchitecture: x86_64_linux
Results:
  Results Complete: true
  NumTestProcesses: 32
  CPU_INTEGER_MATH: 78589.734333333356
  CPU_FLOATINGPOINT_MATH: 42178.768516035256
  CPU_PRIME: 106.830469878222
  CPU_SORTING: 47040.533053861829
  CPU_ENCRYPTION: 10869.192517610365
  CPU_COMPRESSION: 362016.33772428287
  CPU_SINGLETHREAD: 1689.4477188114158
  CPU_PHYSICS: 2164.9106227380707
  CPU_MATRIX_MULT_SSE: 23916.406136010359
  CPU_mm: 2393.6304805276222
  CPU_sse: 8482.4198751542517
  CPU_fma: 29202.551944027007
  CPU_avx: 20641.856179838316
  CPU_avx512: 37338.796545021847
  m_CPU_enc_SHA: 3548725776.5989866
  m_CPU_enc_AES: 27430615131.713848
  m_CPU_enc_ECDSA: 3212182331.7245827
  ME_ALLOC_S: 8541.5574859538192
  ME_READ_S: 19413.807812499999
  ME_READ_L: 6448.19482421875
  ME_WRITE: 7030.53564453125
  ME_LARGE: 114343.66666666667
  ME_LATENCY: 78.750957808894228
  ME_THREADED: 83214.024658203125
  SUMM_CPU: 23053.995210966899
  SUMM_ME: 1814.8041679439975
SystemInformation:
  OSName: Ubuntu 24.04.4 LTS
  Kernel: 6.8.0-106-generic
  Device: ""
  Processor: Intel(R) Xeon(R) Platinum 8163 CPU @ 2.50GHz
  NumSockets: 1
  Manufacturer: GenuineIntel
  NumCores: 16
  NumLogicals: 32
  CPUFrequency: 2500
  CPUMaxFrequency: 3100
  Memory: 128295
  CPUInfo:
    number: 1
    Family: 6
    Model: 5
    stepping: 4
    features: 529267711
    manufacture: GenuineIntel
    typestring: Intel(R) Xeon(R) Platinum 8163 CPU @ 2.50GHz
    iCoresPerPackage: 16
    iThreadsPerPackage: 2
    featuresEx:
      - 529267711
      - 4294586883
      - 739248128
    bHybrid: false
    nPCore: 0
    nLogicalsPerPCore: 0
    nECore: 0
    nLogicalsPerECore: 0
  MemModuleInfo:
    iNumMemSticks: 8
    DIMM 1:
      manufacturer: Alibaba Cloud
      modulePartNo: Not Specified
      memType: RAM
      size: 16
      clkspeed: 0
      moduleVoltage: 0
    DIMM 2:
      manufacturer: Alibaba Cloud
      modulePartNo: Not Specified
      memType: RAM
      size: 16
      clkspeed: 0
      moduleVoltage: 0
    DIMM 3:
      manufacturer: Alibaba Cloud
      modulePartNo: Not Specified
      memType: RAM
      size: 16
      clkspeed: 0
      moduleVoltage: 0
    DIMM 4:
      manufacturer: Alibaba Cloud
      modulePartNo: Not Specified
      memType: RAM
      size: 16
      clkspeed: 0
      moduleVoltage: 0
    DIMM 5:
      manufacturer: Alibaba Cloud
      modulePartNo: Not Specified
      memType: RAM
      size: 16
      clkspeed: 0
      moduleVoltage: 0
    DIMM 6:
      manufacturer: Alibaba Cloud
      modulePartNo: Not Specified
      memType: RAM
      size: 16
      clkspeed: 0
      moduleVoltage: 0
    DIMM 7:
      manufacturer: Alibaba Cloud
      modulePartNo: Not Specified
      memType: RAM
      size: 16
      clkspeed: 0
      moduleVoltage: 0
    DIMM 8:
      manufacturer: Alibaba Cloud
      modulePartNo: Not Specified
      memType: RAM
      size: 16
      clkspeed: 0
      moduleVoltage: 0
Checksum: B3540CE484A4DA279A49D65C17068782958B65E2