---
system-info:
      stress-ng-version: 0.17.08
      run-by: root
      date-yyyy-mm-dd: 2024:06:06
      time-hh-mm-ss: 16:26:37
      epoch-secs: 1717691197
      hostname: b4469ed92c5b
      sysname: Linux
      nodename: b4469ed92c5b
      release: 6.8.0-1008-aws
      version: '#8-Ubuntu SMP Sat Apr 20 02:43:14 UTC 2024'
      machine: aarch64
      compiler: 'musl-gcc 13.2.1'
      uptime: 164
      totalram: 1920221184
      freeram: 92450816
      sharedram: 35016704
      bufferram: 72912896
      totalswap: 0
      freeswap: 0
      pagesize: 4096
      cpus: 1
      cpus-online: 1
      ticks-per-second: 100

metrics:
    - stressor: cpu
      bogo-ops: 4193
      bogo-ops-per-second-usr-sys-time: 424.187960
      bogo-ops-per-second-real-time: 417.095580
      wall-clock-time: 10.052852
      user-time: 9.881790
      system-time: 0.002979
      cpu-usage-per-instance: 98.328010
      max-rss: 4264

...
