---
system-info:
      stress-ng-version: 0.17.08
      run-by: root
      date-yyyy-mm-dd: 2024:06:14
      time-hh-mm-ss: 08:42:48
      epoch-secs: 1718354568
      hostname: f252ddc92d82
      sysname: Linux
      nodename: f252ddc92d82
      release: 6.8.0-1008-aws
      version: '#8-Ubuntu SMP Sat Apr 20 02:43:14 UTC 2024'
      machine: aarch64
      compiler: 'musl-gcc 13.2.1'
      uptime: 158
      totalram: 1920221184
      freeram: 132214784
      sharedram: 35008512
      bufferram: 94982144
      totalswap: 0
      freeswap: 0
      pagesize: 4096
      cpus: 1
      cpus-online: 1
      ticks-per-second: 100

metrics:
    - stressor: cpu
      bogo-ops: 30202
      bogo-ops-per-second-usr-sys-time: 1531.957199
      bogo-ops-per-second-real-time: 1510.094797
      wall-clock-time: 20.000069
      user-time: 19.712668
      system-time: 0.001982
      cpu-usage-per-instance: 98.572910
      max-rss: 1320

...
