---
system-info:
      stress-ng-version: 0.17.08
      run-by: root
      date-yyyy-mm-dd: 2024:09:07
      time-hh-mm-ss: 18:31:12
      epoch-secs: 1725733872
      hostname: ip-172-31-3-62
      sysname: Linux
      nodename: ip-172-31-3-62
      release: 6.8.0-1014-aws
      version: '#15-Ubuntu SMP Thu Aug  8 19:13:06 UTC 2024'
      machine: x86_64
      compiler: 'musl-gcc 13.2.1'
      uptime: 195
      totalram: 132272087040
      freeram: 123364286464
      sharedram: 70447104
      bufferram: 223350784
      totalswap: 0
      freeswap: 0
      pagesize: 4096
      cpus: 32
      cpus-online: 32
      ticks-per-second: 100

metrics:
    - stressor: cpu
      bogo-ops: 59858
      bogo-ops-per-second-usr-sys-time: 2992.965247
      bogo-ops-per-second-real-time: 2992.892543
      wall-clock-time: 20.000050
      user-time: 19.999564
      system-time: 0.000000
      cpu-usage-per-instance: 99.997571
      max-rss: 776

...
