---
system-info:
      stress-ng-version: 0.17.08
      run-by: root
      date-yyyy-mm-dd: 2024:09:10
      time-hh-mm-ss: 22:53:10
      epoch-secs: 1726008790
      hostname: ip-172-31-2-29
      sysname: Linux
      nodename: ip-172-31-2-29
      release: 6.8.0-1014-aws
      version: '#15-Ubuntu SMP Thu Aug  8 19:13:06 UTC 2024'
      machine: x86_64
      compiler: 'musl-gcc 13.2.1'
      uptime: 195
      totalram: 132272095232
      freeram: 123374731264
      sharedram: 70447104
      bufferram: 221478912
      totalswap: 0
      freeswap: 0
      pagesize: 4096
      cpus: 32
      cpus-online: 32
      ticks-per-second: 100

metrics:
    - stressor: cpu
      bogo-ops: 59844
      bogo-ops-per-second-usr-sys-time: 2992.377598
      bogo-ops-per-second-real-time: 2992.187837
      wall-clock-time: 20.000081
      user-time: 19.998813
      system-time: 0.000000
      cpu-usage-per-instance: 99.993659
      max-rss: 1032

...
