---
system-info:
      stress-ng-version: 0.17.08
      run-by: root
      date-yyyy-mm-dd: 2024:06:09
      time-hh-mm-ss: 20:40:37
      epoch-secs: 1717965637
      hostname: cff4d2101e3c
      sysname: Linux
      nodename: cff4d2101e3c
      release: 6.8.0-1008-aws
      version: '#8-Ubuntu SMP Sat Apr 20 00:46:25 UTC 2024'
      machine: x86_64
      compiler: 'musl-gcc 13.2.1'
      uptime: 104
      totalram: 264579411968
      freeram: 259812085760
      sharedram: 37249024
      bufferram: 111783936
      totalswap: 0
      freeswap: 0
      pagesize: 4096
      cpus: 32
      cpus-online: 32
      ticks-per-second: 100

metrics:
    - stressor: cpu
      bogo-ops: 572821
      bogo-ops-per-second-usr-sys-time: 1792.087133
      bogo-ops-per-second-real-time: 57273.746989
      wall-clock-time: 10.001458
      user-time: 319.602054
      system-time: 0.036980
      cpu-usage-per-instance: 99.872632
      max-rss: 3848

...
