---
system-info:
      stress-ng-version: 0.17.08
      run-by: root
      date-yyyy-mm-dd: 2024:06:15
      time-hh-mm-ss: 23:20:31
      epoch-secs: 1718493631
      hostname: f364495851bd
      sysname: Linux
      nodename: f364495851bd
      release: 6.8.0-1008-aws
      version: '#8-Ubuntu SMP Sat Apr 20 00:46:25 UTC 2024'
      machine: x86_64
      compiler: 'musl-gcc 13.2.1'
      uptime: 107
      totalram: 264579420160
      freeram: 259952533504
      sharedram: 37249024
      bufferram: 108994560
      totalswap: 0
      freeswap: 0
      pagesize: 4096
      cpus: 32
      cpus-online: 32
      ticks-per-second: 100

metrics:
    - stressor: cpu
      bogo-ops: 1967189
      bogo-ops-per-second-usr-sys-time: 3077.497539
      bogo-ops-per-second-real-time: 98360.276755
      wall-clock-time: 19.999832
      user-time: 639.195094
      system-time: 0.021989
      cpu-usage-per-instance: 99.878509
      max-rss: 1032

...
