BaselineInfo:
  WebDBID: -1
  TimeStamp: 20241121104433
Version:
  Major: 11
  Minor: 0
  Build: 1002
  SpecialBuildName: ""
  ptArchitecture: x86_64_linux
Results:
  Results Complete: true
  NumTestProcesses: 2
  CPU_INTEGER_MATH: 9435.0243333333328
  CPU_FLOATINGPOINT_MATH: 5290.9714886059028
  CPU_PRIME: 24.152740022780538
  CPU_SORTING: 5837.7422867836258
  CPU_ENCRYPTION: 2396.9986279495079
  CPU_COMPRESSION: 39318.805548293938
  CPU_SINGLETHREAD: 2846.4108962131586
  CPU_PHYSICS: 487.80263177300679
  CPU_MATRIX_MULT_SSE: 2617.5351265598747
  CPU_mm: 253.14638854453162
  CPU_sse: 1101.3541198342605
  CPU_fma: 3488.5163368150497
  CPU_avx: 2874.8277102732291
  CPU_avx512: 3005.4423393169609
  m_CPU_enc_SHA: 3344850963.5582213
  m_CPU_enc_AES: 2268552306.6801534
  m_CPU_enc_ECDSA: 1926902429.6639748
  ME_ALLOC_S: 951.96349416374346
  ME_READ_S: 27594.948046875001
  ME_READ_L: 27229.384765625
  ME_WRITE: 26603.640625
  ME_LARGE: 1199
  ME_LATENCY: 89.466911895345561
  ME_THREADED: 27394.7470703125
  SUMM_CPU: 3829.463878057154
  SUMM_ME: 1333.2019507124965
SystemInformation:
  OSName: Ubuntu 24.04.1 LTS
  Kernel: 6.8.0-1017-azure
  Device: ""
  Processor: AMD EPYC 9V74 80-Core Processor
  NumSockets: 1
  Manufacturer: AuthenticAMD
  NumCores: 1
  NumLogicals: 2
  CPUFrequency: 0
  Memory: 3912
  MemModuleInfo:
    iNumMemSticks: 2
    DIMM 1:
      manufacturer: Microsoft Corporation
      modulePartNo: None
      memType: Unknown
      size: 1
      clkspeed: 0
      moduleVoltage: 0
    DIMM 2:
      manufacturer: Microsoft Corporation
      modulePartNo: None
      memType: Unknown
      size: 3
      clkspeed: 0
      moduleVoltage: 0
Checksum: 0BE7CD6735CDD25E505CC27F3FA8864DB77160D2