---
system-info:
      stress-ng-version: 0.17.08
      run-by: root
      date-yyyy-mm-dd: 2024:07:12
      time-hh-mm-ss: 07:33:24
      epoch-secs: 1720769604
      hostname: ip-172-31-23-29
      sysname: Linux
      nodename: ip-172-31-23-29
      release: 6.8.0-1010-aws
      version: '#10-Ubuntu SMP Thu Jun 13 17:36:15 UTC 2024'
      machine: x86_64
      compiler: 'musl-gcc 13.2.1'
      uptime: 290
      totalram: 260337795072
      freeram: 252075827200
      sharedram: 37699584
      bufferram: 130420736
      totalswap: 0
      freeswap: 0
      pagesize: 4096
      cpus: 64
      cpus-online: 64
      ticks-per-second: 100

metrics:
    - stressor: cpu
      bogo-ops: 1911273
      bogo-ops-per-second-usr-sys-time: 1493.947704
      bogo-ops-per-second-real-time: 95563.372355
      wall-clock-time: 20.000058
      user-time: 1279.301997
      system-time: 0.041982
      cpu-usage-per-instance: 99.948458
      max-rss: 512

...
