BaselineInfo:
  WebDBID: -1
  TimeStamp: 20241107062214
Version:
  Major: 11
  Minor: 0
  Build: 1002
  SpecialBuildName: ""
  ptArchitecture: x86_64_linux
Results:
  Results Complete: true
  NumTestProcesses: 2
  CPU_INTEGER_MATH: 6163.2496666666666
  CPU_FLOATINGPOINT_MATH: 3306.5546380095152
  CPU_PRIME: 13.242695876547774
  CPU_SORTING: 3239.9235956790021
  CPU_ENCRYPTION: 847.95936178264685
  CPU_COMPRESSION: 27344.987885495226
  CPU_SINGLETHREAD: 1934.3672149526685
  CPU_PHYSICS: 275.79107856394012
  CPU_MATRIX_MULT_SSE: 1522.1129918473248
  CPU_mm: 186.39240424317398
  CPU_sse: 672.35890741332423
  CPU_fma: 1950.8540093662834
  CPU_avx: 1377.1518688075007
  CPU_avx512: 2088.0871818021906
  m_CPU_enc_SHA: 279345639.73027503
  m_CPU_enc_AES: 2140037001.9284806
  m_CPU_enc_ECDSA: 248066865.56304646
  ME_ALLOC_S: 731.04118021272893
  ME_READ_S: 23879.354101562501
  ME_READ_L: 10725.3310546875
  ME_WRITE: 9839.3994140625
  ME_LARGE: 648.58333333333337
  ME_LATENCY: 51.05711367519654
  ME_THREADED: 12832.9736328125
  SUMM_CPU: 2180.2213393839984
  SUMM_ME: 980.55639804736063
SystemInformation:
  OSName: Ubuntu 24.04.1 LTS
  Kernel: 6.8.0-1015-gcp
  Device: ""
  Processor: Intel Xeon CPU @ 2.80GHz
  NumSockets: 1
  Manufacturer: GenuineIntel
  NumCores: 1
  NumLogicals: 2
  CPUFrequency: 0
  Memory: 7939
  MemModuleInfo:
    iNumMemSticks: 1
    DIMM 1:
      manufacturer: ""
      modulePartNo: ""
      memType: RAM
      size: 8
      clkspeed: 0
      moduleVoltage: 0
Checksum: C29CEAB06A5CD50438A72D95949652F89B5FFC20