BaselineInfo:
  WebDBID: -1
  TimeStamp: 20250820223655
Version:
  Major: 11
  Minor: 0
  Build: 1002
  SpecialBuildName: ""
  ptArchitecture: x86_64_linux
Results:
  Results Complete: true
  NumTestProcesses: 4
  CPU_INTEGER_MATH: 20275.422666666669
  CPU_FLOATINGPOINT_MATH: 14736.312628185013
  CPU_PRIME: 42.462163441227574
  CPU_SORTING: 10461.306792759495
  CPU_ENCRYPTION: 4522.8687495831728
  CPU_COMPRESSION: 81130.090856713767
  CPU_SINGLETHREAD: 3217.9184161518156
  CPU_PHYSICS: 950.05613228650554
  CPU_MATRIX_MULT_SSE: 5433.4836318927373
  CPU_mm: 594.63784290017441
  CPU_sse: 2457.575535745661
  CPU_fma: 6466.5585466093817
  CPU_avx: 5133.525240295472
  CPU_avx512: 7676.2752049204319
  m_CPU_enc_SHA: 4720185077.4948835
  m_CPU_enc_AES: 6152957947.5888214
  m_CPU_enc_ECDSA: 3354571840.8050704
  ME_ALLOC_S: 1792.3314546962822
  ME_READ_S: 28783.08203125
  ME_READ_L: 12719.0732421875
  ME_WRITE: 8073.4892578125
  ME_LARGE: 22072.666666666668
  ME_LATENCY: 148.82135868329564
  ME_THREADED: 18933.4365234375
  SUMM_CPU: 7924.2693309360948
  SUMM_ME: 1356.7797424291291
SystemInformation:
  OSName: Ubuntu 24.04.2 LTS
  Kernel: 6.14.0-1010-aws
  Device: ""
  Processor: Intel Xeon 6975P-C
  NumSockets: 1
  Manufacturer: GenuineIntel
  NumCores: 2
  NumLogicals: 4
  CPUFrequency: 0
  Memory: 31558
  MemModuleInfo:
    iNumMemSticks: 1
    DIMM 1:
      manufacturer: Not Specified
      modulePartNo: Not Specified
      memType: DDR5
      size: 32
      clkspeed: 3600
      moduleVoltage: 0
Checksum: 0A23FB05CC9A34AAE94DF8817E9728CFA2DD67D7