---
system-info:
      stress-ng-version: 0.17.08
      run-by: root
      date-yyyy-mm-dd: 2024:07:03
      time-hh-mm-ss: 11:24:34
      epoch-secs: 1720005874
      hostname: n2d-highcpu-224-ed473e2
      sysname: Linux
      nodename: n2d-highcpu-224-ed473e2
      release: 6.8.0-1009-gcp
      version: '#10-Ubuntu SMP Wed Jun 12 18:52:23 UTC 2024'
      machine: x86_64
      compiler: 'musl-gcc 13.2.1'
      uptime: 172
      totalram: 236553142272
      freeram: 229854711808
      sharedram: 70463488
      bufferram: 131256320
      totalswap: 0
      freeswap: 0
      pagesize: 4096
      cpus: 224
      cpus-online: 224
      ticks-per-second: 100

metrics:
    - stressor: cpu
      bogo-ops: 6042619
      bogo-ops-per-second-usr-sys-time: 1349.447031
      bogo-ops-per-second-real-time: 302129.999963
      wall-clock-time: 20.000063
      user-time: 4477.752296
      system-time: 0.095936
      cpu-usage-per-instance: 99.951655
      max-rss: 0

...
