size_kb,operation,bandwidth_mb_s,latency_ns,latency_stddev_ns,latency_samples,threads,iterations,elapsed_s
32,read,2896304.36,0,0,0,48,733138,0.379693
32,write,2270089.43,0,0,0,48,714285,0.471976
32,copy,1773868.54,0,0,0,48,542299,0.458573
32,latency,0,0.98,0.01,7,1,7,0.143037
128,read,2897597.75,0,0,0,48,201288,0.416803
128,write,2601597.83,0,0,0,48,196540,0.453275
128,copy,1877683.36,0,0,0,48,137211,0.438448
128,latency,0,2.68,0.01,7,1,7,0.645777
512,read,2564523.27,0,0,0,48,48666,0.455439
512,write,2642459.01,0,0,0,48,46049,0.418238
512,copy,1173807.40,0,0,0,48,19290,0.394409
512,latency,0,3.73,0.05,7,1,7,0.627688
1024,read,2263434.93,0,0,0,48,17592,0.373068
1024,write,2254995.36,0,0,0,48,17754,0.377913
1024,copy,927438.33,0,0,0,48,7521,0.389253
1024,latency,0,5.44,0.05,7,1,7,0.691164
2048,read,1863530.69,0,0,0,48,6807,0.350663
2048,write,1734860.98,0,0,0,48,6992,0.386908
2048,copy,335003.24,0,0,0,48,4035,1.156287
2048,latency,0,9.87,0.01,7,1,7,0.686496
8192,read,362208.96,0,0,0,48,1226,1.299758
8192,write,256434.74,0,0,0,48,1190,1.781974
8192,copy,58934.25,0,0,0,48,755,4.919381
8192,latency,0,11.46,0.03,7,1,7,0.700758
16384,read,160457.26,0,0,0,48,640,3.063246
16384,write,86976.92,0,0,0,48,597,5.271468
16384,copy,53727.03,0,0,0,48,292,4.173988
16384,latency,0,11.92,0.01,7,1,7,0.757251
32768,read,137062.20,0,0,0,48,310,3.474043
32768,write,77758.12,0,0,0,48,214,4.227262
32768,copy,52208.43,0,0,0,48,142,4.177716
32768,latency,0,15.23,0.40,7,1,7,0.808496
65536,read,137872.57,0,0,0,48,158,3.520468
65536,write,75093.45,0,0,0,48,47,1.922724
65536,copy,53429.15,0,0,0,48,65,3.737285
65536,latency,0,72.18,0.19,7,1,7,3.114529
131072,read,138700.33,0,0,0,48,79,3.499458
131072,write,78657.56,0,0,0,48,51,3.983648
131072,copy,53275.32,0,0,0,48,34,3.921065
131072,latency,0,94.65,0.45,7,1,7,8.161037
