---
system-info:
      stress-ng-version: 0.17.08
      run-by: root
      date-yyyy-mm-dd: 2024:06:21
      time-hh-mm-ss: 02:47:21
      epoch-secs: 1718938041
      hostname: 51d3a632f322
      sysname: Linux
      nodename: 51d3a632f322
      release: 6.8.0-1008-gcp
      version: '#9-Ubuntu SMP Wed May 22 18:09:04 UTC 2024'
      machine: x86_64
      compiler: 'musl-gcc 13.2.1'
      uptime: 194
      totalram: 16768077824
      freeram: 11817848832
      sharedram: 36016128
      bufferram: 135409664
      totalswap: 0
      freeswap: 0
      pagesize: 4096
      cpus: 2
      cpus-online: 2
      ticks-per-second: 100

metrics:
    - stressor: cpu
      bogo-ops: 27419
      bogo-ops-per-second-usr-sys-time: 1371.203261
      bogo-ops-per-second-real-time: 1370.937906
      wall-clock-time: 20.000176
      user-time: 19.994307
      system-time: 0.001999
      cpu-usage-per-instance: 99.980648
      max-rss: 1104

...
