BaselineInfo:
  WebDBID: -1
  TimeStamp: 20260404064229
Version:
  Major: 11
  Minor: 0
  Build: 1004
  SpecialBuildName: ""
  ptArchitecture: x86_64_linux
Results:
  Results Complete: true
  NumTestProcesses: 4
  CPU_INTEGER_MATH: 16797.322
  CPU_FLOATINGPOINT_MATH: 8606.7149714151292
  CPU_PRIME: 37.580535809845735
  CPU_SORTING: 8818.4891630883612
  CPU_ENCRYPTION: 3658.1744821457019
  CPU_COMPRESSION: 63348.262305058241
  CPU_SINGLETHREAD: 2363.3215367611861
  CPU_PHYSICS: 741.81241432423701
  CPU_MATRIX_MULT_SSE: 3420.2637646123408
  CPU_mm: 362.74510543106601
  CPU_sse: 1594.5543337097147
  CPU_fma: 4368.4329498587003
  CPU_avx: 3238.9762684563616
  CPU_avx512: 4479.0915064245874
  m_CPU_enc_SHA: 3690647496.338469
  m_CPU_enc_AES: 5546837718.0912657
  m_CPU_enc_ECDSA: 2270136682.9415002
  ME_ALLOC_S: 1984.38226493414
  ME_READ_S: 24073.073828125001
  ME_READ_L: 8820.208984375
  ME_WRITE: 8942.173828125
  ME_LARGE: 2386.1666666666665
  ME_LATENCY: 60.565647565546186
  ME_THREADED: 20057.49462890625
  SUMM_CPU: 5899.3386855736317
  SUMM_ME: 1596.9795524720905
SystemInformation:
  OSName: Ubuntu 24.04.4 LTS
  Kernel: 6.8.0-106-generic
  Device: ""
  Processor: Intel(R) Xeon(R) Platinum 8369B CPU @ 2.70GHz
  NumSockets: 1
  Manufacturer: GenuineIntel
  NumCores: 2
  NumLogicals: 4
  CPUFrequency: 0
  CPUMaxFrequency: 0
  Memory: 15070
  CPUInfo:
    number: 1
    Family: 6
    Model: 10
    stepping: 6
    features: 529267711
    manufacture: GenuineIntel
    typestring: Intel(R) Xeon(R) Platinum 8369B CPU @ 2.70GHz
    iCoresPerPackage: 2
    iThreadsPerPackage: 2
    featuresEx:
      - 529267711
      - 4277809667
      - 739248128
    bHybrid: false
    nPCore: 0
    nLogicalsPerPCore: 0
    nECore: 0
    nLogicalsPerECore: 0
  MemModuleInfo:
    iNumMemSticks: 1
    DIMM 1:
      manufacturer: Alibaba Cloud
      modulePartNo: Not Specified
      memType: RAM
      size: 16
      clkspeed: 0
      moduleVoltage: 0
Checksum: DF9C0FDA923F25F1000850E3507F6317865FBBEF