---
system-info:
      stress-ng-version: 0.17.08
      run-by: root
      date-yyyy-mm-dd: 2024:06:15
      time-hh-mm-ss: 03:56:07
      epoch-secs: 1718423767
      hostname: 63c4dcbed0d3
      sysname: Linux
      nodename: 63c4dcbed0d3
      release: 6.8.0-1008-aws
      version: '#8-Ubuntu SMP Sat Apr 20 00:46:25 UTC 2024'
      machine: x86_64
      compiler: 'musl-gcc 13.2.1'
      uptime: 127
      totalram: 32911519744
      freeram: 28500090880
      sharedram: 36982784
      bufferram: 110366720
      totalswap: 0
      freeswap: 0
      pagesize: 4096
      cpus: 8
      cpus-online: 8
      ticks-per-second: 100

metrics:
    - stressor: cpu
      bogo-ops: 61443
      bogo-ops-per-second-usr-sys-time: 3072.330499
      bogo-ops-per-second-real-time: 3072.142529
      wall-clock-time: 20.000049
      user-time: 19.998825
      system-time: 0.000000
      cpu-usage-per-instance: 99.993882
      max-rss: 1104

...
