---
system-info:
      stress-ng-version: 0.17.08
      run-by: root
      date-yyyy-mm-dd: 2024:06:08
      time-hh-mm-ss: 19:40:38
      epoch-secs: 1717875638
      hostname: 1e73a78959f5
      sysname: Linux
      nodename: 1e73a78959f5
      release: 6.8.0-1008-aws
      version: '#8-Ubuntu SMP Sat Apr 20 00:46:25 UTC 2024'
      machine: x86_64
      compiler: 'musl-gcc 13.2.1'
      uptime: 109
      totalram: 32911527936
      freeram: 28444585984
      sharedram: 36982784
      bufferram: 105357312
      totalswap: 0
      freeswap: 0
      pagesize: 4096
      cpus: 8
      cpus-online: 8
      ticks-per-second: 100

metrics:
    - stressor: cpu
      bogo-ops: 17548
      bogo-ops-per-second-usr-sys-time: 1754.759991
      bogo-ops-per-second-real-time: 1754.680060
      wall-clock-time: 10.000684
      user-time: 9.998229
      system-time: 0.001999
      cpu-usage-per-instance: 99.995445
      max-rss: 3792

...
