---
system-info:
      stress-ng-version: 0.17.08
      run-by: root
      date-yyyy-mm-dd: 2024:06:05
      time-hh-mm-ss: 19:23:24
      epoch-secs: 1717615404
      hostname: 16cc5473298b
      sysname: Linux
      nodename: 16cc5473298b
      release: 6.8.0-1008-aws
      version: '#8-Ubuntu SMP Sat Apr 20 00:46:25 UTC 2024'
      machine: x86_64
      compiler: 'musl-gcc 13.2.1'
      uptime: 126
      totalram: 8200134656
      freeram: 4164653056
      sharedram: 11636736
      bufferram: 79110144
      totalswap: 0
      freeswap: 0
      pagesize: 4096
      cpus: 4
      cpus-online: 4
      ticks-per-second: 100

metrics:
    - stressor: cpu
      bogo-ops: 13953
      bogo-ops-per-second-usr-sys-time: 1394.991149
      bogo-ops-per-second-real-time: 1394.970140
      wall-clock-time: 10.002365
      user-time: 10.002214
      system-time: 0.000000
      cpu-usage-per-instance: 99.998494
      max-rss: 4048

...
