---
system-info:
      stress-ng-version: 0.17.08
      run-by: root
      date-yyyy-mm-dd: 2024:06:12
      time-hh-mm-ss: 20:22:03
      epoch-secs: 1718223723
      hostname: 3605cbe836ea
      sysname: Linux
      nodename: 3605cbe836ea
      release: 6.8.0-1008-aws
      version: '#8-Ubuntu SMP Sat Apr 20 00:46:25 UTC 2024'
      machine: x86_64
      compiler: 'musl-gcc 13.2.1'
      uptime: 145
      totalram: 8200126464
      freeram: 3879153664
      sharedram: 11636736
      bufferram: 112017408
      totalswap: 0
      freeswap: 0
      pagesize: 4096
      cpus: 4
      cpus-online: 4
      ticks-per-second: 100

metrics:
    - stressor: cpu
      bogo-ops: 15313
      bogo-ops-per-second-usr-sys-time: 765.597978
      bogo-ops-per-second-real-time: 765.642205
      wall-clock-time: 20.000204
      user-time: 20.001359
      system-time: 0.000000
      cpu-usage-per-instance: 100.005777
      max-rss: 1104

...
