---
system-info:
      stress-ng-version: 0.17.08
      run-by: root
      date-yyyy-mm-dd: 2024:06:12
      time-hh-mm-ss: 17:40:33
      epoch-secs: 1718214033
      hostname: 6e5d5ff8b6a5
      sysname: Linux
      nodename: 6e5d5ff8b6a5
      release: 6.8.0-1008-aws
      version: '#8-Ubuntu SMP Sat Apr 20 00:46:25 UTC 2024'
      machine: x86_64
      compiler: 'musl-gcc 13.2.1'
      uptime: 149
      totalram: 8200142848
      freeram: 3870031872
      sharedram: 11636736
      bufferram: 112250880
      totalswap: 0
      freeswap: 0
      pagesize: 4096
      cpus: 4
      cpus-online: 4
      ticks-per-second: 100

metrics:
    - stressor: cpu
      bogo-ops: 31530
      bogo-ops-per-second-usr-sys-time: 1576.498345
      bogo-ops-per-second-real-time: 1576.497087
      wall-clock-time: 20.000037
      user-time: 19.999022
      system-time: 0.000999
      cpu-usage-per-instance: 99.999920
      max-rss: 1104

...
