---
system-info:
      stress-ng-version: 0.17.08
      run-by: root
      date-yyyy-mm-dd: 2024:06:16
      time-hh-mm-ss: 05:41:01
      epoch-secs: 1718516461
      hostname: 7bc915e6a4e9
      sysname: Linux
      nodename: 7bc915e6a4e9
      release: 6.8.0-1008-aws
      version: '#8-Ubuntu SMP Sat Apr 20 00:46:25 UTC 2024'
      machine: x86_64
      compiler: 'musl-gcc 13.2.1'
      uptime: 126
      totalram: 16469913600
      freeram: 12111691776
      sharedram: 66318336
      bufferram: 110313472
      totalswap: 0
      freeswap: 0
      pagesize: 4096
      cpus: 2
      cpus-online: 2
      ticks-per-second: 100

metrics:
    - stressor: cpu
      bogo-ops: 42018
      bogo-ops-per-second-usr-sys-time: 2101.042241
      bogo-ops-per-second-real-time: 2100.895717
      wall-clock-time: 20.000041
      user-time: 19.998646
      system-time: 0.000000
      cpu-usage-per-instance: 99.993026
      max-rss: 1104

...
