BaselineInfo:
  WebDBID: -1
  TimeStamp: 20260403160218
Version:
  Major: 11
  Minor: 0
  Build: 1004
  SpecialBuildName: ""
  ptArchitecture: x86_64_linux
Results:
  Results Complete: true
  NumTestProcesses: 2
  CPU_INTEGER_MATH: 6356.7719999999999
  CPU_FLOATINGPOINT_MATH: 3378.4786261881509
  CPU_PRIME: 16.141890419552865
  CPU_SORTING: 4016.1602231162242
  CPU_ENCRYPTION: 880.47769490934002
  CPU_COMPRESSION: 29294.522460916989
  CPU_SINGLETHREAD: 2084.974148748594
  CPU_PHYSICS: 304.6098621652481
  CPU_MATRIX_MULT_SSE: 1655.1818720975612
  CPU_mm: 193.4121141562961
  CPU_sse: 694.7492502179764
  CPU_fma: 2152.8783312246801
  CPU_avx: 1528.3462069621253
  CPU_avx512: 2244.7536999854633
  m_CPU_enc_SHA: 288140608.70200658
  m_CPU_enc_AES: 2223510555.1752806
  m_CPU_enc_ECDSA: 258092174.37448123
  ME_ALLOC_S: 767.04479392269968
  ME_READ_S: 24468.921875
  ME_READ_L: 10204.0498046875
  ME_WRITE: 9747.6123046875
  ME_LARGE: 1091
  ME_LATENCY: 53.914988897901139
  ME_THREADED: 12415.1376953125
  SUMM_CPU: 2342.001443142226
  SUMM_ME: 1206.778357651448
SystemInformation:
  OSName: Ubuntu 24.04.4 LTS
  Kernel: 6.8.0-106-generic
  Device: ""
  Processor: Intel(R) Xeon(R) Platinum 8269CY CPU T 3.10GHz
  NumSockets: 1
  Manufacturer: GenuineIntel
  NumCores: 1
  NumLogicals: 2
  CPUFrequency: 3100
  CPUMaxFrequency: 3800
  Memory: 3499
  CPUInfo:
    number: 1
    Family: 6
    Model: 5
    stepping: 7
    features: 529267711
    manufacture: GenuineIntel
    typestring: Intel(R) Xeon(R) Platinum 8269CY CPU T 3.10GHz
    iCoresPerPackage: 1
    iThreadsPerPackage: 2
    featuresEx:
      - 529267711
      - 4277809667
      - 739248128
    bHybrid: false
    nPCore: 0
    nLogicalsPerPCore: 0
    nECore: 0
    nLogicalsPerECore: 0
  MemModuleInfo:
    iNumMemSticks: 1
    DIMM 1:
      manufacturer: Alibaba Cloud
      modulePartNo: Not Specified
      memType: RAM
      size: 4
      clkspeed: 0
      moduleVoltage: 0
Checksum: 10F7AF4C73E0FA5A63DB8BB99F0E51D13BEAFA46