---
system-info:
      stress-ng-version: 0.17.08
      run-by: root
      date-yyyy-mm-dd: 2024:07:30
      time-hh-mm-ss: 08:39:15
      epoch-secs: 1722328755
      hostname: instance-20240730-083307
      sysname: Linux
      nodename: instance-20240730-083307
      release: 6.1.0-22-cloud-amd64
      version: '#1 SMP PREEMPT_DYNAMIC Debian 6.1.94-1 (2024-06-21)'
      machine: x86_64
      compiler: 'musl-gcc 13.2.1'
      uptime: 263
      totalram: 9334817251328
      freeram: 9315720433664
      sharedram: 324714496
      bufferram: 139845632
      totalswap: 0
      freeswap: 0
      pagesize: 4096
      cpus: 416
      cpus-online: 416
      ticks-per-second: 100

metrics:
    - stressor: cpu
      bogo-ops: 27021
      bogo-ops-per-second-usr-sys-time: 1351.639450
      bogo-ops-per-second-real-time: 1351.039612
      wall-clock-time: 20.000154
      user-time: 19.991278
      system-time: 0.000000
      cpu-usage-per-instance: 99.955621
      max-rss: 2496

...
