BaselineInfo:
  WebDBID: -1
  TimeStamp: 20250418090851
Version:
  Major: 11
  Minor: 0
  Build: 1002
  SpecialBuildName: ""
  ptArchitecture: x86_64_linux
Results:
  Results Complete: true
  NumTestProcesses: 32
  CPU_INTEGER_MATH: 152022.99899999998
  CPU_FLOATINGPOINT_MATH: 107774.76995296151
  CPU_PRIME: 315.96159254065014
  CPU_SORTING: 75310.793142169685
  CPU_ENCRYPTION: 33578.515664290891
  CPU_COMPRESSION: 548535.79779068765
  CPU_SINGLETHREAD: 2920.399832632304
  CPU_PHYSICS: 7137.7991290389909
  CPU_MATRIX_MULT_SSE: 46544.235335556543
  CPU_mm: 4321.3027353697498
  CPU_sse: 18735.07021491183
  CPU_fma: 51704.008242745927
  CPU_avx: 39334.785667142874
  CPU_avx512: 76403.077217425525
  m_CPU_enc_SHA: 35374045064.26828
  m_CPU_enc_AES: 46016065195.678108
  m_CPU_enc_ECDSA: 24238766663.652077
  ME_ALLOC_S: 16534.768749384497
  ME_READ_S: 26151.316796874999
  ME_READ_L: 7242.98681640625
  ME_WRITE: 6614.5625
  ME_LARGE: 505560.25
  ME_LATENCY: 124.02241349416001
  ME_THREADED: 251008.72607421875
  SUMM_CPU: 47154.188484452607
  SUMM_ME: 1572.3679154621311
SystemInformation:
  OSName: Ubuntu 24.04.2 LTS
  Kernel: 6.8.0-1021-azure
  Device: ""
  Processor: INTEL XEON PLATINUM 8573C
  NumSockets: 2
  Manufacturer: GenuineIntel
  NumCores: 16
  NumLogicals: 32
  CPUFrequency: 2300
  Memory: 515970
  MemModuleInfo:
    iNumMemSticks: 4
    DIMM 1:
      manufacturer: Microsoft Corporation
      modulePartNo: None
      memType: Unknown
      size: 1
      clkspeed: 0
      moduleVoltage: 0
    DIMM 2:
      manufacturer: Microsoft Corporation
      modulePartNo: None
      memType: Unknown
      size: 59
      clkspeed: 0
      moduleVoltage: 0
    DIMM 3:
      manufacturer: Microsoft Corporation
      modulePartNo: None
      memType: Unknown
      size: 196
      clkspeed: 0
      moduleVoltage: 0
    DIMM 4:
      manufacturer: Microsoft Corporation
      modulePartNo: None
      memType: Unknown
      size: 256
      clkspeed: 0
      moduleVoltage: 0
Checksum: DAF0B4EDD7AE20C75F6B36CF7DB118C4F10D00ED