---
system-info:
      stress-ng-version: 0.17.08
      run-by: root
      date-yyyy-mm-dd: 2024:09:19
      time-hh-mm-ss: 12:31:42
      epoch-secs: 1726749102
      hostname: sc-runner
      sysname: Linux
      nodename: sc-runner
      release: 6.8.0-1014-azure
      version: '#16-Ubuntu SMP Thu Aug 15 20:04:41 UTC 2024'
      machine: x86_64
      compiler: 'musl-gcc 13.2.1'
      uptime: 314
      totalram: 67413921792
      freeram: 56565960704
      sharedram: 55033856
      bufferram: 291700736
      totalswap: 0
      freeswap: 0
      pagesize: 4096
      cpus: 32
      cpus-online: 32
      ticks-per-second: 100

metrics:
    - stressor: cpu
      bogo-ops: 37997
      bogo-ops-per-second-usr-sys-time: 1899.806969
      bogo-ops-per-second-real-time: 1899.840352
      wall-clock-time: 20.000102
      user-time: 20.000453
      system-time: 0.000000
      cpu-usage-per-instance: 100.001757
      max-rss: 3080

...
