BaselineInfo:
  WebDBID: -1
  TimeStamp: 20260115204423
Version:
  Major: 11
  Minor: 0
  Build: 1004
  SpecialBuildName: ""
  ptArchitecture: x86_64_linux
Results:
  Results Complete: true
  NumTestProcesses: 16
  CPU_INTEGER_MATH: 82517.051999999996
  CPU_FLOATINGPOINT_MATH: 59761.495749877555
  CPU_PRIME: 177.15667798977276
  CPU_SORTING: 42390.293802518194
  CPU_ENCRYPTION: 18165.829064026031
  CPU_COMPRESSION: 320795.24475266522
  CPU_SINGLETHREAD: 3280.3434454852213
  CPU_PHYSICS: 3836.7113970606788
  CPU_MATRIX_MULT_SSE: 22938.91612011072
  CPU_mm: 2464.4120920765899
  CPU_sse: 10074.915411377666
  CPU_fma: 26317.977173459971
  CPU_avx: 21342.047384887701
  CPU_avx512: 34020.724510717555
  m_CPU_enc_SHA: 19133480806.791111
  m_CPU_enc_AES: 25015290329.876728
  m_CPU_enc_ECDSA: 12995985993.252628
  ME_ALLOC_S: 8778.5647823618438
  ME_READ_S: 28186.047460937501
  ME_READ_L: 15288.7060546875
  ME_WRITE: 10946.9833984375
  ME_LARGE: 241362.58333333334
  ME_LATENCY: 70.075133928946101
  ME_THREADED: 121106.10546875
  SUMM_CPU: 29213.050053201816
  SUMM_ME: 2566.3727643517782
SystemInformation:
  OSName: Ubuntu 24.04.3 LTS
  Kernel: 6.14.0-1018-aws
  Device: ""
  Processor: Intel(R) Xeon(R) 6975P-C
  NumSockets: 1
  Manufacturer: GenuineIntel
  NumCores: 8
  NumLogicals: 16
  CPUFrequency: 0
  CPUMaxFrequency: 0
  Memory: 253673
  CPUInfo:
    number: 1
    Family: 6
    Model: 13
    stepping: 1
    features: 529267711
    manufacture: GenuineIntel
    typestring: Intel(R) Xeon(R) 6975P-C
    iCoresPerPackage: 8
    iThreadsPerPackage: 2
    featuresEx:
      - 529267711
      - 4294619651
      - 739248128
    bHybrid: false
    nPCore: 0
    nLogicalsPerPCore: 0
    nECore: 0
    nLogicalsPerECore: 0
  MemModuleInfo:
    iNumMemSticks: 1
    DIMM 1:
      manufacturer: Not Specified
      modulePartNo: Not Specified
      memType: DDR5
      size: 256
      clkspeed: 3600
      moduleVoltage: 0
Checksum: 11012FCD8682BC175E7385D92116B118D4898F1D