---
system-info:
      stress-ng-version: 0.17.08
      run-by: root
      date-yyyy-mm-dd: 2024:06:09
      time-hh-mm-ss: 09:42:09
      epoch-secs: 1717926129
      hostname: 592da9752617
      sysname: Linux
      nodename: 592da9752617
      release: 6.8.0-1008-aws
      version: '#8-Ubuntu SMP Sat Apr 20 00:46:25 UTC 2024'
      machine: x86_64
      compiler: 'musl-gcc 13.2.1'
      uptime: 124
      totalram: 132914020352
      freeram: 128204484608
      sharedram: 113655808
      bufferram: 106418176
      totalswap: 0
      freeswap: 0
      pagesize: 4096
      cpus: 32
      cpus-online: 32
      ticks-per-second: 100

metrics:
    - stressor: cpu
      bogo-ops: 20580
      bogo-ops-per-second-usr-sys-time: 2057.839489
      bogo-ops-per-second-real-time: 2057.826074
      wall-clock-time: 10.000845
      user-time: 9.999948
      system-time: 0.000832
      cpu-usage-per-instance: 99.999348
      max-rss: 3848

...
