---
system-info:
      stress-ng-version: 0.17.08
      run-by: root
      date-yyyy-mm-dd: 2024:06:15
      time-hh-mm-ss: 11:29:58
      epoch-secs: 1718450998
      hostname: eaa32db2b546
      sysname: Linux
      nodename: eaa32db2b546
      release: 6.8.0-1008-aws
      version: '#8-Ubuntu SMP Sat Apr 20 00:46:25 UTC 2024'
      machine: x86_64
      compiler: 'musl-gcc 13.2.1'
      uptime: 145
      totalram: 132913991680
      freeram: 128204722176
      sharedram: 113655808
      bufferram: 109916160
      totalswap: 0
      freeswap: 0
      pagesize: 4096
      cpus: 32
      cpus-online: 32
      ticks-per-second: 100

metrics:
    - stressor: cpu
      bogo-ops: 38917
      bogo-ops-per-second-usr-sys-time: 1945.849027
      bogo-ops-per-second-real-time: 1945.841533
      wall-clock-time: 20.000087
      user-time: 20.000010
      system-time: 0.000000
      cpu-usage-per-instance: 99.999615
      max-rss: 1032

...
