BaselineInfo:
  WebDBID: -1
  TimeStamp: 20241109194802
Version:
  Major: 11
  Minor: 0
  Build: 1002
  SpecialBuildName: ""
  ptArchitecture: x86_64_linux
Results:
  Results Complete: true
  NumTestProcesses: 64
  CPU_INTEGER_MATH: 269319.99266666669
  CPU_FLOATINGPOINT_MATH: 137681.85032527731
  CPU_PRIME: 379.54402436786665
  CPU_SORTING: 136787.81482193136
  CPU_ENCRYPTION: 58455.025641741682
  CPU_COMPRESSION: 977470.05099367863
  CPU_SINGLETHREAD: 2391.1041427736027
  CPU_PHYSICS: 6466.1884312374441
  CPU_MATRIX_MULT_SSE: 57167.045770831384
  CPU_mm: 5798.079861225634
  CPU_sse: 25561.807382517811
  CPU_fma: 70154.509463281836
  CPU_avx: 51813.387891782077
  CPU_avx512: 81138.478345743802
  m_CPU_enc_SHA: 58998032887.282593
  m_CPU_enc_AES: 88858080056.639771
  m_CPU_enc_ECDSA: 36027497958.022499
  ME_ALLOC_S: 30366.559881700472
  ME_READ_S: 24368.885351562501
  ME_READ_L: 12568.0302734375
  ME_WRITE: 11287.615234375
  ME_LARGE: 503551.58333333331
  ME_LATENCY: 51.362662815333088
  ME_THREADED: 233023.97241210938
  SUMM_CPU: 60629.992939197175
  SUMM_ME: 2896.3128912168104
SystemInformation:
  OSName: Ubuntu 24.04.1 LTS
  Kernel: 6.8.0-1017-azure
  Device: ""
  Processor: Intel Xeon Platinum 8370C CPU @ 2.80GHz
  NumSockets: 2
  Manufacturer: GenuineIntel
  NumCores: 32
  NumLogicals: 64
  CPUFrequency: 2800
  Memory: 515957
  MemModuleInfo:
    iNumMemSticks: 4
    DIMM 1:
      manufacturer: Microsoft Corporation
      modulePartNo: None
      memType: Unknown
      size: 1
      clkspeed: 0
      moduleVoltage: 0
    DIMM 2:
      manufacturer: Microsoft Corporation
      modulePartNo: None
      memType: Unknown
      size: 59
      clkspeed: 0
      moduleVoltage: 0
    DIMM 3:
      manufacturer: Microsoft Corporation
      modulePartNo: None
      memType: Unknown
      size: 196
      clkspeed: 0
      moduleVoltage: 0
    DIMM 4:
      manufacturer: Microsoft Corporation
      modulePartNo: None
      memType: Unknown
      size: 256
      clkspeed: 0
      moduleVoltage: 0
Checksum: 2EBFAD74A4BDCF41593C37896DF1B1A51C2FB8AF