BaselineInfo:
  WebDBID: -1
  TimeStamp: 20260404113805
Version:
  Major: 11
  Minor: 0
  Build: 1004
  SpecialBuildName: ""
  ptArchitecture: x86_64_linux
Results:
  Results Complete: true
  NumTestProcesses: 8
  CPU_INTEGER_MATH: 23428.059333333335
  CPU_FLOATINGPOINT_MATH: 12569.36947048408
  CPU_PRIME: 58.53466270204369
  CPU_SORTING: 14681.356058102292
  CPU_ENCRYPTION: 3243.6186000322141
  CPU_COMPRESSION: 108570.0889305545
  CPU_SINGLETHREAD: 1979.1447817166345
  CPU_PHYSICS: 968.84471125477899
  CPU_MATRIX_MULT_SSE: 6425.5617693115128
  CPU_mm: 712.28074669127841
  CPU_sse: 2569.4186145761882
  CPU_fma: 7882.3924532138644
  CPU_avx: 5559.6240040471994
  CPU_avx512: 9690.812005408794
  m_CPU_enc_SHA: 1059385509.5091063
  m_CPU_enc_AES: 8184789965.6594639
  m_CPU_enc_ECDSA: 959366376.27356672
  ME_ALLOC_S: 2855.439673352716
  ME_READ_S: 22787.413671875001
  ME_READ_L: 10265.353515625
  ME_WRITE: 9978.919921875
  ME_LARGE: 18309.5
  ME_LATENCY: 52.461633646480777
  ME_THREADED: 47605.08447265625
  SUMM_CPU: 8286.3924556028596
  SUMM_ME: 2333.7182771579787
SystemInformation:
  OSName: Ubuntu 24.04.4 LTS
  Kernel: 6.8.0-106-generic
  Device: ""
  Processor: Intel(R) Xeon(R) Platinum 8269CY CPU @ 2.50GHz
  NumSockets: 1
  Manufacturer: GenuineIntel
  NumCores: 4
  NumLogicals: 8
  CPUFrequency: 0
  CPUMaxFrequency: 0
  Memory: 31190
  CPUInfo:
    number: 1
    Family: 6
    Model: 5
    stepping: 7
    features: 529267711
    manufacture: GenuineIntel
    typestring: Intel(R) Xeon(R) Platinum 8269CY CPU @ 2.50GHz
    iCoresPerPackage: 4
    iThreadsPerPackage: 2
    featuresEx:
      - 529267711
      - 4277809667
      - 739248128
    bHybrid: false
    nPCore: 0
    nLogicalsPerPCore: 0
    nECore: 0
    nLogicalsPerECore: 0
  MemModuleInfo:
    iNumMemSticks: 2
    DIMM 1:
      manufacturer: Alibaba Cloud
      modulePartNo: Not Specified
      memType: RAM
      size: 16
      clkspeed: 0
      moduleVoltage: 0
    DIMM 2:
      manufacturer: Alibaba Cloud
      modulePartNo: Not Specified
      memType: RAM
      size: 16
      clkspeed: 0
      moduleVoltage: 0
Checksum: 380F26DB7E07BC8E7D1BC318071701B57026E0E6