BaselineInfo:
  WebDBID: -1
  TimeStamp: 20260404002054
Version:
  Major: 11
  Minor: 0
  Build: 1004
  SpecialBuildName: ""
  ptArchitecture: x86_64_linux
Results:
  Results Complete: true
  NumTestProcesses: 4
  CPU_INTEGER_MATH: 9829.737000000001
  CPU_FLOATINGPOINT_MATH: 5275.2012882340814
  CPU_PRIME: 26.141371621217775
  CPU_SORTING: 6175.9028032798951
  CPU_ENCRYPTION: 1353.632586094966
  CPU_COMPRESSION: 45790.324401737947
  CPU_SINGLETHREAD: 1652.0125745484406
  CPU_PHYSICS: 480.53480318764076
  CPU_MATRIX_MULT_SSE: 2985.2409124750402
  CPU_mm: 299.30385978143931
  CPU_sse: 1068.3524741293245
  CPU_fma: 3650.4661112408085
  CPU_avx: 2581.5795294921086
  CPU_avx512: 4640.5655350379202
  m_CPU_enc_SHA: 443264950.08715945
  m_CPU_enc_AES: 3414241839.6571474
  m_CPU_enc_ECDSA: 400653138.04703772
  ME_ALLOC_S: 1126.1994442965483
  ME_READ_S: 19340.036914062501
  ME_READ_L: 7115.1904296875
  ME_WRITE: 7273.37744140625
  ME_LARGE: 1571.6666666666667
  ME_LATENCY: 74.93376541551153
  ME_THREADED: 20520.4638671875
  SUMM_CPU: 3646.622484945221
  SUMM_ME: 1229.2761014514529
SystemInformation:
  OSName: Ubuntu 24.04.4 LTS
  Kernel: 6.8.0-106-generic
  Device: ""
  Processor: Intel(R) Xeon(R) Platinum 8269CY CPU @ 2.50GHz
  NumSockets: 1
  Manufacturer: GenuineIntel
  NumCores: 2
  NumLogicals: 4
  CPUFrequency: 0
  CPUMaxFrequency: 0
  Memory: 3531
  CPUInfo:
    number: 1
    Family: 6
    Model: 5
    stepping: 7
    features: 529267711
    manufacture: GenuineIntel
    typestring: Intel(R) Xeon(R) Platinum 8269CY CPU @ 2.50GHz
    iCoresPerPackage: 2
    iThreadsPerPackage: 2
    featuresEx:
      - 529267711
      - 4277809667
      - 739248128
    bHybrid: false
    nPCore: 0
    nLogicalsPerPCore: 0
    nECore: 0
    nLogicalsPerECore: 0
  MemModuleInfo:
    iNumMemSticks: 1
    DIMM 1:
      manufacturer: Alibaba Cloud
      modulePartNo: Not Specified
      memType: RAM
      size: 4
      clkspeed: 0
      moduleVoltage: 0
Checksum: F2BD1B2B00587DDB6700FD95FC819F7141406A42