---
system-info:
      stress-ng-version: 0.17.08
      run-by: root
      date-yyyy-mm-dd: 2024:09:03
      time-hh-mm-ss: 08:51:26
      epoch-secs: 1725353486
      hostname: sc-runner
      sysname: Linux
      nodename: sc-runner
      release: 6.8.0-1013-azure
      version: '#15-Ubuntu SMP Thu Aug  8 18:40:40 UTC 2024'
      machine: x86_64
      compiler: 'musl-gcc 13.2.1'
      uptime: 318
      totalram: 33649876992
      freeram: 25038888960
      sharedram: 54935552
      bufferram: 209657856
      totalswap: 0
      freeswap: 0
      pagesize: 4096
      cpus: 8
      cpus-online: 8
      ticks-per-second: 100

metrics:
    - stressor: cpu
      bogo-ops: 155104
      bogo-ops-per-second-usr-sys-time: 972.057350
      bogo-ops-per-second-real-time: 7755.169665
      wall-clock-time: 20.000078
      user-time: 159.541613
      system-time: 0.020989
      cpu-usage-per-instance: 99.726236
      max-rss: 3256

...
