BaselineInfo:
  WebDBID: -1
  TimeStamp: 20241109152434
Version:
  Major: 11
  Minor: 0
  Build: 1002
  SpecialBuildName: ""
  ptArchitecture: x86_64_linux
Results:
  Results Complete: true
  NumTestProcesses: 48
  CPU_INTEGER_MATH: 202039.58800000002
  CPU_FLOATINGPOINT_MATH: 103292.99711846265
  CPU_PRIME: 341.20498512806944
  CPU_SORTING: 103214.22133366718
  CPU_ENCRYPTION: 43840.965396166001
  CPU_COMPRESSION: 735160.51590300223
  CPU_SINGLETHREAD: 2431.9632426033718
  CPU_PHYSICS: 5463.0894772780857
  CPU_MATRIX_MULT_SSE: 42897.408474070318
  CPU_mm: 4350.1225920446504
  CPU_sse: 19173.54592630488
  CPU_fma: 52610.02645786004
  CPU_avx: 38868.491739914876
  CPU_avx512: 60937.569772201467
  m_CPU_enc_SHA: 44322351395.311073
  m_CPU_enc_AES: 66721818571.810394
  m_CPU_enc_ECDSA: 26867582426.628941
  ME_ALLOC_S: 22997.622628534187
  ME_READ_S: 24354.522656249999
  ME_READ_L: 12076.2353515625
  ME_WRITE: 11020.6181640625
  ME_LARGE: 375152.75
  ME_LATENCY: 51.801621690161561
  ME_THREADED: 218272.87744140625
  SUMM_CPU: 50651.262918507709
  SUMM_ME: 2844.6214716045511
SystemInformation:
  OSName: Ubuntu 24.04.1 LTS
  Kernel: 6.8.0-1017-azure
  Device: ""
  Processor: Intel Xeon Platinum 8370C CPU @ 2.80GHz
  NumSockets: 2
  Manufacturer: GenuineIntel
  NumCores: 24
  NumLogicals: 48
  CPUFrequency: 2800
  Memory: 386938
  MemModuleInfo:
    iNumMemSticks: 4
    DIMM 1:
      manufacturer: Microsoft Corporation
      modulePartNo: None
      memType: Unknown
      size: 1
      clkspeed: 0
      moduleVoltage: 0
    DIMM 2:
      manufacturer: Microsoft Corporation
      modulePartNo: None
      memType: Unknown
      size: 59
      clkspeed: 0
      moduleVoltage: 0
    DIMM 3:
      manufacturer: Microsoft Corporation
      modulePartNo: None
      memType: Unknown
      size: 132
      clkspeed: 0
      moduleVoltage: 0
    DIMM 4:
      manufacturer: Microsoft Corporation
      modulePartNo: None
      memType: Unknown
      size: 192
      clkspeed: 0
      moduleVoltage: 0
Checksum: B609B306CAF4D011810DD85128C578CC98A787AE