---
system-info:
      stress-ng-version: 0.17.08
      run-by: root
      date-yyyy-mm-dd: 2024:06:09
      time-hh-mm-ss: 23:40:40
      epoch-secs: 1717976440
      hostname: 25e3f207c097
      sysname: Linux
      nodename: 25e3f207c097
      release: 6.8.0-1008-aws
      version: '#8-Ubuntu SMP Sat Apr 20 00:46:25 UTC 2024'
      machine: x86_64
      compiler: 'musl-gcc 13.2.1'
      uptime: 104
      totalram: 66333831168
      freeram: 61634764800
      sharedram: 113565696
      bufferram: 113008640
      totalswap: 0
      freeswap: 0
      pagesize: 4096
      cpus: 8
      cpus-online: 8
      ticks-per-second: 100

metrics:
    - stressor: cpu
      bogo-ops: 130850
      bogo-ops-per-second-usr-sys-time: 1638.505636
      bogo-ops-per-second-real-time: 13083.451756
      wall-clock-time: 10.001183
      user-time: 79.847358
      system-time: 0.011995
      cpu-usage-per-instance: 99.812380
      max-rss: 4048

...
