---
system-info:
      stress-ng-version: 0.17.08
      run-by: root
      date-yyyy-mm-dd: 2024:06:16
      time-hh-mm-ss: 03:55:27
      epoch-secs: 1718510127
      hostname: 3ac9bb435dbb
      sysname: Linux
      nodename: 3ac9bb435dbb
      release: 6.8.0-1008-aws
      version: '#8-Ubuntu SMP Sat Apr 20 00:46:25 UTC 2024'
      machine: x86_64
      compiler: 'musl-gcc 13.2.1'
      uptime: 103
      totalram: 66333839360
      freeram: 61833076736
      sharedram: 113573888
      bufferram: 108564480
      totalswap: 0
      freeswap: 0
      pagesize: 4096
      cpus: 8
      cpus-online: 8
      ticks-per-second: 100

metrics:
    - stressor: cpu
      bogo-ops: 167335
      bogo-ops-per-second-usr-sys-time: 1047.644369
      bogo-ops-per-second-real-time: 8366.711999
      wall-clock-time: 20.000091
      user-time: 159.711009
      system-time: 0.013994
      cpu-usage-per-instance: 99.827673
      max-rss: 1104

...
