---
system-info:
      stress-ng-version: 0.17.08
      run-by: root
      date-yyyy-mm-dd: 2024:09:24
      time-hh-mm-ss: 03:41:58
      epoch-secs: 1727149318
      hostname: c4-highcpu-192-a9b9b2a
      sysname: Linux
      nodename: c4-highcpu-192-a9b9b2a
      release: 6.8.0-1014-gcp
      version: '#16-Ubuntu SMP Mon Aug 26 15:55:46 UTC 2024'
      machine: x86_64
      compiler: 'musl-gcc 13.2.1'
      uptime: 243
      totalram: 405681979392
      freeram: 392878305280
      sharedram: 1093251072
      bufferram: 253648896
      totalswap: 0
      freeswap: 0
      pagesize: 4096
      cpus: 192
      cpus-online: 192
      ticks-per-second: 100

metrics:
    - stressor: cpu
      bogo-ops: 41927
      bogo-ops-per-second-usr-sys-time: 2096.390356
      bogo-ops-per-second-real-time: 2096.346176
      wall-clock-time: 20.000036
      user-time: 19.999615
      system-time: 0.000000
      cpu-usage-per-instance: 99.997893
      max-rss: 0

...
