---
system-info:
      stress-ng-version: 0.17.08
      run-by: root
      date-yyyy-mm-dd: 2024:07:12
      time-hh-mm-ss: 09:53:24
      epoch-secs: 1720778004
      hostname: ip-172-31-12-51
      sysname: Linux
      nodename: ip-172-31-12-51
      release: 6.8.0-1010-aws
      version: '#10-Ubuntu SMP Thu Jun 13 17:36:15 UTC 2024'
      machine: x86_64
      compiler: 'musl-gcc 13.2.1'
      uptime: 157
      totalram: 1059345391616
      freeram: 1051876331520
      sharedram: 137981952
      bufferram: 132665344
      totalswap: 0
      freeswap: 0
      pagesize: 4096
      cpus: 128
      cpus-online: 128
      ticks-per-second: 100

metrics:
    - stressor: cpu
      bogo-ops: 59710
      bogo-ops-per-second-usr-sys-time: 2985.608676
      bogo-ops-per-second-real-time: 2985.486583
      wall-clock-time: 20.000090
      user-time: 19.998273
      system-time: 0.000999
      cpu-usage-per-instance: 99.995911
      max-rss: 0

...
