---
system-info:
      stress-ng-version: 0.17.08
      run-by: root
      date-yyyy-mm-dd: 2024:06:09
      time-hh-mm-ss: 15:20:23
      epoch-secs: 1717946423
      hostname: 5727fc3e2107
      sysname: Linux
      nodename: 5727fc3e2107
      release: 6.8.0-1008-aws
      version: '#8-Ubuntu SMP Sat Apr 20 00:46:25 UTC 2024'
      machine: x86_64
      compiler: 'musl-gcc 13.2.1'
      uptime: 129
      totalram: 1059345420288
      freeram: 1052052860928
      sharedram: 137990144
      bufferram: 111509504
      totalswap: 0
      freeswap: 0
      pagesize: 4096
      cpus: 128
      cpus-online: 128
      ticks-per-second: 100

metrics:
    - stressor: cpu
      bogo-ops: 17675
      bogo-ops-per-second-usr-sys-time: 1767.471720
      bogo-ops-per-second-real-time: 1767.345232
      wall-clock-time: 10.000876
      user-time: 9.998161
      system-time: 0.001999
      cpu-usage-per-instance: 99.992844
      max-rss: 3072

...
