---
system-info:
      stress-ng-version: 0.17.08
      run-by: root
      date-yyyy-mm-dd: 2024:09:23
      time-hh-mm-ss: 19:02:35
      epoch-secs: 1727118155
      hostname: sc-runner
      sysname: Linux
      nodename: sc-runner
      release: 6.8.0-1014-azure
      version: '#16-Ubuntu SMP Thu Aug 15 20:04:41 UTC 2024'
      machine: x86_64
      compiler: 'musl-gcc 13.2.1'
      uptime: 323
      totalram: 202597695488
      freeram: 191372234752
      sharedram: 38518784
      bufferram: 311296000
      totalswap: 0
      freeswap: 0
      pagesize: 4096
      cpus: 48
      cpus-online: 48
      ticks-per-second: 100

metrics:
    - stressor: cpu
      bogo-ops: 1294421
      bogo-ops-per-second-usr-sys-time: 1348.817465
      bogo-ops-per-second-real-time: 64720.881388
      wall-clock-time: 20.000052
      user-time: 959.643010
      system-time: 0.027986
      cpu-usage-per-instance: 99.965468
      max-rss: 1152

...
