BaselineInfo:
  WebDBID: -1
  TimeStamp: 20241107195733
Version:
  Major: 11
  Minor: 0
  Build: 1002
  SpecialBuildName: ""
  ptArchitecture: aarch64_linux
Results:
  Results Complete: true
  NumTestProcesses: 4
  CPU_INTEGER_MATH: 15659.381333333333
  CPU_FLOATINGPOINT_MATH: 11951.436199309936
  CPU_PRIME: 30.939443969729272
  CPU_SORTING: 11352.00759491853
  CPU_ENCRYPTION: 539.36931730360027
  CPU_COMPRESSION: 18488.029620045105
  CPU_SINGLETHREAD: 1109.5590420865803
  CPU_PHYSICS: 630.75574008304591
  CPU_MATRIX_MULT_SSE: 2485.7700737691498
  CPU_mm: 416.25120803660695
  CPU_sse: 2080.4957042012093
  CPU_fma: 2891.0444433370903
  CPU_avx: 0
  CPU_avx512: 0
  m_CPU_enc_SHA: 801846343.03948307
  m_CPU_enc_AES: 374990123.04881412
  m_CPU_enc_ECDSA: 519872697.69452286
  ME_ALLOC_S: 2597.0026886347473
  ME_READ_S: 9479.00390625
  ME_READ_L: 9187.8896484375
  ME_WRITE: 12505.8408203125
  ME_LARGE: 5820.416666666667
  ME_LATENCY: 72.036484398230655
  ME_THREADED: 36434.6923828125
  SUMM_CPU: 2682.8572658257103
  SUMM_ME: 1548.8734667475703
SystemInformation:
  OSName: Ubuntu 24.04.1 LTS
  Kernel: 6.8.0-1016-aws
  Device: ""
  Processor: ARM Neoverse-N1 4 Core 0 MHz
  NumSockets: 1
  Manufacturer: ARM
  NumCores: 4
  NumLogicals: 4
  CPUFrequency: 0
  Memory: 15673
Checksum: 35A0318F85859F0D9A2482278890B78092F56FD5