---
system-info:
      stress-ng-version: 0.17.08
      run-by: root
      date-yyyy-mm-dd: 2024:06:13
      time-hh-mm-ss: 10:55:57
      epoch-secs: 1718276157
      hostname: c00d8da2adba
      sysname: Linux
      nodename: c00d8da2adba
      release: 6.8.0-1008-aws
      version: '#8-Ubuntu SMP Sat Apr 20 00:46:25 UTC 2024'
      machine: x86_64
      compiler: 'musl-gcc 13.2.1'
      uptime: 147
      totalram: 200450973696
      freeram: 195753369600
      sharedram: 40935424
      bufferram: 107266048
      totalswap: 0
      freeswap: 0
      pagesize: 4096
      cpus: 48
      cpus-online: 48
      ticks-per-second: 100

metrics:
    - stressor: cpu
      bogo-ops: 27466
      bogo-ops-per-second-usr-sys-time: 1373.288533
      bogo-ops-per-second-real-time: 1373.298903
      wall-clock-time: 20.000016
      user-time: 20.000167
      system-time: 0.000000
      cpu-usage-per-instance: 100.000755
      max-rss: 1152

...
