---
system-info:
      stress-ng-version: 0.17.08
      run-by: root
      date-yyyy-mm-dd: 2024:06:07
      time-hh-mm-ss: 19:23:13
      epoch-secs: 1717788193
      hostname: df0d6cea9838
      sysname: Linux
      nodename: df0d6cea9838
      release: 6.8.0-1008-aws
      version: '#8-Ubuntu SMP Sat Apr 20 00:46:25 UTC 2024'
      machine: x86_64
      compiler: 'musl-gcc 13.2.1'
      uptime: 133
      totalram: 198337052672
      freeram: 193766526976
      sharedram: 38060032
      bufferram: 94134272
      totalswap: 0
      freeswap: 0
      pagesize: 4096
      cpus: 48
      cpus-online: 48
      ticks-per-second: 100

metrics:
    - stressor: cpu
      bogo-ops: 15026
      bogo-ops-per-second-usr-sys-time: 1502.347906
      bogo-ops-per-second-real-time: 1502.342751
      wall-clock-time: 10.001712
      user-time: 10.001678
      system-time: 0.000000
      cpu-usage-per-instance: 99.999657
      max-rss: 3840

...
