BaselineInfo:
  WebDBID: -1
  TimeStamp: 20260612192056
Version:
  Major: 11
  Minor: 0
  Build: 1004
  SpecialBuildName: ""
  ptArchitecture: x86_64_linux
Results:
  Results Complete: true
  NumTestProcesses: 16
  CPU_INTEGER_MATH: 62728.026666666672
  CPU_FLOATINGPOINT_MATH: 45228.162688774515
  CPU_PRIME: 141.0424257878359
  CPU_SORTING: 38373.660691992023
  CPU_ENCRYPTION: 8094.7061543123955
  CPU_COMPRESSION: 315417.11350364221
  CPU_SINGLETHREAD: 2075.2106014232418
  CPU_PHYSICS: 2129.9659059478445
  CPU_MATRIX_MULT_SSE: 23795.82053897169
  CPU_mm: 2785.4059196304806
  CPU_sse: 10076.165488047905
  CPU_fma: 31725.074433934878
  CPU_avx: 21853.631793767963
  CPU_avx512: 31528.410440136005
  m_CPU_enc_SHA: 4469978859.4122906
  m_CPU_enc_AES: 17089563257.409637
  m_CPU_enc_ECDSA: 3904201684.5708961
  ME_ALLOC_S: 4649.2048580834789
  ME_READ_S: 24839.647070312501
  ME_READ_L: 7147.3974609375
  ME_WRITE: 7523.7158203125
  ME_LARGE: 55554.666666666664
  ME_LATENCY: 69.32106215093691
  ME_THREADED: 94615.53515625
  SUMM_CPU: 21511.003667325553
  SUMM_ME: 2031.8767802231896
SystemInformation:
  OSName: Ubuntu 24.04.4 LTS
  Kernel: 6.8.0-124-generic
  Device: ""
  Processor: Intel Xeon Processor (Skylake, IBRS)
  NumSockets: 1
  Manufacturer: GenuineIntel
  NumCores: 8
  NumLogicals: 16
  CPUFrequency: 743
  CPUMaxFrequency: 2696
  Memory: 64294
  CPUInfo:
    number: 1
    Family: 6
    Model: 5
    stepping: 4
    features: 395049983
    manufacture: GenuineIntel
    typestring: Intel Xeon Processor (Skylake, IBRS)
    iCoresPerPackage: 8
    iThreadsPerPackage: 2
    featuresEx:
      - 395049983
      - 4294586883
      - 739248128
    bHybrid: false
    nPCore: 0
    nLogicalsPerPCore: 0
    nECore: 0
    nLogicalsPerECore: 0
  MemModuleInfo:
    iNumMemSticks: 4
    DIMM 1:
      manufacturer: QEMU
      modulePartNo: Not Specified
      memType: RAM
      size: 16
      clkspeed: 0
      moduleVoltage: 0
    DIMM 2:
      manufacturer: QEMU
      modulePartNo: Not Specified
      memType: RAM
      size: 16
      clkspeed: 0
      moduleVoltage: 0
    DIMM 3:
      manufacturer: QEMU
      modulePartNo: Not Specified
      memType: RAM
      size: 16
      clkspeed: 0
      moduleVoltage: 0
    DIMM 4:
      manufacturer: QEMU
      modulePartNo: Not Specified
      memType: RAM
      size: 16
      clkspeed: 0
      moduleVoltage: 0
Checksum: 5AB1941EBC59F5A0F615F6F9FAE9628929DBB3C0