BaselineInfo:
  WebDBID: -1
  TimeStamp: 20260620005409
Version:
  Major: 11
  Minor: 0
  Build: 1004
  SpecialBuildName: ""
  ptArchitecture: x86_64_linux
Results:
  Results Complete: true
  NumTestProcesses: 4
  CPU_INTEGER_MATH: 29979.324000000001
  CPU_FLOATINGPOINT_MATH: 29748.746317929115
  CPU_PRIME: 114.05684423684826
  CPU_SORTING: 17759.634901575773
  CPU_ENCRYPTION: 6149.4987417936654
  CPU_COMPRESSION: 131167.57142953845
  CPU_SINGLETHREAD: 3749.1999624216837
  CPU_PHYSICS: 1811.0495531237491
  CPU_MATRIX_MULT_SSE: 11392.696444640129
  CPU_mm: 1386.8998814567221
  CPU_sse: 4324.3170386663078
  CPU_fma: 16249.957126631813
  CPU_avx: 8734.3453785729926
  CPU_avx512: 16262.166234689405
  m_CPU_enc_SHA: 8619697784.0696411
  m_CPU_enc_AES: 5371164404.2342091
  m_CPU_enc_ECDSA: 5353788189.7212534
  ME_ALLOC_S: 5392.1820559921653
  ME_READ_S: 33226.538281250003
  ME_READ_L: 29819.3125
  ME_WRITE: 30563.451171875
  ME_LARGE: 120455.33333333333
  ME_LATENCY: 78.998777804603904
  ME_THREADED: 51114.228515625
  SUMM_CPU: 13194.839762284244
  SUMM_ME: 2716.7753330006549
SystemInformation:
  OSName: Ubuntu 24.04.4 LTS
  Kernel: 6.17.0-1018-azure
  Device: ""
  Processor: "AMD EPYC 9V45 96-Core Processor                "
  NumSockets: 1
  Manufacturer: AuthenticAMD
  NumCores: 4
  NumLogicals: 4
  CPUFrequency: 0
  CPUMaxFrequency: 0
  Memory: 128813
  CPUInfo:
    number: 1
    Family: 15
    Model: 2
    stepping: 1
    features: 395049983
    manufacture: AuthenticAMD
    typestring: "AMD EPYC 9V45 96-Core Processor                "
    iCoresPerPackage: 8
    iThreadsPerPackage: 1
    featuresEx:
      - 395049983
      - 4277809667
      - 802421759
    bHybrid: false
    nPCore: 0
    nLogicalsPerPCore: 0
    nECore: 0
    nLogicalsPerECore: 0
  MemModuleInfo:
    iNumMemSticks: 3
    DIMM 1:
      manufacturer: Microsoft Corporation
      modulePartNo: None
      memType: Unknown
      size: 1
      clkspeed: 0
      moduleVoltage: 0
    DIMM 2:
      manufacturer: Microsoft Corporation
      modulePartNo: None
      memType: Unknown
      size: 59
      clkspeed: 0
      moduleVoltage: 0
    DIMM 3:
      manufacturer: Microsoft Corporation
      modulePartNo: None
      memType: Unknown
      size: 68
      clkspeed: 0
      moduleVoltage: 0
Checksum: DD38DD8B75D4F9184877CF6A5B59365EAE62BE9A