---
system-info:
      stress-ng-version: 0.17.08
      run-by: root
      date-yyyy-mm-dd: 2024:06:14
      time-hh-mm-ss: 15:43:02
      epoch-secs: 1718379782
      hostname: 1b87ff5e8299
      sysname: Linux
      nodename: 1b87ff5e8299
      release: 6.8.0-1008-aws
      version: '#8-Ubuntu SMP Sat Apr 20 00:46:25 UTC 2024'
      machine: x86_64
      compiler: 'musl-gcc 13.2.1'
      uptime: 296
      totalram: 3905884160
      freeram: 206606336
      sharedram: 32772096
      bufferram: 102912000
      totalswap: 0
      freeswap: 0
      pagesize: 4096
      cpus: 1
      cpus-online: 1
      ticks-per-second: 100

metrics:
    - stressor: cpu
      bogo-ops: 18582
      bogo-ops-per-second-usr-sys-time: 949.608505
      bogo-ops-per-second-real-time: 929.092834
      wall-clock-time: 20.000154
      user-time: 19.565878
      system-time: 0.002186
      cpu-usage-per-instance: 97.839565
      max-rss: 1104

...
