---
system-info:
      stress-ng-version: 0.17.08
      run-by: root
      date-yyyy-mm-dd: 2024:06:07
      time-hh-mm-ss: 16:28:39
      epoch-secs: 1717777719
      hostname: 045659039c6a
      sysname: Linux
      nodename: 045659039c6a
      release: 6.8.0-1008-aws
      version: '#8-Ubuntu SMP Sat Apr 20 00:46:25 UTC 2024'
      machine: x86_64
      compiler: 'musl-gcc 13.2.1'
      uptime: 286
      totalram: 3905875968
      freeram: 155967488
      sharedram: 32772096
      bufferram: 90808320
      totalswap: 0
      freeswap: 0
      pagesize: 4096
      cpus: 1
      cpus-online: 1
      ticks-per-second: 100

metrics:
    - stressor: cpu
      bogo-ops: 9949
      bogo-ops-per-second-usr-sys-time: 1021.039426
      bogo-ops-per-second-real-time: 994.835129
      wall-clock-time: 10.000652
      user-time: 9.741904
      system-time: 0.002088
      cpu-usage-per-instance: 97.433567
      max-rss: 3920

...
