---
system-info:
      stress-ng-version: 0.17.08
      run-by: root
      date-yyyy-mm-dd: 2024:06:14
      time-hh-mm-ss: 06:43:36
      epoch-secs: 1718347416
      hostname: 02a0232d0d8f
      sysname: Linux
      nodename: 02a0232d0d8f
      release: 6.8.0-1008-aws
      version: '#8-Ubuntu SMP Sat Apr 20 00:46:25 UTC 2024'
      machine: x86_64
      compiler: 'musl-gcc 13.2.1'
      uptime: 110
      totalram: 8158199808
      freeram: 3802324992
      sharedram: 59883520
      bufferram: 107220992
      totalswap: 0
      freeswap: 0
      pagesize: 4096
      cpus: 4
      cpus-online: 4
      ticks-per-second: 100

metrics:
    - stressor: cpu
      bogo-ops: 76878
      bogo-ops-per-second-usr-sys-time: 965.359882
      bogo-ops-per-second-real-time: 3843.878177
      wall-clock-time: 20.000114
      user-time: 79.623635
      system-time: 0.012987
      cpu-usage-per-instance: 99.545212
      max-rss: 976

...
