---
system-info:
      stress-ng-version: 0.17.08
      run-by: root
      date-yyyy-mm-dd: 2024:06:06
      time-hh-mm-ss: 11:18:47
      epoch-secs: 1717672727
      hostname: dca016eda59c
      sysname: Linux
      nodename: dca016eda59c
      release: 6.8.0-1008-aws
      version: '#8-Ubuntu SMP Sat Apr 20 00:46:25 UTC 2024'
      machine: x86_64
      compiler: 'musl-gcc 13.2.1'
      uptime: 96
      totalram: 8158199808
      freeram: 4014989312
      sharedram: 59883520
      bufferram: 82665472
      totalswap: 0
      freeswap: 0
      pagesize: 4096
      cpus: 4
      cpus-online: 4
      ticks-per-second: 100

metrics:
    - stressor: cpu
      bogo-ops: 48907
      bogo-ops-per-second-usr-sys-time: 1229.221187
      bogo-ops-per-second-real-time: 4890.402796
      wall-clock-time: 10.000608
      user-time: 39.768005
      system-time: 0.018976
      cpu-usage-per-instance: 99.461408
      max-rss: 3920

...
