BaselineInfo:
  WebDBID: -1
  TimeStamp: 20260213124326
Version:
  Major: 11
  Minor: 0
  Build: 1004
  SpecialBuildName: ""
  ptArchitecture: x86_64_linux
Results:
  Results Complete: true
  NumTestProcesses: 12
  CPU_INTEGER_MATH: 101974.76766666665
  CPU_FLOATINGPOINT_MATH: 102338.09428269918
  CPU_PRIME: 379.28120260960947
  CPU_SORTING: 59801.043686686091
  CPU_ENCRYPTION: 21153.315423810433
  CPU_COMPRESSION: 447448.12683015416
  CPU_SINGLETHREAD: 4243.176046899368
  CPU_PHYSICS: 5427.9431145138278
  CPU_MATRIX_MULT_SSE: 41138.83373347274
  CPU_mm: 4896.0818626365426
  CPU_sse: 14711.840945610023
  CPU_fma: 57542.349307870412
  CPU_avx: 29684.106210708924
  CPU_avx512: 62617.038469701634
  m_CPU_enc_SHA: 29478764082.560574
  m_CPU_enc_AES: 18451481760.329868
  m_CPU_enc_ECDSA: 18612330778.621902
  ME_ALLOC_S: 17214.972101545125
  ME_READ_S: 37784.030078124997
  ME_READ_L: 35073.203125
  ME_WRITE: 35425.734375
  ME_LARGE: 35070.75
  ME_LATENCY: 92.159018157880993
  ME_THREADED: 213254.5703125
  SUMM_CPU: 41069.060425025775
  SUMM_ME: 2658.4913154920037
SystemInformation:
  OSName: Ubuntu 24.04.3 LTS
  Kernel: 6.14.0-1018-aws
  Device: ""
  Processor: AMD EPYC 9R05
  NumSockets: 1
  Manufacturer: AuthenticAMD
  NumCores: 12
  NumLogicals: 12
  CPUFrequency: 0
  CPUMaxFrequency: 0
  Memory: 47257
  CPUInfo:
    number: 1
    Family: 15
    Model: 2
    stepping: 1
    features: 395049983
    manufacture: AuthenticAMD
    typestring: AMD EPYC 9R05
    iCoresPerPackage: 12
    iThreadsPerPackage: 1
    featuresEx:
      - 395049983
      - 4277809667
      - 802421759
    bHybrid: false
    nPCore: 0
    nLogicalsPerPCore: 0
    nECore: 0
    nLogicalsPerECore: 0
  MemModuleInfo:
    iNumMemSticks: 1
    DIMM 1:
      manufacturer: Not Specified
      modulePartNo: Not Specified
      memType: DDR5
      size: 48
      clkspeed: 3200
      moduleVoltage: 0
Checksum: FB7D94A4C873C05E0F2C5B0C753F9F7F0FC47BAB