---
system-info:
      stress-ng-version: 0.17.08
      run-by: root
      date-yyyy-mm-dd: 2024:09:16
      time-hh-mm-ss: 09:40:25
      epoch-secs: 1726479625
      hostname: sc-runner
      sysname: Linux
      nodename: sc-runner
      release: 6.8.0-1014-azure
      version: '#16-Ubuntu SMP Thu Aug 15 20:04:41 UTC 2024'
      machine: x86_64
      compiler: 'musl-gcc 13.2.1'
      uptime: 288
      totalram: 33651994624
      freeram: 23597088768
      sharedram: 54902784
      bufferram: 229777408
      totalswap: 0
      freeswap: 0
      pagesize: 4096
      cpus: 2
      cpus-online: 2
      ticks-per-second: 100

metrics:
    - stressor: cpu
      bogo-ops: 38668
      bogo-ops-per-second-usr-sys-time: 974.616665
      bogo-ops-per-second-real-time: 1933.390320
      wall-clock-time: 20.000100
      user-time: 39.669099
      system-time: 0.005987
      cpu-usage-per-instance: 99.187218
      max-rss: 3252

...
