---
system-info:
      stress-ng-version: 0.17.08
      run-by: root
      date-yyyy-mm-dd: 2024:09:03
      time-hh-mm-ss: 09:02:08
      epoch-secs: 1725354128
      hostname: sc-runner
      sysname: Linux
      nodename: sc-runner
      release: 6.8.0-1013-azure
      version: '#15-Ubuntu SMP Thu Aug  8 18:40:40 UTC 2024'
      machine: x86_64
      compiler: 'musl-gcc 13.2.1'
      uptime: 423
      totalram: 33651625984
      freeram: 25026207744
      sharedram: 57122816
      bufferram: 217436160
      totalswap: 0
      freeswap: 0
      pagesize: 4096
      cpus: 8
      cpus-online: 8
      ticks-per-second: 100

metrics:
    - stressor: cpu
      bogo-ops: 16345
      bogo-ops-per-second-usr-sys-time: 817.248856
      bogo-ops-per-second-real-time: 817.240267
      wall-clock-time: 20.000238
      user-time: 19.998025
      system-time: 0.002003
      cpu-usage-per-instance: 99.998949
      max-rss: 3152

...
