BaselineInfo:
  WebDBID: -1
  TimeStamp: 20241107084022
Version:
  Major: 11
  Minor: 0
  Build: 1002
  SpecialBuildName: ""
  ptArchitecture: aarch64_linux
Results:
  Results Complete: true
  NumTestProcesses: 4
  CPU_INTEGER_MATH: 15756.793333333335
  CPU_FLOATINGPOINT_MATH: 11959.053824001245
  CPU_PRIME: 35.012962466495708
  CPU_SORTING: 11423.452168407452
  CPU_ENCRYPTION: 540.05015581723706
  CPU_COMPRESSION: 18502.976363214242
  CPU_SINGLETHREAD: 1110.364716312356
  CPU_PHYSICS: 713.4878598625487
  CPU_MATRIX_MULT_SSE: 2485.5272933097876
  CPU_mm: 416.24689999090276
  CPU_sse: 2079.1206596030411
  CPU_fma: 2891.9339270165342
  CPU_avx: 0
  CPU_avx512: 0
  m_CPU_enc_SHA: 802873572.75366855
  m_CPU_enc_AES: 375676103.19384056
  m_CPU_enc_ECDSA: 520301220.61113656
  ME_ALLOC_S: 2654.3051439412393
  ME_READ_S: 9485.1755859375007
  ME_READ_L: 9224.783203125
  ME_WRITE: 12541.34375
  ME_LARGE: 21814.5
  ME_LATENCY: 70.118563494744208
  ME_THREADED: 36356.6240234375
  SUMM_CPU: 2698.0951080351442
  SUMM_ME: 1671.2144331000879
SystemInformation:
  OSName: Ubuntu 24.04.1 LTS
  Kernel: 6.8.0-1016-aws
  Device: ""
  Processor: ARM Neoverse-N1 4 Core 0 MHz
  NumSockets: 1
  Manufacturer: ARM
  NumCores: 4
  NumLogicals: 4
  CPUFrequency: 0
  Memory: 31681
Checksum: 0BD29FC11C1835A59057B4DA61641A3FD510A4B8