---
system-info:
      stress-ng-version: 0.17.08
      run-by: root
      date-yyyy-mm-dd: 2024:06:15
      time-hh-mm-ss: 19:29:52
      epoch-secs: 1718479792
      hostname: 8c4676a63492
      sysname: Linux
      nodename: 8c4676a63492
      release: 6.8.0-1008-aws
      version: '#8-Ubuntu SMP Sat Apr 20 02:43:14 UTC 2024'
      machine: aarch64
      compiler: 'musl-gcc 13.2.1'
      uptime: 162
      totalram: 539748093952
      freeram: 534505558016
      sharedram: 36323328
      bufferram: 109862912
      totalswap: 0
      freeswap: 0
      pagesize: 4096
      cpus: 64
      cpus-online: 64
      ticks-per-second: 100

metrics:
    - stressor: cpu
      bogo-ops: 30459
      bogo-ops-per-second-usr-sys-time: 1522.932715
      bogo-ops-per-second-real-time: 1522.948185
      wall-clock-time: 20.000024
      user-time: 20.000227
      system-time: 0.000000
      cpu-usage-per-instance: 100.001016
      max-rss: 1024

...
