---
system-info:
      stress-ng-version: 0.17.08
      run-by: root
      date-yyyy-mm-dd: 2024:06:09
      time-hh-mm-ss: 16:43:22
      epoch-secs: 1717951402
      hostname: 5540c2ad3c81
      sysname: Linux
      nodename: 5540c2ad3c81
      release: 6.8.0-1008-aws
      version: '#8-Ubuntu SMP Sat Apr 20 02:43:14 UTC 2024'
      machine: aarch64
      compiler: 'musl-gcc 13.2.1'
      uptime: 135
      totalram: 539748093952
      freeram: 534380240896
      sharedram: 36323328
      bufferram: 110501888
      totalswap: 0
      freeswap: 0
      pagesize: 4096
      cpus: 64
      cpus-online: 64
      ticks-per-second: 100

metrics:
    - stressor: cpu
      bogo-ops: 2940
      bogo-ops-per-second-usr-sys-time: 293.923051
      bogo-ops-per-second-real-time: 293.929158
      wall-clock-time: 10.002410
      user-time: 10.000619
      system-time: 0.001999
      cpu-usage-per-instance: 100.002078
      max-rss: 3584

...
