BaselineInfo:
  WebDBID: -1
  TimeStamp: 20250107170246
Version:
  Major: 11
  Minor: 0
  Build: 1002
  SpecialBuildName: ""
  ptArchitecture: x86_64_linux
Results:
  Results Complete: true
  NumTestProcesses: 8
  CPU_INTEGER_MATH: 38417.319000000003
  CPU_FLOATINGPOINT_MATH: 27975.597947373095
  CPU_PRIME: 126.80107682101796
  CPU_SORTING: 22812.765036193698
  CPU_ENCRYPTION: 9344.2050200309841
  CPU_COMPRESSION: 168925.34599524611
  CPU_SINGLETHREAD: 2181.3839094523137
  CPU_PHYSICS: 2051.4109879243306
  CPU_MATRIX_MULT_SSE: 14383.877141297173
  CPU_mm: 1627.8736138933471
  CPU_sse: 6469.0959077307771
  CPU_fma: 21301.458061399968
  CPU_avx: 15381.077454760771
  CPU_avx512: 0
  m_CPU_enc_SHA: 13166090197.72979
  m_CPU_enc_AES: 8496654960.0862627
  m_CPU_enc_ECDSA: 7731582211.4359741
  ME_ALLOC_S: 5494.4468174495432
  ME_READ_S: 24998.071875000001
  ME_READ_L: 11482.0947265625
  ME_WRITE: 11085.17578125
  ME_LARGE: 3751.25
  ME_LATENCY: 54.99509933982123
  ME_THREADED: 49110.17724609375
  SUMM_CPU: 15655.208839950117
  SUMM_ME: 2113.4669257461883
SystemInformation:
  OSName: Ubuntu 24.04.1 LTS
  Kernel: 6.8.0-31-generic
  Device: ""
  Processor: AMD EPYC 7542 32-Core Processor
  NumSockets: 1
  Manufacturer: AuthenticAMD
  NumCores: 8
  NumLogicals: 8
  CPUFrequency: 0
  Memory: 11914
  MemModuleInfo:
    iNumMemSticks: 1
    DIMM 1:
      manufacturer: QEMU
      modulePartNo: Not Specified
      memType: RAM
      size: 12
      clkspeed: 0
      moduleVoltage: 0
Checksum: 765EBD9499876D794AC21F21497228A93C62905C