---
system-info:
      stress-ng-version: 0.17.08
      run-by: root
      date-yyyy-mm-dd: 2024:07:01
      time-hh-mm-ss: 22:51:44
      epoch-secs: 1719874304
      hostname: c2d-highcpu-16-85ff6c3
      sysname: Linux
      nodename: c2d-highcpu-16-85ff6c3
      release: 6.8.0-1009-gcp
      version: '#10-Ubuntu SMP Wed Jun 12 18:52:23 UTC 2024'
      machine: x86_64
      compiler: 'musl-gcc 13.2.1'
      uptime: 154
      totalram: 33649340416
      freeram: 28415193088
      sharedram: 35069952
      bufferram: 124669952
      totalswap: 0
      freeswap: 0
      pagesize: 4096
      cpus: 16
      cpus-online: 16
      ticks-per-second: 100

metrics:
    - stressor: cpu
      bogo-ops: 460500
      bogo-ops-per-second-usr-sys-time: 1440.895661
      bogo-ops-per-second-real-time: 23024.922666
      wall-clock-time: 20.000067
      user-time: 319.563895
      system-time: 0.028989
      cpu-usage-per-instance: 99.872441
      max-rss: 976

...
