---
system-info:
      stress-ng-version: 0.17.08
      run-by: root
      date-yyyy-mm-dd: 2024:09:03
      time-hh-mm-ss: 02:59:38
      epoch-secs: 1725332378
      hostname: sc-runner
      sysname: Linux
      nodename: sc-runner
      release: 6.8.0-1013-azure
      version: '#15-Ubuntu SMP Thu Aug  8 18:40:40 UTC 2024'
      machine: x86_64
      compiler: 'musl-gcc 13.2.1'
      uptime: 411
      totalram: 16766787584
      freeram: 8285888512
      sharedram: 57114624
      bufferram: 212619264
      totalswap: 0
      freeswap: 0
      pagesize: 4096
      cpus: 4
      cpus-online: 4
      ticks-per-second: 100

metrics:
    - stressor: cpu
      bogo-ops: 17621
      bogo-ops-per-second-usr-sys-time: 881.086433
      bogo-ops-per-second-real-time: 881.046355
      wall-clock-time: 20.000083
      user-time: 19.996153
      system-time: 0.003020
      cpu-usage-per-instance: 99.995451
      max-rss: 3152

...
