BaselineInfo:
  WebDBID: -1
  TimeStamp: 20241109170505
Version:
  Major: 11
  Minor: 0
  Build: 1002
  SpecialBuildName: ""
  ptArchitecture: x86_64_linux
Results:
  Results Complete: true
  NumTestProcesses: 24
  CPU_INTEGER_MATH: 119373.76733333334
  CPU_FLOATINGPOINT_MATH: 96692.147655205175
  CPU_PRIME: 381.71709954131006
  CPU_SORTING: 69938.965784699263
  CPU_ENCRYPTION: 25712.161225485605
  CPU_COMPRESSION: 507918.85339973529
  CPU_SINGLETHREAD: 2276.0098150618273
  CPU_PHYSICS: 5067.9822099709618
  CPU_MATRIX_MULT_SSE: 41433.691664191239
  CPU_mm: 4677.5322090958771
  CPU_sse: 19834.745386425147
  CPU_fma: 60053.307015454731
  CPU_avx: 44413.022590693894
  CPU_avx512: 0
  m_CPU_enc_SHA: 36150147689.827164
  m_CPU_enc_AES: 22893296536.590862
  m_CPU_enc_ECDSA: 21840021281.106354
  ME_ALLOC_S: 18167.189912636881
  ME_READ_S: 23324.632031249999
  ME_READ_L: 20086.294921875
  ME_WRITE: 19757.783203125
  ME_LARGE: 208602.33333333334
  ME_LATENCY: 56.029219873441029
  ME_THREADED: 92748.72509765625
  SUMM_CPU: 39845.058615999726
  SUMM_ME: 3049.8664616420356
SystemInformation:
  OSName: Ubuntu 24.04.1 LTS
  Kernel: 6.8.0-1017-azure
  Device: ""
  Processor: AMD EPYC 7V13 64-Core Processor
  NumSockets: 1
  Manufacturer: AuthenticAMD
  NumCores: 24
  NumLogicals: 24
  CPUFrequency: 0
  Memory: 221446
  MemModuleInfo:
    iNumMemSticks: 3
    DIMM 1:
      manufacturer: Microsoft Corporation
      modulePartNo: None
      memType: Unknown
      size: 1
      clkspeed: 0
      moduleVoltage: 0
    DIMM 2:
      manufacturer: Microsoft Corporation
      modulePartNo: None
      memType: Unknown
      size: 60928
      clkspeed: 0
      moduleVoltage: 0
    DIMM 3:
      manufacturer: Microsoft Corporation
      modulePartNo: None
      memType: Unknown
      size: 163328
      clkspeed: 0
      moduleVoltage: 0
Checksum: EECFAF3B6A066B67AAA829C13A7AF2AED63B98C3