BaselineInfo:
  WebDBID: -1
  TimeStamp: 20260708171159
Version:
  Major: 11
  Minor: 0
  Build: 1004
  SpecialBuildName: ""
  ptArchitecture: x86_64_linux
Results:
  Results Complete: true
  NumTestProcesses: 2
  CPU_INTEGER_MATH: 14256.468666666666
  CPU_FLOATINGPOINT_MATH: 14233.031843325374
  CPU_PRIME: 53.523099925721716
  CPU_SORTING: 8372.5835809887685
  CPU_ENCRYPTION: 2962.340352547028
  CPU_COMPRESSION: 62556.298853690154
  CPU_SINGLETHREAD: 3558.6358309567845
  CPU_PHYSICS: 922.02739453872209
  CPU_MATRIX_MULT_SSE: 5449.0992581691953
  CPU_mm: 686.5931203950073
  CPU_sse: 2055.966706312975
  CPU_fma: 8182.0944994683668
  CPU_avx: 4111.4003164329124
  CPU_avx512: 7446.9355104625265
  m_CPU_enc_SHA: 4116388376.0466261
  m_CPU_enc_AES: 2580903900.8256998
  m_CPU_enc_ECDSA: 2621424715.6647301
  ME_ALLOC_S: 2540.8879047770497
  ME_READ_S: 31772.799023437499
  ME_READ_L: 28289.076171875
  ME_WRITE: 29884.6875
  ME_LARGE: 7705
  ME_LATENCY: 80.745382154103083
  ME_THREADED: 45880.841796875
  SUMM_CPU: 6457.9687834005099
  SUMM_ME: 2319.0073931880224
SystemInformation:
  OSName: Ubuntu 24.04.4 LTS
  Kernel: 6.17.0-1018-azure
  Device: ""
  Processor: "AMD EPYC 9V45 96-Core Processor                "
  NumSockets: 1
  Manufacturer: AuthenticAMD
  NumCores: 2
  NumLogicals: 2
  CPUFrequency: 0
  CPUMaxFrequency: 0
  Memory: 15990
  CPUInfo:
    number: 1
    Family: 15
    Model: 2
    stepping: 1
    features: 395049983
    manufacture: AuthenticAMD
    typestring: "AMD EPYC 9V45 96-Core Processor                "
    iCoresPerPackage: 8
    iThreadsPerPackage: 1
    featuresEx:
      - 395049983
      - 4277809667
      - 802421759
    bHybrid: false
    nPCore: 0
    nLogicalsPerPCore: 0
    nECore: 0
    nLogicalsPerECore: 0
  MemModuleInfo:
    iNumMemSticks: 2
    DIMM 1:
      manufacturer: Microsoft Corporation
      modulePartNo: None
      memType: Unknown
      size: 1
      clkspeed: 0
      moduleVoltage: 0
    DIMM 2:
      manufacturer: Microsoft Corporation
      modulePartNo: None
      memType: Unknown
      size: 15
      clkspeed: 0
      moduleVoltage: 0
Checksum: C5F883798391BC273447C9AC1D11E942A9AF9871