---
system-info:
      stress-ng-version: 0.17.08
      run-by: root
      date-yyyy-mm-dd: 2024:09:11
      time-hh-mm-ss: 19:42:24
      epoch-secs: 1726083744
      hostname: a3-highgpu-4g-1f7aa5c
      sysname: Linux
      nodename: a3-highgpu-4g-1f7aa5c
      release: 6.8.0-1014-gcp
      version: '#16-Ubuntu SMP Mon Aug 26 15:55:46 UTC 2024'
      machine: x86_64
      compiler: 'musl-gcc 13.2.1'
      uptime: 254
      totalram: 988755283968
      freeram: 976569765888
      sharedram: 112586752
      bufferram: 268869632
      totalswap: 0
      freeswap: 0
      pagesize: 4096
      cpus: 104
      cpus-online: 104
      ticks-per-second: 100

metrics:
    - stressor: cpu
      bogo-ops: 1673658
      bogo-ops-per-second-usr-sys-time: 804.844175
      bogo-ops-per-second-real-time: 83682.499829
      wall-clock-time: 20.000096
      user-time: 2079.443814
      system-time: 0.036975
      cpu-usage-per-instance: 99.974560
      max-rss: 832

...
