BaselineInfo:
  WebDBID: -1
  TimeStamp: 20260612211329
Version:
  Major: 11
  Minor: 0
  Build: 1004
  SpecialBuildName: ""
  ptArchitecture: x86_64_linux
Results:
  Results Complete: true
  NumTestProcesses: 8
  CPU_INTEGER_MATH: 23327.854666666666
  CPU_FLOATINGPOINT_MATH: 12524.512804299664
  CPU_PRIME: 57.176942340535135
  CPU_SORTING: 14691.439624843859
  CPU_ENCRYPTION: 3231.8044174706979
  CPU_COMPRESSION: 110407.91074785028
  CPU_SINGLETHREAD: 1972.1929633383656
  CPU_PHYSICS: 944.04310189988939
  CPU_MATRIX_MULT_SSE: 6374.3387955248745
  CPU_mm: 710.10677660042529
  CPU_sse: 2535.2121837749455
  CPU_fma: 7848.9358161945765
  CPU_avx: 5549.5610737698635
  CPU_avx512: 9563.6461083601062
  m_CPU_enc_SHA: 1054687335.6460369
  m_CPU_enc_AES: 8154401398.0080004
  m_CPU_enc_ECDSA: 957288912.90722704
  ME_ALLOC_S: 2822.1868128191677
  ME_READ_S: 22648.634960937499
  ME_READ_L: 9771.8291015625
  ME_WRITE: 9570.119140625
  ME_LARGE: 54434
  ME_LATENCY: 55.158807006726427
  ME_THREADED: 46617.84375
  SUMM_CPU: 8268.0945969046061
  SUMM_ME: 2313.3735204158679
SystemInformation:
  OSName: Ubuntu 24.04.4 LTS
  Kernel: 6.8.0-117-generic
  Device: ""
  Processor: Intel(R) Xeon(R) Platinum 8269CY CPU @ 2.50GHz
  NumSockets: 1
  Manufacturer: GenuineIntel
  NumCores: 4
  NumLogicals: 8
  CPUFrequency: 0
  CPUMaxFrequency: 0
  Memory: 62877
  CPUInfo:
    number: 1
    Family: 6
    Model: 5
    stepping: 7
    features: 529267711
    manufacture: GenuineIntel
    typestring: Intel(R) Xeon(R) Platinum 8269CY CPU @ 2.50GHz
    iCoresPerPackage: 4
    iThreadsPerPackage: 2
    featuresEx:
      - 529267711
      - 4277809667
      - 739248128
    bHybrid: false
    nPCore: 0
    nLogicalsPerPCore: 0
    nECore: 0
    nLogicalsPerECore: 0
  MemModuleInfo:
    iNumMemSticks: 4
    DIMM 1:
      manufacturer: Alibaba Cloud
      modulePartNo: Not Specified
      memType: RAM
      size: 16
      clkspeed: 0
      moduleVoltage: 0
    DIMM 2:
      manufacturer: Alibaba Cloud
      modulePartNo: Not Specified
      memType: RAM
      size: 16
      clkspeed: 0
      moduleVoltage: 0
    DIMM 3:
      manufacturer: Alibaba Cloud
      modulePartNo: Not Specified
      memType: RAM
      size: 16
      clkspeed: 0
      moduleVoltage: 0
    DIMM 4:
      manufacturer: Alibaba Cloud
      modulePartNo: Not Specified
      memType: RAM
      size: 16
      clkspeed: 0
      moduleVoltage: 0
Checksum: E833952A1D4A48517948414194955744A7AFA098