BaselineInfo:
  WebDBID: -1
  TimeStamp: 20241107164058
Version:
  Major: 11
  Minor: 0
  Build: 1002
  SpecialBuildName: ""
  ptArchitecture: x86_64_linux
Results:
  Results Complete: true
  NumTestProcesses: 4
  CPU_INTEGER_MATH: 15869.848999999998
  CPU_FLOATINGPOINT_MATH: 11332.933292212159
  CPU_PRIME: 36.06500996780651
  CPU_SORTING: 8173.9220156711044
  CPU_ENCRYPTION: 3523.8131056693614
  CPU_COMPRESSION: 60012.737526283207
  CPU_SINGLETHREAD: 2468.2932104372999
  CPU_PHYSICS: 804.37915162048546
  CPU_MATRIX_MULT_SSE: 4114.9165428620718
  CPU_mm: 449.28259347648265
  CPU_sse: 1947.8560076235581
  CPU_fma: 4915.428292482633
  CPU_avx: 3709.1397520154578
  CPU_avx512: 5887.2421193266364
  m_CPU_enc_SHA: 3715484420.225481
  m_CPU_enc_AES: 4790623407.698678
  m_CPU_enc_ECDSA: 2578849725.34691
  ME_ALLOC_S: 2043.2083793863662
  ME_READ_S: 22303.1962890625
  ME_READ_L: 9514.7294921875
  ME_WRITE: 8198.09375
  ME_LARGE: 22065.666666666668
  ME_LATENCY: 71.907669326555165
  ME_THREADED: 26098.21484375
  SUMM_CPU: 6119.9561779144751
  SUMM_ME: 1888.3291957831884
SystemInformation:
  OSName: Ubuntu 24.04.1 LTS
  Kernel: 6.8.0-1015-gcp
  Device: ""
  Processor: Intel Xeon Platinum 8481C CPU @ 2.70GHz
  NumSockets: 1
  Manufacturer: GenuineIntel
  NumCores: 2
  NumLogicals: 4
  CPUFrequency: 0
  Memory: 32093
  MemModuleInfo:
    iNumMemSticks: 2
    DIMM 1:
      manufacturer: ""
      modulePartNo: ""
      memType: RAM
      size: 16
      clkspeed: 0
      moduleVoltage: 0
    DIMM 2:
      manufacturer: ""
      modulePartNo: ""
      memType: RAM
      size: 16
      clkspeed: 0
      moduleVoltage: 0
Checksum: FBADFC76553C63AC871CF35ECA9C5199CD2A3559