---
system-info:
      stress-ng-version: 0.17.08
      run-by: root
      date-yyyy-mm-dd: 2024:06:07
      time-hh-mm-ss: 21:21:11
      epoch-secs: 1717795271
      hostname: 90a59c53089a
      sysname: Linux
      nodename: 90a59c53089a
      release: 6.8.0-1008-aws
      version: '#8-Ubuntu SMP Sat Apr 20 02:43:14 UTC 2024'
      machine: aarch64
      compiler: 'musl-gcc 13.2.1'
      uptime: 136
      totalram: 264400044032
      freeram: 259688169472
      sharedram: 34951168
      bufferram: 92913664
      totalswap: 0
      freeswap: 0
      pagesize: 4096
      cpus: 64
      cpus-online: 64
      ticks-per-second: 100

metrics:
    - stressor: cpu
      bogo-ops: 2940
      bogo-ops-per-second-usr-sys-time: 293.065005
      bogo-ops-per-second-real-time: 293.067451
      wall-clock-time: 10.031820
      user-time: 10.031904
      system-time: 0.000000
      cpu-usage-per-instance: 100.000834
      max-rss: 3584

...
