---
system-info:
      stress-ng-version: 0.17.08
      run-by: root
      date-yyyy-mm-dd: 2024:06:13
      time-hh-mm-ss: 11:56:14
      epoch-secs: 1718279774
      hostname: b3a78b26c2ab
      sysname: Linux
      nodename: b3a78b26c2ab
      release: 6.8.0-1008-aws
      version: '#8-Ubuntu SMP Sat Apr 20 02:43:14 UTC 2024'
      machine: aarch64
      compiler: 'musl-gcc 13.2.1'
      uptime: 153
      totalram: 264400048128
      freeram: 259558752256
      sharedram: 34951168
      bufferram: 106262528
      totalswap: 0
      freeswap: 0
      pagesize: 4096
      cpus: 64
      cpus-online: 64
      ticks-per-second: 100

metrics:
    - stressor: cpu
      bogo-ops: 30387
      bogo-ops-per-second-usr-sys-time: 1519.331768
      bogo-ops-per-second-real-time: 1519.347374
      wall-clock-time: 20.000035
      user-time: 20.000240
      system-time: 0.000000
      cpu-usage-per-instance: 100.001027
      max-rss: 1024

...
