BaselineInfo:
  WebDBID: -1
  TimeStamp: 20260407092208
Version:
  Major: 11
  Minor: 0
  Build: 1004
  SpecialBuildName: ""
  ptArchitecture: x86_64_linux
Results:
  Results Complete: true
  NumTestProcesses: 16
  CPU_INTEGER_MATH: 55863.580999999991
  CPU_FLOATINGPOINT_MATH: 29977.48219898231
  CPU_PRIME: 93.671278416319765
  CPU_SORTING: 33995.609904479585
  CPU_ENCRYPTION: 7744.6370120706661
  CPU_COMPRESSION: 258588.03844001365
  CPU_SINGLETHREAD: 2343.0976153985521
  CPU_PHYSICS: 1643.6827966783269
  CPU_MATRIX_MULT_SSE: 14908.376515317108
  CPU_mm: 1621.4778516564033
  CPU_sse: 6077.1064647868716
  CPU_fma: 18027.189320022124
  CPU_avx: 12737.680392307231
  CPU_avx512: 22791.529884152209
  m_CPU_enc_SHA: 2525579817.2644649
  m_CPU_enc_AES: 19547676661.009392
  m_CPU_enc_ECDSA: 2289265020.4331765
  ME_ALLOC_S: 6312.2742310334406
  ME_READ_S: 26733.377343749999
  ME_READ_L: 11183.1689453125
  ME_WRITE: 10308.990234375
  ME_LARGE: 49604.916666666664
  ME_LATENCY: 47.314031349273932
  ME_THREADED: 82558.0517578125
  SUMM_CPU: 18076.578501162498
  SUMM_ME: 2769.9643353092906
SystemInformation:
  OSName: Ubuntu 24.04.4 LTS
  Kernel: 6.8.0-106-generic
  Device: ""
  Processor: Intel(R) Xeon(R) Platinum 8369HB CPU @ 3.30GHz
  NumSockets: 1
  Manufacturer: GenuineIntel
  NumCores: 8
  NumLogicals: 16
  CPUFrequency: 0
  CPUMaxFrequency: 0
  Memory: 62874
  CPUInfo:
    number: 1
    Family: 6
    Model: 5
    stepping: 11
    features: 529267711
    manufacture: GenuineIntel
    typestring: Intel(R) Xeon(R) Platinum 8369HB CPU @ 3.30GHz
    iCoresPerPackage: 8
    iThreadsPerPackage: 2
    featuresEx:
      - 529267711
      - 4277809667
      - 739248128
    bHybrid: false
    nPCore: 0
    nLogicalsPerPCore: 0
    nECore: 0
    nLogicalsPerECore: 0
  MemModuleInfo:
    iNumMemSticks: 4
    DIMM 1:
      manufacturer: Alibaba Cloud
      modulePartNo: Not Specified
      memType: RAM
      size: 16
      clkspeed: 0
      moduleVoltage: 0
    DIMM 2:
      manufacturer: Alibaba Cloud
      modulePartNo: Not Specified
      memType: RAM
      size: 16
      clkspeed: 0
      moduleVoltage: 0
    DIMM 3:
      manufacturer: Alibaba Cloud
      modulePartNo: Not Specified
      memType: RAM
      size: 16
      clkspeed: 0
      moduleVoltage: 0
    DIMM 4:
      manufacturer: Alibaba Cloud
      modulePartNo: Not Specified
      memType: RAM
      size: 16
      clkspeed: 0
      moduleVoltage: 0
Checksum: B130B69EF1E428B20CA2FC02B7527358C4049A04