BaselineInfo:
  WebDBID: -1
  TimeStamp: 20260714185646
Version:
  Major: 11
  Minor: 0
  Build: 1004
  SpecialBuildName: ""
  ptArchitecture: x86_64_linux
Results:
  Results Complete: true
  NumTestProcesses: 64
  CPU_INTEGER_MATH: 418717.29333333339
  CPU_FLOATINGPOINT_MATH: 243750.60197178257
  CPU_PRIME: 556.58497340161387
  CPU_SORTING: 170801.5023045424
  CPU_ENCRYPTION: 78510.66063332808
  CPU_COMPRESSION: 1319894.2252648131
  CPU_SINGLETHREAD: 3821.6296136723145
  CPU_PHYSICS: 11405.949053764694
  CPU_MATRIX_MULT_SSE: 98027.844703215073
  CPU_mm: 9786.8303870183518
  CPU_sse: 37083.47956077657
  CPU_fma: 106235.08424200115
  CPU_avx: 103403.397772724
  CPU_avx512: 145389.41723735855
  m_CPU_enc_SHA: 101232253258.41022
  m_CPU_enc_AES: 81558276184.705933
  m_CPU_enc_ECDSA: 64182654009.641808
  ME_ALLOC_S: 36379.169267483783
  ME_READ_S: 34188.529296875
  ME_READ_L: 31089.0625
  ME_WRITE: 30749.720703125
  ME_LARGE: 1020368.25
  ME_LATENCY: 78.439358332900227
  ME_THREADED: 223152.56225585938
  SUMM_CPU: 92807.070313937089
  SUMM_ME: 2983.5428136987694
SystemInformation:
  OSName: Ubuntu 24.04.4 LTS
  Kernel: 6.17.0-1020-azure
  Device: ""
  Processor: "AMD EPYC 9V45 96-Core Processor                "
  NumSockets: 1
  Manufacturer: AuthenticAMD
  NumCores: 32
  NumLogicals: 64
  CPUFrequency: 0
  CPUMaxFrequency: 0
  Memory: 1032054
  CPUInfo:
    number: 1
    Family: 15
    Model: 2
    stepping: 1
    features: 395049983
    manufacture: AuthenticAMD
    typestring: "AMD EPYC 9V45 96-Core Processor                "
    iCoresPerPackage: 32
    iThreadsPerPackage: 2
    featuresEx:
      - 395049983
      - 4277809667
      - 802421759
    bHybrid: false
    nPCore: 0
    nLogicalsPerPCore: 0
    nECore: 0
    nLogicalsPerECore: 0
  MemModuleInfo:
    iNumMemSticks: 5
    DIMM 1:
      manufacturer: Microsoft Corporation
      modulePartNo: None
      memType: Unknown
      size: 1
      clkspeed: 0
      moduleVoltage: 0
    DIMM 2:
      manufacturer: Microsoft Corporation
      modulePartNo: None
      memType: Unknown
      size: 59
      clkspeed: 0
      moduleVoltage: 0
    DIMM 3:
      manufacturer: Microsoft Corporation
      modulePartNo: None
      memType: Unknown
      size: 452
      clkspeed: 0
      moduleVoltage: 0
    DIMM 4:
      manufacturer: Microsoft Corporation
      modulePartNo: None
      memType: Unknown
      size: 496
      clkspeed: 0
      moduleVoltage: 0
    DIMM 5:
      manufacturer: Microsoft Corporation
      modulePartNo: None
      memType: Unknown
      size: 16
      clkspeed: 0
      moduleVoltage: 0
Checksum: A956C46CF1B6BC7B9E2043A9B8C34C04C8136013