BaselineInfo:
  WebDBID: -1
  TimeStamp: 20260714213835
Version:
  Major: 11
  Minor: 0
  Build: 1004
  SpecialBuildName: ""
  ptArchitecture: x86_64_linux
Results:
  Results Complete: true
  NumTestProcesses: 64
  CPU_INTEGER_MATH: 418812.19666666671
  CPU_FLOATINGPOINT_MATH: 243632.67603828816
  CPU_PRIME: 557.38128992099973
  CPU_SORTING: 173005.57214600255
  CPU_ENCRYPTION: 78858.557121421647
  CPU_COMPRESSION: 1323083.2589543732
  CPU_SINGLETHREAD: 3833.7854798456087
  CPU_PHYSICS: 11383.058946670129
  CPU_MATRIX_MULT_SSE: 98156.549215401552
  CPU_mm: 9791.6205559670925
  CPU_sse: 37063.549790642697
  CPU_fma: 106503.6765191272
  CPU_avx: 103063.37761401173
  CPU_avx512: 145995.59293782461
  m_CPU_enc_SHA: 101252901188.36157
  m_CPU_enc_AES: 81571588094.025024
  m_CPU_enc_ECDSA: 65243081894.068909
  ME_ALLOC_S: 36965.701324822272
  ME_READ_S: 34005.382617187497
  ME_READ_L: 31203.650390625
  ME_WRITE: 30625.06640625
  ME_LARGE: 1020547.25
  ME_LATENCY: 78.443523433768846
  ME_THREADED: 224109.01196289062
  SUMM_CPU: 93091.087346009183
  SUMM_ME: 2981.5543275007894
SystemInformation:
  OSName: Ubuntu 24.04.4 LTS
  Kernel: 6.17.0-1020-azure
  Device: ""
  Processor: "AMD EPYC 9V45 96-Core Processor                "
  NumSockets: 1
  Manufacturer: AuthenticAMD
  NumCores: 32
  NumLogicals: 64
  CPUFrequency: 0
  CPUMaxFrequency: 0
  Memory: 1032054
  CPUInfo:
    number: 1
    Family: 15
    Model: 2
    stepping: 1
    features: 395049983
    manufacture: AuthenticAMD
    typestring: "AMD EPYC 9V45 96-Core Processor                "
    iCoresPerPackage: 32
    iThreadsPerPackage: 2
    featuresEx:
      - 395049983
      - 4277809667
      - 802421759
    bHybrid: false
    nPCore: 0
    nLogicalsPerPCore: 0
    nECore: 0
    nLogicalsPerECore: 0
  MemModuleInfo:
    iNumMemSticks: 5
    DIMM 1:
      manufacturer: Microsoft Corporation
      modulePartNo: None
      memType: Unknown
      size: 1
      clkspeed: 0
      moduleVoltage: 0
    DIMM 2:
      manufacturer: Microsoft Corporation
      modulePartNo: None
      memType: Unknown
      size: 59
      clkspeed: 0
      moduleVoltage: 0
    DIMM 3:
      manufacturer: Microsoft Corporation
      modulePartNo: None
      memType: Unknown
      size: 452
      clkspeed: 0
      moduleVoltage: 0
    DIMM 4:
      manufacturer: Microsoft Corporation
      modulePartNo: None
      memType: Unknown
      size: 496
      clkspeed: 0
      moduleVoltage: 0
    DIMM 5:
      manufacturer: Microsoft Corporation
      modulePartNo: None
      memType: Unknown
      size: 16
      clkspeed: 0
      moduleVoltage: 0
Checksum: 1208B48AA21D39B047945B9B45D6F607D133AC01