BaselineInfo:
  WebDBID: -1
  TimeStamp: 20260621174358
Version:
  Major: 11
  Minor: 0
  Build: 1004
  SpecialBuildName: ""
  ptArchitecture: x86_64_linux
Results:
  Results Complete: true
  NumTestProcesses: 64
  CPU_INTEGER_MATH: 422613.53666666668
  CPU_FLOATINGPOINT_MATH: 246284.23480664886
  CPU_PRIME: 560.12729048348899
  CPU_SORTING: 176720.37473379512
  CPU_ENCRYPTION: 79920.541820090788
  CPU_COMPRESSION: 1396558.7865340561
  CPU_SINGLETHREAD: 3844.1325713020155
  CPU_PHYSICS: 11781.548985893385
  CPU_MATRIX_MULT_SSE: 106775.92647513283
  CPU_mm: 10424.032938595461
  CPU_sse: 39350.5077403174
  CPU_fma: 114865.6036682043
  CPU_avx: 111453.60663842915
  CPU_avx512: 161433.98785358039
  m_CPU_enc_SHA: 102164843888.98497
  m_CPU_enc_AES: 82722735568.435577
  m_CPU_enc_ECDSA: 66520706721.210091
  ME_ALLOC_S: 37641.054865190665
  ME_READ_S: 34237.303515624997
  ME_READ_L: 30948.751953125
  ME_WRITE: 30620.5234375
  ME_LARGE: 1020427.5
  ME_LATENCY: 78.412574456885707
  ME_THREADED: 221328.55444335938
  SUMM_CPU: 95100.013884385364
  SUMM_ME: 2983.3238608213646
SystemInformation:
  OSName: Ubuntu 24.04.4 LTS
  Kernel: 6.17.0-1018-azure
  Device: ""
  Processor: "AMD EPYC 9V45 96-Core Processor                "
  NumSockets: 1
  Manufacturer: AuthenticAMD
  NumCores: 32
  NumLogicals: 64
  CPUFrequency: 0
  CPUMaxFrequency: 0
  Memory: 1032054
  CPUInfo:
    number: 1
    Family: 15
    Model: 2
    stepping: 1
    features: 395049983
    manufacture: AuthenticAMD
    typestring: "AMD EPYC 9V45 96-Core Processor                "
    iCoresPerPackage: 32
    iThreadsPerPackage: 2
    featuresEx:
      - 395049983
      - 4277809667
      - 802421759
    bHybrid: false
    nPCore: 0
    nLogicalsPerPCore: 0
    nECore: 0
    nLogicalsPerECore: 0
  MemModuleInfo:
    iNumMemSticks: 5
    DIMM 1:
      manufacturer: Microsoft Corporation
      modulePartNo: None
      memType: Unknown
      size: 1
      clkspeed: 0
      moduleVoltage: 0
    DIMM 2:
      manufacturer: Microsoft Corporation
      modulePartNo: None
      memType: Unknown
      size: 59
      clkspeed: 0
      moduleVoltage: 0
    DIMM 3:
      manufacturer: Microsoft Corporation
      modulePartNo: None
      memType: Unknown
      size: 452
      clkspeed: 0
      moduleVoltage: 0
    DIMM 4:
      manufacturer: Microsoft Corporation
      modulePartNo: None
      memType: Unknown
      size: 496
      clkspeed: 0
      moduleVoltage: 0
    DIMM 5:
      manufacturer: Microsoft Corporation
      modulePartNo: None
      memType: Unknown
      size: 16
      clkspeed: 0
      moduleVoltage: 0
Checksum: A5E0188B984205836A9927A1CAE22CECD16D47B5