---
system-info:
      stress-ng-version: 0.17.08
      run-by: root
      date-yyyy-mm-dd: 2024:09:12
      time-hh-mm-ss: 22:10:18
      epoch-secs: 1726179018
      hostname: ip-172-31-10-151
      sysname: Linux
      nodename: ip-172-31-10-151
      release: 6.8.0-1014-aws
      version: '#15-Ubuntu SMP Thu Aug  8 19:13:06 UTC 2024'
      machine: x86_64
      compiler: 'musl-gcc 13.2.1'
      uptime: 375
      totalram: 4311980388352
      freeram: 4298349162496
      sharedram: 117633024
      bufferram: 224026624
      totalswap: 0
      freeswap: 0
      pagesize: 4096
      cpus: 128
      cpus-online: 128
      ticks-per-second: 100

metrics:
    - stressor: cpu
      bogo-ops: 2333547
      bogo-ops-per-second-usr-sys-time: 911.787699
      bogo-ops-per-second-real-time: 116676.834727
      wall-clock-time: 20.000088
      user-time: 2559.269615
      system-time: 0.039973
      cpu-usage-per-instance: 99.972589
      max-rss: 0

...
