BaselineInfo:
  WebDBID: -1
  TimeStamp: 20251218044240
Version:
  Major: 11
  Minor: 0
  Build: 1002
  SpecialBuildName: ""
  ptArchitecture: aarch64_linux
Results:
  Results Complete: true
  NumTestProcesses: 4
  CPU_INTEGER_MATH: 20852.415999999997
  CPU_FLOATINGPOINT_MATH: 24222.704746962219
  CPU_PRIME: 69.732517472884624
  CPU_SORTING: 18524.793792812794
  CPU_ENCRYPTION: 753.67943124279213
  CPU_COMPRESSION: 26475.54743766239
  CPU_SINGLETHREAD: 1944.007671752154
  CPU_PHYSICS: 1366.3331888168054
  CPU_MATRIX_MULT_SSE: 3678.5625168012484
  CPU_mm: 455.74668346872625
  CPU_sse: 2889.0869878559924
  CPU_fma: 4468.0380457465053
  CPU_avx: 0
  CPU_avx512: 0
  m_CPU_enc_SHA: 1193587394.8989358
  m_CPU_enc_AES: 427965781.8198489
  m_CPU_enc_ECDSA: 749317313.16574144
  ME_ALLOC_S: 6085.461399812757
  ME_READ_S: 21198.450781250001
  ME_READ_L: 20325.025390625
  ME_WRITE: 21209.76953125
  ME_LARGE: 3807.6666666666665
  ME_LATENCY: 45.088994799307009
  ME_THREADED: 77691.22265625
  SUMM_CPU: 3951.7301983673015
  SUMM_ME: 2544.6113001315748
SystemInformation:
  OSName: Ubuntu 24.04.2 LTS
  Kernel: 6.14.0-1018-aws
  Device: ""
  Processor: ARM Neoverse-V2 4 Core 0 MHz
  NumSockets: 1
  Manufacturer: ARM
  NumCores: 4
  NumLogicals: 4
  CPUFrequency: 0
  Memory: 15670
Checksum: 2F485FD493ED89C898E71D2E01EFA85CC2A0BCCD