BaselineInfo:
  WebDBID: -1
  TimeStamp: 20241109213842
Version:
  Major: 11
  Minor: 0
  Build: 1002
  SpecialBuildName: ""
  ptArchitecture: x86_64_linux
Results:
  Results Complete: true
  NumTestProcesses: 96
  CPU_INTEGER_MATH: 316966.41233333328
  CPU_FLOATINGPOINT_MATH: 169662.35267964948
  CPU_PRIME: 349.012623473725
  CPU_SORTING: 148466.00703962237
  CPU_ENCRYPTION: 40629.678210515209
  CPU_COMPRESSION: 1319012.7272492794
  CPU_SINGLETHREAD: 2202.9040397504691
  CPU_PHYSICS: 5201.0666686978884
  CPU_MATRIX_MULT_SSE: 83762.796101410553
  CPU_mm: 8846.3347403520656
  CPU_sse: 31700.742003762789
  CPU_fma: 100315.60711855051
  CPU_avx: 70965.287258402983
  CPU_avx512: 132069.54802492596
  m_CPU_enc_SHA: 13679676231.931705
  m_CPU_enc_AES: 101891655544.9185
  m_CPU_enc_ECDSA: 12238584600.957396
  ME_ALLOC_S: 23182.237780889012
  ME_READ_S: 26035.1943359375
  ME_READ_L: 10662.064453125
  ME_WRITE: 10364.7314453125
  ME_LARGE: 176071.83333333334
  ME_LATENCY: 50.678500431354259
  ME_THREADED: 231343.58422851562
  SUMM_CPU: 62263.655255001031
  SUMM_ME: 2808.3982050160321
SystemInformation:
  OSName: Ubuntu 24.04.1 LTS
  Kernel: 6.8.0-1016-aws
  Device: ""
  Processor: Intel Xeon Platinum 8275CL CPU @ 3.00GHz
  NumSockets: 2
  Manufacturer: GenuineIntel
  NumCores: 48
  NumLogicals: 96
  CPUFrequency: 0
  Memory: 189290
  MemModuleInfo:
    iNumMemSticks: 2
    DIMM 1:
      manufacturer: Not Specified
      modulePartNo: Not Specified
      memType: DDR4
      size: 96
      clkspeed: 1466
      moduleVoltage: 0
    DIMM 2:
      manufacturer: Not Specified
      modulePartNo: Not Specified
      memType: DDR4
      size: 96
      clkspeed: 1466
      moduleVoltage: 0
Checksum: CD6508BCAD30FD7421043C12EFCCC93C638F9518