BaselineInfo:
  WebDBID: -1
  TimeStamp: 20241108062318
Version:
  Major: 11
  Minor: 0
  Build: 1002
  SpecialBuildName: ""
  ptArchitecture: x86_64_linux
Results:
  Results Complete: true
  NumTestProcesses: 16
  CPU_INTEGER_MATH: 54036.727333333336
  CPU_FLOATINGPOINT_MATH: 32232.416661238225
  CPU_PRIME: 84.560565049944969
  CPU_SORTING: 33344.767373898401
  CPU_ENCRYPTION: 17081.890480606795
  CPU_COMPRESSION: 238828.35631077454
  CPU_SINGLETHREAD: 2140.1125010764304
  CPU_PHYSICS: 1757.8359709842541
  CPU_MATRIX_MULT_SSE: 14791.223221656806
  CPU_mm: 1618.62372604541
  CPU_sse: 6678.8334560345029
  CPU_fma: 21660.120905997766
  CPU_avx: 16034.715302938148
  CPU_avx512: 0
  m_CPU_enc_SHA: 24105621537.800114
  m_CPU_enc_AES: 16542346325.099644
  m_CPU_enc_ECDSA: 13087013314.878496
  ME_ALLOC_S: 5617.5790557779737
  ME_READ_S: 24687.082812500001
  ME_READ_L: 13122.2041015625
  ME_WRITE: 13014.0166015625
  ME_LARGE: 21638.25
  ME_LATENCY: 49.84185877485794
  ME_THREADED: 35411.12255859375
  SUMM_CPU: 19599.247353029008
  SUMM_ME: 2626.5597931965162
SystemInformation:
  OSName: Ubuntu 24.04.1 LTS
  Kernel: 6.8.0-1016-aws
  Device: ""
  Processor: AMD EPYC 7R32
  NumSockets: 1
  Manufacturer: AuthenticAMD
  NumCores: 8
  NumLogicals: 16
  CPUFrequency: 0
  Memory: 31718
  MemModuleInfo:
    iNumMemSticks: 1
    DIMM 1:
      manufacturer: Not Specified
      modulePartNo: Not Specified
      memType: DDR4
      size: 32
      clkspeed: 1466
      moduleVoltage: 0
Checksum: 7A871814F8222E3893B6F47711F239E7D97EE360