BaselineInfo:
  WebDBID: -1
  TimeStamp: 20260620211202
Version:
  Major: 11
  Minor: 0
  Build: 1004
  SpecialBuildName: ""
  ptArchitecture: x86_64_linux
Results:
  Results Complete: true
  NumTestProcesses: 32
  CPU_INTEGER_MATH: 175412.3633333334
  CPU_FLOATINGPOINT_MATH: 126731.80754488092
  CPU_PRIME: 373.16774544200808
  CPU_SORTING: 88226.601802345816
  CPU_ENCRYPTION: 38384.134261075778
  CPU_COMPRESSION: 674749.08749093674
  CPU_SINGLETHREAD: 3540.3576405457561
  CPU_PHYSICS: 6388.4832613559884
  CPU_MATRIX_MULT_SSE: 46338.466531765167
  CPU_mm: 4817.8068061008835
  CPU_sse: 21048.28137108565
  CPU_fma: 55130.013610185
  CPU_avx: 41570.596346565762
  CPU_avx512: 67604.974799224306
  m_CPU_enc_SHA: 40405817097.135872
  m_CPU_enc_AES: 53030500359.444809
  m_CPU_enc_ECDSA: 27309728444.24469
  ME_ALLOC_S: 16701.578652189295
  ME_READ_S: 30984.631640625001
  ME_READ_L: 20930.142578125
  ME_WRITE: 8601.962890625
  ME_LARGE: 119693.5
  ME_LATENCY: 70.608899054000688
  ME_THREADED: 165891.53271484375
  SUMM_CPU: 54563.928439921234
  SUMM_ME: 2638.3470209503353
SystemInformation:
  OSName: Ubuntu 24.04.4 LTS
  Kernel: 6.17.0-1018-azure
  Device: ""
  Processor: Intel(R) Xeon(R) 6973P-C
  NumSockets: 1
  Manufacturer: GenuineIntel
  NumCores: 16
  NumLogicals: 32
  CPUFrequency: 2600
  CPUMaxFrequency: 2600
  Memory: 128803
  CPUInfo:
    number: 1
    Family: 6
    Model: 13
    stepping: 1
    features: 529267711
    manufacture: GenuineIntel
    typestring: Intel(R) Xeon(R) 6973P-C
    iCoresPerPackage: 16
    iThreadsPerPackage: 2
    featuresEx:
      - 529267711
      - 4294586915
      - 739248128
    bHybrid: false
    nPCore: 0
    nLogicalsPerPCore: 0
    nECore: 0
    nLogicalsPerECore: 0
  MemModuleInfo:
    iNumMemSticks: 3
    DIMM 1:
      manufacturer: Microsoft Corporation
      modulePartNo: None
      memType: Unknown
      size: 1
      clkspeed: 0
      moduleVoltage: 0
    DIMM 2:
      manufacturer: Microsoft Corporation
      modulePartNo: None
      memType: Unknown
      size: 59
      clkspeed: 0
      moduleVoltage: 0
    DIMM 3:
      manufacturer: Microsoft Corporation
      modulePartNo: None
      memType: Unknown
      size: 68
      clkspeed: 0
      moduleVoltage: 0
Checksum: AD7B5450CFF5B431F31A5C294E75A11E99E73B1E