---
system-info:
      stress-ng-version: 0.17.08
      run-by: root
      date-yyyy-mm-dd: 2024:06:13
      time-hh-mm-ss: 09:55:36
      epoch-secs: 1718272536
      hostname: bc6d0e980efb
      sysname: Linux
      nodename: bc6d0e980efb
      release: 6.8.0-1008-aws
      version: '#8-Ubuntu SMP Sat Apr 20 00:46:25 UTC 2024'
      machine: x86_64
      compiler: 'musl-gcc 13.2.1'
      uptime: 123
      totalram: 198337044480
      freeram: 193695399936
      sharedram: 38244352
      bufferram: 105902080
      totalswap: 0
      freeswap: 0
      pagesize: 4096
      cpus: 48
      cpus-online: 48
      ticks-per-second: 100

metrics:
    - stressor: cpu
      bogo-ops: 810619
      bogo-ops-per-second-usr-sys-time: 844.806121
      bogo-ops-per-second-real-time: 40530.767142
      wall-clock-time: 20.000090
      user-time: 959.487601
      system-time: 0.044983
      cpu-usage-per-instance: 99.950860
      max-rss: 1152

...
