---
system-info:
      stress-ng-version: 0.17.08
      run-by: root
      date-yyyy-mm-dd: 2024:06:07
      time-hh-mm-ss: 17:55:38
      epoch-secs: 1717782938
      hostname: d8d2deed84a2
      sysname: Linux
      nodename: d8d2deed84a2
      release: 6.8.0-1008-aws
      version: '#8-Ubuntu SMP Sat Apr 20 00:46:25 UTC 2024'
      machine: x86_64
      compiler: 'musl-gcc 13.2.1'
      uptime: 117
      totalram: 200450969600
      freeram: 195891916800
      sharedram: 41127936
      bufferram: 93401088
      totalswap: 0
      freeswap: 0
      pagesize: 4096
      cpus: 48
      cpus-online: 48
      ticks-per-second: 100

metrics:
    - stressor: cpu
      bogo-ops: 482743
      bogo-ops-per-second-usr-sys-time: 1006.425348
      bogo-ops-per-second-real-time: 48266.241849
      wall-clock-time: 10.001670
      user-time: 479.588052
      system-time: 0.072959
      cpu-usage-per-instance: 99.912697
      max-rss: 3840

...
