BaselineInfo:
  WebDBID: -1
  TimeStamp: 20241110034104
Version:
  Major: 11
  Minor: 0
  Build: 1002
  SpecialBuildName: ""
  ptArchitecture: x86_64_linux
Results:
  Results Complete: true
  NumTestProcesses: 96
  CPU_INTEGER_MATH: 404153.44199999986
  CPU_FLOATINGPOINT_MATH: 206619.7610101607
  CPU_PRIME: 476.11459000424156
  CPU_SORTING: 197098.37201929672
  CPU_ENCRYPTION: 86888.241357404462
  CPU_COMPRESSION: 1460973.48602621
  CPU_SINGLETHREAD: 2434.1837670789723
  CPU_PHYSICS: 7705.0532497129807
  CPU_MATRIX_MULT_SSE: 83774.176415056703
  CPU_mm: 8689.2246768051846
  CPU_sse: 37540.355047848541
  CPU_fma: 100224.17215095146
  CPU_avx: 77220.401318935532
  CPU_avx512: 120111.7771424914
  m_CPU_enc_SHA: 88180604013.588074
  m_CPU_enc_AES: 131908674819.38455
  m_CPU_enc_ECDSA: 53237494875.772575
  ME_ALLOC_S: 30848.734634488796
  ME_READ_S: 24495.846093749999
  ME_READ_L: 12672.6728515625
  ME_WRITE: 11538.3466796875
  ME_LARGE: 663454.66666666663
  ME_LATENCY: 51.488419732519198
  ME_THREADED: 264828.42358398438
  SUMM_CPU: 76593.388713710287
  SUMM_ME: 2915.8133350705034
SystemInformation:
  OSName: Ubuntu 24.04.1 LTS
  Kernel: 6.8.0-1017-azure
  Device: ""
  Processor: Intel Xeon Platinum 8370C CPU @ 2.80GHz
  NumSockets: 2
  Manufacturer: GenuineIntel
  NumCores: 48
  NumLogicals: 96
  CPUFrequency: 2800
  Memory: 677224
  MemModuleInfo:
    iNumMemSticks: 4
    DIMM 1:
      manufacturer: Microsoft Corporation
      modulePartNo: None
      memType: Unknown
      size: 1
      clkspeed: 0
      moduleVoltage: 0
    DIMM 2:
      manufacturer: Microsoft Corporation
      modulePartNo: None
      memType: Unknown
      size: 59
      clkspeed: 0
      moduleVoltage: 0
    DIMM 3:
      manufacturer: Microsoft Corporation
      modulePartNo: None
      memType: Unknown
      size: 276
      clkspeed: 0
      moduleVoltage: 0
    DIMM 4:
      manufacturer: Microsoft Corporation
      modulePartNo: None
      memType: Unknown
      size: 336
      clkspeed: 0
      moduleVoltage: 0
Checksum: AF52F2511BDD698AD9660B87E3E88AC6AF95ED05