---
system-info:
      stress-ng-version: 0.17.08
      run-by: root
      date-yyyy-mm-dd: 2024:06:21
      time-hh-mm-ss: 06:36:17
      epoch-secs: 1718951777
      hostname: b275e5643c5b
      sysname: Linux
      nodename: b275e5643c5b
      release: 6.8.0-1008-gcp
      version: '#9-Ubuntu SMP Wed May 22 18:09:04 UTC 2024'
      machine: x86_64
      compiler: 'musl-gcc 13.2.1'
      uptime: 187
      totalram: 33653612544
      freeram: 28656824320
      sharedram: 36024320
      bufferram: 135794688
      totalswap: 0
      freeswap: 0
      pagesize: 4096
      cpus: 4
      cpus-online: 4
      ticks-per-second: 100

metrics:
    - stressor: cpu
      bogo-ops: 28038
      bogo-ops-per-second-usr-sys-time: 1402.255542
      bogo-ops-per-second-real-time: 1401.885076
      wall-clock-time: 20.000213
      user-time: 19.994929
      system-time: 0.000000
      cpu-usage-per-instance: 99.973581
      max-rss: 1104

...
