---
system-info:
      stress-ng-version: 0.17.08
      run-by: root
      date-yyyy-mm-dd: 2024:07:03
      time-hh-mm-ss: 03:31:09
      epoch-secs: 1719977469
      hostname: n4-standard-64-587eefd
      sysname: Linux
      nodename: n4-standard-64-587eefd
      release: 6.8.0-1009-gcp
      version: '#10-Ubuntu SMP Wed Jun 12 18:52:23 UTC 2024'
      machine: x86_64
      compiler: 'musl-gcc 13.2.1'
      uptime: 146
      totalram: 270237765632
      freeram: 264461713408
      sharedram: 274280448
      bufferram: 130543616
      totalswap: 0
      freeswap: 0
      pagesize: 4096
      cpus: 64
      cpus-online: 64
      ticks-per-second: 100

metrics:
    - stressor: cpu
      bogo-ops: 32949
      bogo-ops-per-second-usr-sys-time: 1647.529081
      bogo-ops-per-second-real-time: 1647.443087
      wall-clock-time: 20.000084
      user-time: 19.999040
      system-time: 0.000000
      cpu-usage-per-instance: 99.994780
      max-rss: 512

...
