---
system-info:
      stress-ng-version: 0.17.08
      run-by: root
      date-yyyy-mm-dd: 2024:06:09
      time-hh-mm-ss: 15:20:40
      epoch-secs: 1717946440
      hostname: e353a67c45d9
      sysname: Linux
      nodename: e353a67c45d9
      release: 6.8.0-1008-aws
      version: '#8-Ubuntu SMP Sat Apr 20 00:46:25 UTC 2024'
      machine: x86_64
      compiler: 'musl-gcc 13.2.1'
      uptime: 110
      totalram: 132212973568
      freeram: 127602798592
      sharedram: 36909056
      bufferram: 109031424
      totalswap: 0
      freeswap: 0
      pagesize: 4096
      cpus: 16
      cpus-online: 16
      ticks-per-second: 100

metrics:
    - stressor: cpu
      bogo-ops: 211628
      bogo-ops-per-second-usr-sys-time: 1323.979409
      bogo-ops-per-second-real-time: 21158.162813
      wall-clock-time: 10.002192
      user-time: 159.820378
      system-time: 0.021987
      cpu-usage-per-instance: 99.879588
      max-rss: 4176

...
