---
system-info:
      stress-ng-version: 0.17.08
      run-by: root
      date-yyyy-mm-dd: 2024:06:15
      time-hh-mm-ss: 18:25:44
      epoch-secs: 1718475944
      hostname: 53d5bc81e621
      sysname: Linux
      nodename: 53d5bc81e621
      release: 6.8.0-1008-aws
      version: '#8-Ubuntu SMP Sat Apr 20 00:46:25 UTC 2024'
      machine: x86_64
      compiler: 'musl-gcc 13.2.1'
      uptime: 121
      totalram: 132212973568
      freeram: 127739043840
      sharedram: 36909056
      bufferram: 109043712
      totalswap: 0
      freeswap: 0
      pagesize: 4096
      cpus: 16
      cpus-online: 16
      ticks-per-second: 100

metrics:
    - stressor: cpu
      bogo-ops: 478055
      bogo-ops-per-second-usr-sys-time: 1495.255886
      bogo-ops-per-second-real-time: 23902.678943
      wall-clock-time: 20.000059
      user-time: 319.694513
      system-time: 0.019995
      cpu-usage-per-instance: 99.910487
      max-rss: 1104

...
