BaselineInfo:
  WebDBID: -1
  TimeStamp: 20241109074314
Version:
  Major: 11
  Minor: 0
  Build: 1002
  SpecialBuildName: ""
  ptArchitecture: aarch64_linux
Results:
  Results Complete: true
  NumTestProcesses: 16
  CPU_INTEGER_MATH: 63140.465666666671
  CPU_FLOATINGPOINT_MATH: 47969.534317005629
  CPU_PRIME: 113.10057116284497
  CPU_SORTING: 45823.308219136976
  CPU_ENCRYPTION: 2171.2193613527811
  CPU_COMPRESSION: 76131.690097773841
  CPU_SINGLETHREAD: 1110.4226986218991
  CPU_PHYSICS: 1985.8519438540018
  CPU_MATRIX_MULT_SSE: 9949.8742057460167
  CPU_mm: 1670.3683364590493
  CPU_sse: 8304.3562206170209
  CPU_fma: 11595.392190875013
  CPU_avx: 0
  CPU_avx512: 0
  m_CPU_enc_SHA: 3240154951.6391864
  m_CPU_enc_AES: 1507163665.8954201
  m_CPU_enc_ECDSA: 2082746921.6149557
  ME_ALLOC_S: 10360.893395526802
  ME_READ_S: 9483.7352539062504
  ME_READ_L: 9204.0322265625
  ME_WRITE: 12546.0556640625
  ME_LARGE: 84545
  ME_LATENCY: 71.428795188182562
  ME_THREADED: 143055.7529296875
  SUMM_CPU: 9809.7532302662694
  SUMM_ME: 1810.8040890430746
SystemInformation:
  OSName: Ubuntu 24.04.1 LTS
  Kernel: 6.8.0-1016-aws
  Device: ""
  Processor: ARM Neoverse-N1 16 Core 0 MHz
  NumSockets: 1
  Manufacturer: ARM
  NumCores: 16
  NumLogicals: 16
  CPUFrequency: 0
  Memory: 94821
Checksum: 97115B398F17AAE2D94CEFEFC2E23A804D0A8D10