---
system-info:
      stress-ng-version: 0.17.08
      run-by: root
      date-yyyy-mm-dd: 2024:06:09
      time-hh-mm-ss: 15:20:10
      epoch-secs: 1717946410
      hostname: 4867e0143be3
      sysname: Linux
      nodename: 4867e0143be3
      release: 6.8.0-1008-aws
      version: '#8-Ubuntu SMP Sat Apr 20 00:46:25 UTC 2024'
      machine: x86_64
      compiler: 'musl-gcc 13.2.1'
      uptime: 116
      totalram: 1059345420288
      freeram: 1052125667328
      sharedram: 138584064
      bufferram: 111054848
      totalswap: 0
      freeswap: 0
      pagesize: 4096
      cpus: 128
      cpus-online: 128
      ticks-per-second: 100

metrics:
    - stressor: cpu
      bogo-ops: 1690910
      bogo-ops-per-second-usr-sys-time: 1322.523327
      bogo-ops-per-second-real-time: 169059.116633
      wall-clock-time: 10.001886
      user-time: 1278.379425
      system-time: 0.168912
      cpu-usage-per-instance: 99.867754
      max-rss: 3072

...
