---
system-info:
      stress-ng-version: 0.17.08
      run-by: root
      date-yyyy-mm-dd: 2024:07:12
      time-hh-mm-ss: 09:52:59
      epoch-secs: 1720777979
      hostname: ip-172-31-12-51
      sysname: Linux
      nodename: ip-172-31-12-51
      release: 6.8.0-1010-aws
      version: '#10-Ubuntu SMP Thu Jun 13 17:36:15 UTC 2024'
      machine: x86_64
      compiler: 'musl-gcc 13.2.1'
      uptime: 132
      totalram: 1059345391616
      freeram: 1052094500864
      sharedram: 138567680
      bufferram: 128499712
      totalswap: 0
      freeswap: 0
      pagesize: 4096
      cpus: 128
      cpus-online: 128
      ticks-per-second: 100

metrics:
    - stressor: cpu
      bogo-ops: 3818899
      bogo-ops-per-second-usr-sys-time: 1492.644768
      bogo-ops-per-second-real-time: 190944.317634
      wall-clock-time: 20.000066
      user-time: 2558.418177
      system-time: 0.059956
      cpu-usage-per-instance: 99.940221
      max-rss: 0

...
