---
system-info:
      stress-ng-version: 0.17.08
      run-by: root
      date-yyyy-mm-dd: 2024:06:21
      time-hh-mm-ss: 04:41:39
      epoch-secs: 1718944899
      hostname: d3b7706f4fa1
      sysname: Linux
      nodename: d3b7706f4fa1
      release: 6.8.0-1008-gcp
      version: '#9-Ubuntu SMP Wed May 22 18:09:04 UTC 2024'
      machine: x86_64
      compiler: 'musl-gcc 13.2.1'
      uptime: 171
      totalram: 15710400512
      freeram: 10703884288
      sharedram: 48619520
      bufferram: 134598656
      totalswap: 0
      freeswap: 0
      pagesize: 4096
      cpus: 4
      cpus-online: 4
      ticks-per-second: 100

metrics:
    - stressor: cpu
      bogo-ops: 58097
      bogo-ops-per-second-usr-sys-time: 731.462794
      bogo-ops-per-second-real-time: 2904.832695
      wall-clock-time: 20.000119
      user-time: 79.406795
      system-time: 0.018981
      cpu-usage-per-instance: 99.281629
      max-rss: 1104

...
