---
system-info:
      stress-ng-version: 0.17.08
      run-by: root
      date-yyyy-mm-dd: 2024:07:03
      time-hh-mm-ss: 03:51:36
      epoch-secs: 1719978696
      hostname: c3-highmem-44-aa6903a
      sysname: Linux
      nodename: c3-highmem-44-aa6903a
      release: 6.8.0-1009-gcp
      version: '#10-Ubuntu SMP Wed Jun 12 18:52:23 UTC 2024'
      machine: x86_64
      compiler: 'musl-gcc 13.2.1'
      uptime: 140
      totalram: 371713425408
      freeram: 366217400320
      sharedram: 111669248
      bufferram: 130564096
      totalswap: 0
      freeswap: 0
      pagesize: 4096
      cpus: 44
      cpus-online: 44
      ticks-per-second: 100

metrics:
    - stressor: cpu
      bogo-ops: 32482
      bogo-ops-per-second-usr-sys-time: 1624.098213
      bogo-ops-per-second-real-time: 1624.089216
      wall-clock-time: 20.000133
      user-time: 20.000022
      system-time: 0.000000
      cpu-usage-per-instance: 99.999446
      max-rss: 1056

...
