---
system-info:
      stress-ng-version: 0.17.08
      run-by: root
      date-yyyy-mm-dd: 2024:06:09
      time-hh-mm-ss: 20:55:29
      epoch-secs: 1717966529
      hostname: 55380569a932
      sysname: Linux
      nodename: 55380569a932
      release: 6.8.0-1008-aws
      version: '#8-Ubuntu SMP Sat Apr 20 00:46:25 UTC 2024'
      machine: x86_64
      compiler: 'musl-gcc 13.2.1'
      uptime: 110
      totalram: 8113131520
      freeram: 3674112000
      sharedram: 7581696
      bufferram: 114032640
      totalswap: 0
      freeswap: 0
      pagesize: 4096
      cpus: 1
      cpus-online: 1
      ticks-per-second: 100

metrics:
    - stressor: cpu
      bogo-ops: 17604
      bogo-ops-per-second-usr-sys-time: 1788.997664
      bogo-ops-per-second-real-time: 1760.381071
      wall-clock-time: 10.000108
      user-time: 9.839156
      system-time: 0.000991
      cpu-usage-per-instance: 98.400412
      max-rss: 4048

...
