---
system-info:
      stress-ng-version: 0.17.08
      run-by: root
      date-yyyy-mm-dd: 2024:06:10
      time-hh-mm-ss: 05:55:31
      epoch-secs: 1717998931
      hostname: a5ad229d49d4
      sysname: Linux
      nodename: a5ad229d49d4
      release: 6.8.0-1008-aws
      version: '#8-Ubuntu SMP Sat Apr 20 00:46:25 UTC 2024'
      machine: x86_64
      compiler: 'musl-gcc 13.2.1'
      uptime: 129
      totalram: 405360504832
      freeram: 399682920448
      sharedram: 54853632
      bufferram: 116854784
      totalswap: 0
      freeswap: 0
      pagesize: 4096
      cpus: 48
      cpus-online: 48
      ticks-per-second: 100

metrics:
    - stressor: cpu
      bogo-ops: 18175
      bogo-ops-per-second-usr-sys-time: 1817.246494
      bogo-ops-per-second-real-time: 1817.247016
      wall-clock-time: 10.001392
      user-time: 10.000396
      system-time: 0.000999
      cpu-usage-per-instance: 100.000029
      max-rss: 3840

...
