---
system-info:
      stress-ng-version: 0.17.08
      run-by: root
      date-yyyy-mm-dd: 2024:06:16
      time-hh-mm-ss: 08:24:14
      epoch-secs: 1718526254
      hostname: f56263c6205f
      sysname: Linux
      nodename: f56263c6205f
      release: 6.8.0-1008-aws
      version: '#8-Ubuntu SMP Sat Apr 20 00:46:25 UTC 2024'
      machine: x86_64
      compiler: 'musl-gcc 13.2.1'
      uptime: 142
      totalram: 405360508928
      freeram: 399738576896
      sharedram: 54853632
      bufferram: 111235072
      totalswap: 0
      freeswap: 0
      pagesize: 4096
      cpus: 48
      cpus-online: 48
      ticks-per-second: 100

metrics:
    - stressor: cpu
      bogo-ops: 33383
      bogo-ops-per-second-usr-sys-time: 1669.139568
      bogo-ops-per-second-real-time: 1669.142717
      wall-clock-time: 20.000087
      user-time: 19.999126
      system-time: 0.000999
      cpu-usage-per-instance: 100.000189
      max-rss: 1152

...
