BaselineInfo:
  WebDBID: -1
  TimeStamp: 20260612224209
Version:
  Major: 11
  Minor: 0
  Build: 1004
  SpecialBuildName: ""
  ptArchitecture: x86_64_linux
Results:
  Results Complete: true
  NumTestProcesses: 16
  CPU_INTEGER_MATH: 67322.886333333343
  CPU_FLOATINGPOINT_MATH: 34413.966353329713
  CPU_PRIME: 122.99736776034391
  CPU_SORTING: 34659.702793994336
  CPU_ENCRYPTION: 14588.255622644485
  CPU_COMPRESSION: 252756.7314423463
  CPU_SINGLETHREAD: 2361.0507283613233
  CPU_PHYSICS: 1879.8755238513695
  CPU_MATRIX_MULT_SSE: 14090.241817049156
  CPU_mm: 1450.7662035718649
  CPU_sse: 6319.6276206742205
  CPU_fma: 17501.238743713762
  CPU_avx: 12948.869690189413
  CPU_avx512: 19591.23121361923
  m_CPU_enc_SHA: 14695701121.855577
  m_CPU_enc_AES: 22206576026.442055
  m_CPU_enc_ECDSA: 8988407035.0125504
  ME_ALLOC_S: 7516.851453086967
  ME_READ_S: 24244.036328124999
  ME_READ_L: 9098.494140625
  ME_WRITE: 9236.1455078125
  ME_LARGE: 21978.416666666668
  ME_LATENCY: 54.051823619832305
  ME_THREADED: 56768.68017578125
  SUMM_CPU: 20950.432387890487
  SUMM_ME: 2360.4701021952337
SystemInformation:
  OSName: Ubuntu 24.04.4 LTS
  Kernel: 6.8.0-117-generic
  Device: ""
  Processor: Intel(R) Xeon(R) Platinum 8369B CPU @ 2.70GHz
  NumSockets: 1
  Manufacturer: GenuineIntel
  NumCores: 8
  NumLogicals: 16
  CPUFrequency: 0
  CPUMaxFrequency: 0
  Memory: 30666
  CPUInfo:
    number: 1
    Family: 6
    Model: 10
    stepping: 6
    features: 529267711
    manufacture: GenuineIntel
    typestring: Intel(R) Xeon(R) Platinum 8369B CPU @ 2.70GHz
    iCoresPerPackage: 8
    iThreadsPerPackage: 2
    featuresEx:
      - 529267711
      - 4277809667
      - 739248128
    bHybrid: false
    nPCore: 0
    nLogicalsPerPCore: 0
    nECore: 0
    nLogicalsPerECore: 0
  MemModuleInfo:
    iNumMemSticks: 2
    DIMM 1:
      manufacturer: Alibaba Cloud
      modulePartNo: Not Specified
      memType: RAM
      size: 16
      clkspeed: 0
      moduleVoltage: 0
    DIMM 2:
      manufacturer: Alibaba Cloud
      modulePartNo: Not Specified
      memType: RAM
      size: 16
      clkspeed: 0
      moduleVoltage: 0
Checksum: 22713C3401AA96951844929E85FE0E263A44C35A