BaselineInfo:
  WebDBID: -1
  TimeStamp: 20251208114037
Version:
  Major: 11
  Minor: 0
  Build: 1002
  SpecialBuildName: ""
  ptArchitecture: x86_64_linux
Results:
  Results Complete: true
  NumTestProcesses: 4
  CPU_INTEGER_MATH: 24026.683999999997
  CPU_FLOATINGPOINT_MATH: 22055.459877070462
  CPU_PRIME: 77.476602909060972
  CPU_SORTING: 15283.576731678299
  CPU_ENCRYPTION: 5189.5237637356886
  CPU_COMPRESSION: 104126.78810861477
  CPU_SINGLETHREAD: 2917.768843868565
  CPU_PHYSICS: 1404.3906457047547
  CPU_MATRIX_MULT_SSE: 9683.0419337675194
  CPU_mm: 1034.1776263871698
  CPU_sse: 4720.3424661767303
  CPU_fma: 13572.531146747118
  CPU_avx: 10756.25218837871
  CPU_avx512: 0
  m_CPU_enc_SHA: 7146414376.1306753
  m_CPU_enc_AES: 4564574146.1811781
  m_CPU_enc_ECDSA: 4613841687.9368849
  ME_ALLOC_S: 4317.0450575942305
  ME_READ_S: 27598.508203124999
  ME_READ_L: 26422.611328125
  ME_WRITE: 21880.501953125
  ME_LARGE: 1595.75
  ME_LATENCY: 67.211844766174451
  ME_THREADED: 101116.4375
  SUMM_CPU: 10628.662621160096
  SUMM_ME: 1832.3872317951602
SystemInformation:
  OSName: Ubuntu 24.04.2 LTS
  Kernel: 6.8.0-86-generic
  Device: ""
  Processor: AMD EPYC-Milan Processor
  NumSockets: 4
  Manufacturer: AuthenticAMD
  NumCores: 4
  NumLogicals: 4
  CPUFrequency: 0
  Memory: 7751
  MemModuleInfo:
    iNumMemSticks: 1
    DIMM 1:
      manufacturer: QEMU
      modulePartNo: Not Specified
      memType: RAM
      size: 8000
      clkspeed: 0
      moduleVoltage: 0
Checksum: 26ED79F20A21F557FBB81A595EE30259EA3DBEBB