BaselineInfo:
  WebDBID: -1
  TimeStamp: 20250117153838
Version:
  Major: 11
  Minor: 0
  Build: 1002
  SpecialBuildName: ""
  ptArchitecture: x86_64_linux
Results:
  Results Complete: true
  NumTestProcesses: 48
  CPU_INTEGER_MATH: 202095.06266666661
  CPU_FLOATINGPOINT_MATH: 103309.22440837479
  CPU_PRIME: 346.62671298373056
  CPU_SORTING: 103979.84697486612
  CPU_ENCRYPTION: 43888.241816159869
  CPU_COMPRESSION: 732199.31544127304
  CPU_SINGLETHREAD: 2435.6078609296233
  CPU_PHYSICS: 5856.6081834276438
  CPU_MATRIX_MULT_SSE: 45337.551855921403
  CPU_mm: 4351.7214132859408
  CPU_sse: 19149.282015142544
  CPU_fma: 52653.747306107791
  CPU_avx: 38881.019970111447
  CPU_avx512: 70666.15813232385
  m_CPU_enc_SHA: 44333416565.895668
  m_CPU_enc_AES: 66724433056.381294
  m_CPU_enc_ECDSA: 27002621529.587891
  ME_ALLOC_S: 23498.418882227135
  ME_READ_S: 24160.090039062499
  ME_READ_L: 12205.96875
  ME_WRITE: 11040.6220703125
  ME_LARGE: 665858.41666666663
  ME_LATENCY: 51.767379935195912
  ME_THREADED: 219840.23388671875
  SUMM_CPU: 51120.625994966438
  SUMM_ME: 2850.9099478499561
SystemInformation:
  OSName: Ubuntu 24.04.1 LTS
  Kernel: 6.8.0-1020-azure
  Device: ""
  Processor: Intel Xeon Platinum 8370C CPU @ 2.80GHz
  NumSockets: 2
  Manufacturer: GenuineIntel
  NumCores: 24
  NumLogicals: 48
  CPUFrequency: 2800
  Memory: 677242
  MemModuleInfo:
    iNumMemSticks: 4
    DIMM 1:
      manufacturer: Microsoft Corporation
      modulePartNo: None
      memType: Unknown
      size: 1
      clkspeed: 0
      moduleVoltage: 0
    DIMM 2:
      manufacturer: Microsoft Corporation
      modulePartNo: None
      memType: Unknown
      size: 59
      clkspeed: 0
      moduleVoltage: 0
    DIMM 3:
      manufacturer: Microsoft Corporation
      modulePartNo: None
      memType: Unknown
      size: 276
      clkspeed: 0
      moduleVoltage: 0
    DIMM 4:
      manufacturer: Microsoft Corporation
      modulePartNo: None
      memType: Unknown
      size: 336
      clkspeed: 0
      moduleVoltage: 0
Checksum: 75D47E2B6580ED7DE42C511B4A7A88A56C5B1A91