---
system-info:
      stress-ng-version: 0.17.08
      run-by: root
      date-yyyy-mm-dd: 2024:09:20
      time-hh-mm-ss: 19:45:55
      epoch-secs: 1726861555
      hostname: sc-runner
      sysname: Linux
      nodename: sc-runner
      release: 6.8.0-1014-azure
      version: '#16-Ubuntu SMP Thu Aug 15 20:04:41 UTC 2024'
      machine: x86_64
      compiler: 'musl-gcc 13.2.1'
      uptime: 325
      totalram: 67423416320
      freeram: 57277960192
      sharedram: 38109184
      bufferram: 243904512
      totalswap: 0
      freeswap: 0
      pagesize: 4096
      cpus: 8
      cpus-online: 8
      ticks-per-second: 100

metrics:
    - stressor: cpu
      bogo-ops: 54018
      bogo-ops-per-second-usr-sys-time: 2700.906482
      bogo-ops-per-second-real-time: 2700.888441
      wall-clock-time: 20.000086
      user-time: 19.999952
      system-time: 0.000000
      cpu-usage-per-instance: 99.999332
      max-rss: 1104

...
