---
system-info:
      stress-ng-version: 0.17.08
      run-by: root
      date-yyyy-mm-dd: 2024:09:20
      time-hh-mm-ss: 15:27:16
      epoch-secs: 1726846036
      hostname: sc-runner
      sysname: Linux
      nodename: sc-runner
      release: 6.8.0-1014-azure
      version: '#16-Ubuntu SMP Thu Aug 15 20:04:41 UTC 2024'
      machine: x86_64
      compiler: 'musl-gcc 13.2.1'
      uptime: 318
      totalram: 33650913280
      freeram: 23374155776
      sharedram: 38133760
      bufferram: 246923264
      totalswap: 0
      freeswap: 0
      pagesize: 4096
      cpus: 8
      cpus-online: 8
      ticks-per-second: 100

metrics:
    - stressor: cpu
      bogo-ops: 215556
      bogo-ops-per-second-usr-sys-time: 1351.327326
      bogo-ops-per-second-real-time: 10777.765406
      wall-clock-time: 20.000064
      user-time: 159.490288
      system-time: 0.023988
      cpu-usage-per-instance: 99.696103
      max-rss: 3252

...
