BaselineInfo:
  WebDBID: -1
  TimeStamp: 20260612163812
Version:
  Major: 11
  Minor: 0
  Build: 1004
  SpecialBuildName: ""
  ptArchitecture: x86_64_linux
Results:
  Results Complete: true
  NumTestProcesses: 4
  CPU_INTEGER_MATH: 26829.740333333331
  CPU_FLOATINGPOINT_MATH: 23180.011448393132
  CPU_PRIME: 84.478872404731987
  CPU_SORTING: 16719.447138577449
  CPU_ENCRYPTION: 5757.0215715332688
  CPU_COMPRESSION: 115519.60040690718
  CPU_SINGLETHREAD: 3167.8794237859056
  CPU_PHYSICS: 1532.453550526601
  CPU_MATRIX_MULT_SSE: 10760.618201457306
  CPU_mm: 1152.6337626773038
  CPU_sse: 5150.9779305278498
  CPU_fma: 15084.39399583872
  CPU_avx: 13038.590477206813
  CPU_avx512: 9768.5104022558371
  m_CPU_enc_SHA: 8036387550.768425
  m_CPU_enc_AES: 5098581086.072834
  m_CPU_enc_ECDSA: 4975055317.3349485
  ME_ALLOC_S: 2183.4200883515932
  ME_READ_S: 30722.512500000001
  ME_READ_L: 28213.45703125
  ME_WRITE: 28059.171875
  ME_LARGE: 23862.75
  ME_LATENCY: 69.862751099757986
  ME_THREADED: 108770.505859375
  SUMM_CPU: 11686.453078371649
  SUMM_ME: 2751.9436428757158
SystemInformation:
  OSName: Ubuntu 24.04.4 LTS
  Kernel: 6.8.0-124-generic
  Device: ""
  Processor: AMD EPYC-Genoa Processor
  NumSockets: 1
  Manufacturer: AuthenticAMD
  NumCores: 2
  NumLogicals: 4
  CPUFrequency: 0
  CPUMaxFrequency: 0
  Memory: 32090
  CPUInfo:
    number: 1
    Family: 15
    Model: 1
    stepping: 0
    features: 395049983
    manufacture: AuthenticAMD
    typestring: AMD EPYC-Genoa Processor
    iCoresPerPackage: 2
    iThreadsPerPackage: 2
    featuresEx:
      - 395049983
      - 4277809667
      - 802421759
    bHybrid: false
    nPCore: 0
    nLogicalsPerPCore: 0
    nECore: 0
    nLogicalsPerECore: 0
  MemModuleInfo:
    iNumMemSticks: 2
    DIMM 1:
      manufacturer: QEMU
      modulePartNo: Not Specified
      memType: RAM
      size: 16
      clkspeed: 0
      moduleVoltage: 0
    DIMM 2:
      manufacturer: QEMU
      modulePartNo: Not Specified
      memType: RAM
      size: 16
      clkspeed: 0
      moduleVoltage: 0
Checksum: A57545619D92A8BC8A019D8EDDCDD551DE011599