BaselineInfo:
  WebDBID: -1
  TimeStamp: 20260407092414
Version:
  Major: 11
  Minor: 0
  Build: 1004
  SpecialBuildName: ""
  ptArchitecture: x86_64_linux
Results:
  Results Complete: true
  NumTestProcesses: 8
  CPU_INTEGER_MATH: 39945.025999999998
  CPU_FLOATINGPOINT_MATH: 30678.208728844926
  CPU_PRIME: 96.122883296195653
  CPU_SORTING: 21589.938820602147
  CPU_ENCRYPTION: 8761.6763800874105
  CPU_COMPRESSION: 166772.9642501327
  CPU_SINGLETHREAD: 2382.0362174662851
  CPU_PHYSICS: 1492.2246281533983
  CPU_MATRIX_MULT_SSE: 12603.95984407689
  CPU_mm: 1495.0393393412635
  CPU_sse: 4898.5261967329152
  CPU_fma: 14332.641432662112
  CPU_avx: 11764.636116591042
  CPU_avx512: 19420.035630321487
  m_CPU_enc_SHA: 10229902842.882294
  m_CPU_enc_AES: 10894023902.928925
  m_CPU_enc_ECDSA: 6437923969.9683952
  ME_ALLOC_S: 3816.075057017285
  ME_READ_S: 23805.085351562499
  ME_READ_L: 10437.123046875
  ME_WRITE: 9939.0185546875
  ME_LARGE: 1709.9166666666667
  ME_LATENCY: 63.107186648072862
  ME_THREADED: 58494.82177734375
  SUMM_CPU: 15297.688572069272
  SUMM_ME: 1621.4753379095794
SystemInformation:
  OSName: Ubuntu 24.04.4 LTS
  Kernel: 6.8.0-106-generic
  Device: ""
  Processor: Intel(R) Xeon(R) Platinum 8369B CPU @ 2.90GHz
  NumSockets: 1
  Manufacturer: GenuineIntel
  NumCores: 4
  NumLogicals: 8
  CPUFrequency: 0
  CPUMaxFrequency: 0
  Memory: 15607
  CPUInfo:
    number: 1
    Family: 6
    Model: 10
    stepping: 6
    features: 529267711
    manufacture: GenuineIntel
    typestring: Intel(R) Xeon(R) Platinum 8369B CPU @ 2.90GHz
    iCoresPerPackage: 4
    iThreadsPerPackage: 2
    featuresEx:
      - 529267711
      - 4294619651
      - 739248128
    bHybrid: false
    nPCore: 0
    nLogicalsPerPCore: 0
    nECore: 0
    nLogicalsPerECore: 0
  MemModuleInfo:
    iNumMemSticks: 1
    DIMM 1:
      manufacturer: Alibaba Cloud
      modulePartNo: Not Specified
      memType: RAM
      size: 16
      clkspeed: 0
      moduleVoltage: 0
Checksum: 8C736D373B93733C34C30D51E3704778BD7E07C1