BaselineInfo:
  WebDBID: -1
  TimeStamp: 20250829002930
Version:
  Major: 11
  Minor: 0
  Build: 1002
  SpecialBuildName: ""
  ptArchitecture: aarch64_linux
Results:
  Results Complete: true
  NumTestProcesses: 2
  CPU_INTEGER_MATH: 10400.813666666665
  CPU_FLOATINGPOINT_MATH: 12086.723010905864
  CPU_PRIME: 34.620419522792162
  CPU_SORTING: 9188.8079139935726
  CPU_ENCRYPTION: 370.04292876071258
  CPU_COMPRESSION: 13109.168844998279
  CPU_SINGLETHREAD: 1942.3959860971945
  CPU_PHYSICS: 682.57287413999506
  CPU_MATRIX_MULT_SSE: 1836.1352265671426
  CPU_mm: 226.53733247319849
  CPU_sse: 1442.9268427731736
  CPU_fma: 2229.3436103611111
  CPU_avx: 0
  CPU_avx512: 0
  m_CPU_enc_SHA: 583082137.20649481
  m_CPU_enc_AES: 214094109.54747188
  m_CPU_enc_ECDSA: 366878155.45061231
  ME_ALLOC_S: 3019.3449361939829
  ME_READ_S: 21184.270312500001
  ME_READ_L: 19984.6015625
  ME_WRITE: 21295.189453125
  ME_LARGE: 6108.166666666667
  ME_LATENCY: 47.434209037463866
  ME_THREADED: 38760.884765625
  SUMM_CPU: 1981.5423864645668
  SUMM_ME: 2545.4410528401504
SystemInformation:
  OSName: Ubuntu 24.04.2 LTS
  Kernel: 6.14.0-1011-aws
  Device: ""
  Processor: ARM Neoverse-V2 2 Core 0 MHz
  NumSockets: 1
  Manufacturer: ARM
  NumCores: 2
  NumLogicals: 2
  CPUFrequency: 0
  Memory: 15671
Checksum: 949042845AF281E6DF5E86ADE232EC8A8919B183