BaselineInfo:
  WebDBID: -1
  TimeStamp: 20260620211721
Version:
  Major: 11
  Minor: 0
  Build: 1004
  SpecialBuildName: ""
  ptArchitecture: x86_64_linux
Results:
  Results Complete: true
  NumTestProcesses: 64
  CPU_INTEGER_MATH: 397490.87300000008
  CPU_FLOATINGPOINT_MATH: 240467.88765128452
  CPU_PRIME: 557.73249065392554
  CPU_SORTING: 169059.08925140669
  CPU_ENCRYPTION: 78400.111772311197
  CPU_COMPRESSION: 1321026.8979083654
  CPU_SINGLETHREAD: 3825.7391393311163
  CPU_PHYSICS: 11560.226080534441
  CPU_MATRIX_MULT_SSE: 97973.26163645355
  CPU_mm: 9767.9389332285318
  CPU_sse: 37112.136296095377
  CPU_fma: 106266.65794014494
  CPU_avx: 102934.36139792889
  CPU_avx512: 145579.89091164502
  m_CPU_enc_SHA: 100836497922.39578
  m_CPU_enc_AES: 81156907862.154694
  m_CPU_enc_ECDSA: 64632021020.738464
  ME_ALLOC_S: 37286.05874081175
  ME_READ_S: 34174.09375
  ME_READ_L: 30519.005859375
  ME_WRITE: 29314.82421875
  ME_LARGE: 505548.91666666669
  ME_LATENCY: 81.220994689719291
  ME_THREADED: 232751.67578125
  SUMM_CPU: 92179.045131323684
  SUMM_ME: 2900.430890167574
SystemInformation:
  OSName: Ubuntu 24.04.4 LTS
  Kernel: 6.17.0-1018-azure
  Device: ""
  Processor: "AMD EPYC 9V45 96-Core Processor                "
  NumSockets: 1
  Manufacturer: AuthenticAMD
  NumCores: 32
  NumLogicals: 64
  CPUFrequency: 0
  CPUMaxFrequency: 0
  Memory: 515767
  CPUInfo:
    number: 1
    Family: 15
    Model: 2
    stepping: 1
    features: 395049983
    manufacture: AuthenticAMD
    typestring: "AMD EPYC 9V45 96-Core Processor                "
    iCoresPerPackage: 32
    iThreadsPerPackage: 2
    featuresEx:
      - 395049983
      - 4277809667
      - 802421759
    bHybrid: false
    nPCore: 0
    nLogicalsPerPCore: 0
    nECore: 0
    nLogicalsPerECore: 0
  MemModuleInfo:
    iNumMemSticks: 3
    DIMM 1:
      manufacturer: Microsoft Corporation
      modulePartNo: None
      memType: Unknown
      size: 1
      clkspeed: 0
      moduleVoltage: 0
    DIMM 2:
      manufacturer: Microsoft Corporation
      modulePartNo: None
      memType: Unknown
      size: 59
      clkspeed: 0
      moduleVoltage: 0
    DIMM 3:
      manufacturer: Microsoft Corporation
      modulePartNo: None
      memType: Unknown
      size: 452
      clkspeed: 0
      moduleVoltage: 0
Checksum: 891A606C0B653C5218DFD2545165E0B454AB6E56