BaselineInfo:
  WebDBID: -1
  TimeStamp: 20241109084416
Version:
  Major: 11
  Minor: 0
  Build: 1002
  SpecialBuildName: ""
  ptArchitecture: x86_64_linux
Results:
  Results Complete: true
  NumTestProcesses: 32
  CPU_INTEGER_MATH: 90961.437000000005
  CPU_FLOATINGPOINT_MATH: 67349.46716059657
  CPU_PRIME: 242.05472736030137
  CPU_SORTING: 60947.799010717485
  CPU_ENCRYPTION: 8273.9221818610658
  CPU_COMPRESSION: 453332.10332023102
  CPU_SINGLETHREAD: 1956.7225470943945
  CPU_PHYSICS: 2072.5863281726361
  CPU_MATRIX_MULT_SSE: 29070.481822388534
  CPU_mm: 3748.5894782736195
  CPU_sse: 15718.706178489481
  CPU_fma: 40081.158058117682
  CPU_avx: 31411.581230558462
  CPU_avx512: 0
  m_CPU_enc_SHA: 5878729899.5848083
  m_CPU_enc_AES: 14948258439.481089
  m_CPU_enc_ECDSA: 5200520338.235549
  ME_ALLOC_S: 16003.108217804991
  ME_READ_S: 21175.728320312501
  ME_READ_L: 8952.06640625
  ME_WRITE: 8119.84130859375
  ME_LARGE: 246244
  ME_LATENCY: 64.061553844612817
  ME_THREADED: 69725.53857421875
  SUMM_CPU: 26434.601719996761
  SUMM_ME: 2212.0436590740378
SystemInformation:
  OSName: Ubuntu 24.04.1 LTS
  Kernel: 6.8.0-1017-azure
  Device: ""
  Processor: Intel Xeon CPU E5-2698B v3 @ 2.00GHz
  NumSockets: 2
  Manufacturer: GenuineIntel
  NumCores: 32
  NumLogicals: 32
  CPUFrequency: 0
  Memory: 257921
  MemModuleInfo:
    iNumMemSticks: 4
    DIMM 1:
      manufacturer: Microsoft Corporation
      modulePartNo: None
      memType: Unknown
      size: 1
      clkspeed: 0
      moduleVoltage: 0
    DIMM 2:
      manufacturer: Microsoft Corporation
      modulePartNo: None
      memType: Unknown
      size: 60928
      clkspeed: 0
      moduleVoltage: 0
    DIMM 3:
      manufacturer: Microsoft Corporation
      modulePartNo: None
      memType: Unknown
      size: 69120
      clkspeed: 0
      moduleVoltage: 0
    DIMM 4:
      manufacturer: Microsoft Corporation
      modulePartNo: None
      memType: Unknown
      size: 128
      clkspeed: 0
      moduleVoltage: 0
Checksum: DCB26B63A08422B0E62D0D8EAD2F5E6F63345A09