BaselineInfo:
  WebDBID: -1
  TimeStamp: 20250210193219
Version:
  Major: 11
  Minor: 0
  Build: 1002
  SpecialBuildName: ""
  ptArchitecture: x86_64_linux
Results:
  Results Complete: true
  NumTestProcesses: 2
  CPU_INTEGER_MATH: 9504.8173333333325
  CPU_FLOATINGPOINT_MATH: 6760.5660347805078
  CPU_PRIME: 19.659592916612297
  CPU_SORTING: 4905.4175858118215
  CPU_ENCRYPTION: 2111.7602485410034
  CPU_COMPRESSION: 36791.751613344088
  CPU_SINGLETHREAD: 2903.7753815904962
  CPU_PHYSICS: 467.30140821155317
  CPU_MATRIX_MULT_SSE: 2708.9710660098672
  CPU_mm: 267.97605093599964
  CPU_sse: 1167.1123898965652
  CPU_fma: 3310.0928875017739
  CPU_avx: 2445.6276065628253
  CPU_avx512: 3913.0513800783056
  m_CPU_enc_SHA: 2220423552.3041401
  m_CPU_enc_AES: 2882783650.5116739
  m_CPU_enc_ECDSA: 1539816140.3065789
  ME_ALLOC_S: 1598.4255701342197
  ME_READ_S: 26303.472265625001
  ME_READ_L: 10148.2783203125
  ME_WRITE: 9413.8671875
  ME_LARGE: 1065.3333333333333
  ME_LATENCY: 57.864300511127944
  ME_THREADED: 15374.2744140625
  SUMM_CPU: 3771.9324651125175
  SUMM_ME: 1268.7670311104905
SystemInformation:
  OSName: Ubuntu 24.04.1 LTS
  Kernel: 6.8.0-1021-azure
  Device: ""
  Processor: INTEL XEON PLATINUM 8573B
  NumSockets: 1
  Manufacturer: GenuineIntel
  NumCores: 1
  NumLogicals: 2
  CPUFrequency: 2300
  Memory: 3911
  MemModuleInfo:
    iNumMemSticks: 2
    DIMM 1:
      manufacturer: Microsoft Corporation
      modulePartNo: None
      memType: Unknown
      size: 1
      clkspeed: 0
      moduleVoltage: 0
    DIMM 2:
      manufacturer: Microsoft Corporation
      modulePartNo: None
      memType: Unknown
      size: 3
      clkspeed: 0
      moduleVoltage: 0
Checksum: A7136271618CD4E94A853ED5B7EBFFDD65DFE2FC