BaselineInfo:
  WebDBID: -1
  TimeStamp: 20260403205545
Version:
  Major: 11
  Minor: 0
  Build: 1004
  SpecialBuildName: ""
  ptArchitecture: x86_64_linux
Results:
  Results Complete: true
  NumTestProcesses: 2
  CPU_INTEGER_MATH: 6379.5866666666661
  CPU_FLOATINGPOINT_MATH: 3425.0277362794141
  CPU_PRIME: 16.352795370902761
  CPU_SORTING: 3972.9432810568278
  CPU_ENCRYPTION: 881.87453783999945
  CPU_COMPRESSION: 29433.282003444168
  CPU_SINGLETHREAD: 2086.9338104051612
  CPU_PHYSICS: 306.33288511932972
  CPU_MATRIX_MULT_SSE: 1677.426246196583
  CPU_mm: 193.48047529871556
  CPU_sse: 696.51507884328248
  CPU_fma: 2164.7869306448529
  CPU_avx: 1530.7456343406993
  CPU_avx512: 2317.6573409574976
  m_CPU_enc_SHA: 288269133.63254827
  m_CPU_enc_AES: 2226385666.0142431
  m_CPU_enc_ECDSA: 259482626.52355403
  ME_ALLOC_S: 770.95787257293864
  ME_READ_S: 24552.1943359375
  ME_READ_L: 10039.17578125
  ME_WRITE: 9854.220703125
  ME_LARGE: 1182.3333333333333
  ME_LATENCY: 54.192615283368013
  ME_THREADED: 12736.76123046875
  SUMM_CPU: 2354.1574805310543
  SUMM_ME: 1243.0175820992388
SystemInformation:
  OSName: Ubuntu 24.04.4 LTS
  Kernel: 6.8.0-106-generic
  Device: ""
  Processor: Intel(R) Xeon(R) Platinum 8269CY CPU T 3.10GHz
  NumSockets: 1
  Manufacturer: GenuineIntel
  NumCores: 1
  NumLogicals: 2
  CPUFrequency: 3100
  CPUMaxFrequency: 3800
  Memory: 7397
  CPUInfo:
    number: 1
    Family: 6
    Model: 5
    stepping: 7
    features: 529267711
    manufacture: GenuineIntel
    typestring: Intel(R) Xeon(R) Platinum 8269CY CPU T 3.10GHz
    iCoresPerPackage: 1
    iThreadsPerPackage: 2
    featuresEx:
      - 529267711
      - 4277809667
      - 739248128
    bHybrid: false
    nPCore: 0
    nLogicalsPerPCore: 0
    nECore: 0
    nLogicalsPerECore: 0
  MemModuleInfo:
    iNumMemSticks: 1
    DIMM 1:
      manufacturer: Alibaba Cloud
      modulePartNo: Not Specified
      memType: RAM
      size: 8
      clkspeed: 0
      moduleVoltage: 0
Checksum: F06581678D48DF8FF357674D97A23320EDA855DC