BaselineInfo:
  WebDBID: -1
  TimeStamp: 20260622033344
Version:
  Major: 11
  Minor: 0
  Build: 1004
  SpecialBuildName: ""
  ptArchitecture: x86_64_linux
Results:
  Results Complete: true
  NumTestProcesses: 192
  CPU_INTEGER_MATH: 965871.33833333349
  CPU_FLOATINGPOINT_MATH: 697317.85939220688
  CPU_PRIME: 1897.3510401375049
  CPU_SORTING: 480057.35794856219
  CPU_ENCRYPTION: 199594.6880593549
  CPU_COMPRESSION: 3674494.1909526344
  CPU_SINGLETHREAD: 3536.3423054087848
  CPU_PHYSICS: 28189.729239645905
  CPU_MATRIX_MULT_SSE: 254223.15140685855
  CPU_mm: 27224.551734792785
  CPU_sse: 117006.97488486483
  CPU_fma: 304977.27647115767
  CPU_avx: 234640.39938275679
  CPU_avx512: 360267.95488865481
  m_CPU_enc_SHA: 209461824437.36374
  m_CPU_enc_AES: 273483445050.3082
  m_CPU_enc_ECDSA: 144925329391.90637
  ME_ALLOC_S: 32624.39820616319
  ME_READ_S: 30967.062304687501
  ME_READ_L: 23475.583984375
  ME_WRITE: 8660.8740234375
  ME_LARGE: 372999.91666666669
  ME_LATENCY: 69.314447924983725
  ME_THREADED: 761586.24963378906
  SUMM_CPU: 152145.19778267969
  SUMM_ME: 2764.7936319892233
SystemInformation:
  OSName: Ubuntu 24.04.4 LTS
  Kernel: 6.17.0-1018-azure
  Device: ""
  Processor: Intel(R) Xeon(R) 6973P-C
  NumSockets: 2
  Manufacturer: GenuineIntel
  NumCores: 96
  NumLogicals: 192
  CPUFrequency: 2600
  CPUMaxFrequency: 2600
  Memory: 386889
  CPUInfo:
    number: 2
    Family: 6
    Model: 13
    stepping: 1
    features: 529267711
    manufacture: GenuineIntel
    typestring: Intel(R) Xeon(R) 6973P-C
    iCoresPerPackage: 64
    iThreadsPerPackage: 2
    featuresEx:
      - 529267711
      - 4294586915
      - 739248128
    bHybrid: false
    nPCore: 0
    nLogicalsPerPCore: 0
    nECore: 0
    nLogicalsPerECore: 0
  MemModuleInfo:
    iNumMemSticks: 6
    DIMM 1:
      manufacturer: Microsoft Corporation
      modulePartNo: None
      memType: Unknown
      size: 1
      clkspeed: 0
      moduleVoltage: 0
    DIMM 2:
      manufacturer: Microsoft Corporation
      modulePartNo: None
      memType: Unknown
      size: 59
      clkspeed: 0
      moduleVoltage: 0
    DIMM 3:
      manufacturer: Microsoft Corporation
      modulePartNo: None
      memType: Unknown
      size: 36
      clkspeed: 0
      moduleVoltage: 0
    DIMM 4:
      manufacturer: Microsoft Corporation
      modulePartNo: None
      memType: Unknown
      size: 96
      clkspeed: 0
      moduleVoltage: 0
    DIMM 5:
      manufacturer: Microsoft Corporation
      modulePartNo: None
      memType: Unknown
      size: 96
      clkspeed: 0
      moduleVoltage: 0
    DIMM 6:
      manufacturer: Microsoft Corporation
      modulePartNo: None
      memType: Unknown
      size: 96
      clkspeed: 0
      moduleVoltage: 0
Checksum: 59E7D95D6B524D380C9997A46665A8A9CCD2C55D