BaselineInfo:
  WebDBID: -1
  TimeStamp: 20241107135513
Version:
  Major: 11
  Minor: 0
  Build: 1002
  SpecialBuildName: ""
  ptArchitecture: x86_64_linux
Results:
  Results Complete: true
  NumTestProcesses: 8
  CPU_INTEGER_MATH: 36029.778333333328
  CPU_FLOATINGPOINT_MATH: 19891.501636915596
  CPU_PRIME: 80.355510619253394
  CPU_SORTING: 19730.623607357713
  CPU_ENCRYPTION: 9346.4095009732537
  CPU_COMPRESSION: 138920.10351513678
  CPU_SINGLETHREAD: 2574.1423818696221
  CPU_PHYSICS: 1430.7341204770871
  CPU_MATRIX_MULT_SSE: 7979.503822460777
  CPU_mm: 974.40602797692759
  CPU_sse: 4132.7416509306922
  CPU_fma: 11261.564852506106
  CPU_avx: 8544.204963945529
  CPU_avx512: 0
  m_CPU_enc_SHA: 13541100664.201149
  m_CPU_enc_AES: 8665202427.1651573
  m_CPU_enc_ECDSA: 7194958975.3112888
  ME_ALLOC_S: 3858.7298750861278
  ME_READ_S: 26107.6923828125
  ME_READ_L: 18578.625
  ME_WRITE: 19295.70703125
  ME_LARGE: 5965.666666666667
  ME_LATENCY: 58.754195838240435
  ME_THREADED: 42410.6728515625
  SUMM_CPU: 12865.490836165707
  SUMM_ME: 2438.2019175968794
SystemInformation:
  OSName: Ubuntu 24.04.1 LTS
  Kernel: 6.8.0-1015-gcp
  Device: ""
  Processor: AMD EPYC 7B13
  NumSockets: 1
  Manufacturer: AuthenticAMD
  NumCores: 4
  NumLogicals: 8
  CPUFrequency: 0
  Memory: 15989
  MemModuleInfo:
    iNumMemSticks: 1
    DIMM 1:
      manufacturer: ""
      modulePartNo: ""
      memType: RAM
      size: 16
      clkspeed: 0
      moduleVoltage: 0
Checksum: E516CBDFB3B5207D73CB589899B50192B284071A