---
system-info:
      stress-ng-version: 0.17.08
      run-by: root
      date-yyyy-mm-dd: 2024:09:19
      time-hh-mm-ss: 07:19:10
      epoch-secs: 1726730350
      hostname: sc-runner
      sysname: Linux
      nodename: sc-runner
      release: 6.8.0-1014-azure
      version: '#16-Ubuntu SMP Thu Aug 15 20:04:41 UTC 2024'
      machine: x86_64
      compiler: 'musl-gcc 13.2.1'
      uptime: 402
      totalram: 135166783488
      freeram: 124597280768
      sharedram: 21483520
      bufferram: 252694528
      totalswap: 0
      freeswap: 0
      pagesize: 4096
      cpus: 16
      cpus-online: 16
      ticks-per-second: 100

metrics:
    - stressor: cpu
      bogo-ops: 93603
      bogo-ops-per-second-usr-sys-time: 293.135652
      bogo-ops-per-second-real-time: 4680.092786
      wall-clock-time: 20.000244
      user-time: 319.257357
      system-time: 0.058971
      cpu-usage-per-instance: 99.785133
      max-rss: 3152

...
