BaselineInfo:
  WebDBID: -1
  TimeStamp: 20260618103755
Version:
  Major: 11
  Minor: 0
  Build: 1004
  SpecialBuildName: ""
  ptArchitecture: x86_64_linux
Results:
  Results Complete: true
  NumTestProcesses: 32
  CPU_INTEGER_MATH: 151852.12566666666
  CPU_FLOATINGPOINT_MATH: 85003.651241190499
  CPU_PRIME: 248.6008011857015
  CPU_SORTING: 89623.334911468541
  CPU_ENCRYPTION: 38480.149202748413
  CPU_COMPRESSION: 618177.01254342531
  CPU_SINGLETHREAD: 2890.4114250353182
  CPU_PHYSICS: 4974.0073897948887
  CPU_MATRIX_MULT_SSE: 43896.763964710422
  CPU_mm: 4071.8748040903893
  CPU_sse: 17832.814456289409
  CPU_fma: 56176.591384868691
  CPU_avx: 46309.008489588501
  CPU_avx512: 55268.641528095039
  m_CPU_enc_SHA: 53846169246.271347
  m_CPU_enc_AES: 36542792726.572433
  m_CPU_enc_ECDSA: 30659120818.419586
  ME_ALLOC_S: 15479.400791724251
  ME_READ_S: 27549.538476562499
  ME_READ_L: 26321.078125
  ME_WRITE: 26089.14453125
  ME_LARGE: 52606
  ME_LATENCY: 71.223296440998752
  ME_THREADED: 81020.7646484375
  SUMM_CPU: 46804.361905319063
  SUMM_ME: 2845.2376399333889
SystemInformation:
  OSName: Ubuntu 24.04.4 LTS
  Kernel: 6.8.0-117-generic
  Device: ""
  Processor: "AMD EPYC 9T24 96-Core Processor                "
  NumSockets: 1
  Manufacturer: AuthenticAMD
  NumCores: 16
  NumLogicals: 32
  CPUFrequency: 0
  CPUMaxFrequency: 0
  Memory: 61860
  CPUInfo:
    number: 1
    Family: 15
    Model: 1
    stepping: 1
    features: 395049983
    manufacture: AuthenticAMD
    typestring: "AMD EPYC 9T24 96-Core Processor                "
    iCoresPerPackage: 16
    iThreadsPerPackage: 2
    featuresEx:
      - 395049983
      - 4277809667
      - 802421759
    bHybrid: false
    nPCore: 0
    nLogicalsPerPCore: 0
    nECore: 0
    nLogicalsPerECore: 0
  MemModuleInfo:
    iNumMemSticks: 4
    DIMM 1:
      manufacturer: Alibaba Cloud
      modulePartNo: Not Specified
      memType: RAM
      size: 16
      clkspeed: 0
      moduleVoltage: 0
    DIMM 2:
      manufacturer: Alibaba Cloud
      modulePartNo: Not Specified
      memType: RAM
      size: 16
      clkspeed: 0
      moduleVoltage: 0
    DIMM 3:
      manufacturer: Alibaba Cloud
      modulePartNo: Not Specified
      memType: RAM
      size: 16
      clkspeed: 0
      moduleVoltage: 0
    DIMM 4:
      manufacturer: Alibaba Cloud
      modulePartNo: Not Specified
      memType: RAM
      size: 16
      clkspeed: 0
      moduleVoltage: 0
Checksum: 763C2C76B941E0200A54E0F086BDE518CC8CF7D9