size_kb,operation,bandwidth_mb_s,latency_ns,latency_stddev_ns,latency_samples,threads,iterations,elapsed_s
32,read,7532842.61,0,0,0,192,409165,0.325905
32,write,14452196.27,0,0,0,192,537634,0.223205
32,copy,9339741.76,0,0,0,192,274725,0.176488
32,latency,0,2.23,0.00,7,1,7,0.320888
128,read,9394861.24,0,0,0,192,93879,0.239822
128,write,12564157.70,0,0,0,192,138427,0.264423
128,copy,7125523.40,0,0,0,192,67713,0.228069
128,latency,0,2.94,0.00,7,1,7,0.628751
1024,read,8273204.01,0,0,0,192,10837,0.251499
1024,write,12466799.20,0,0,0,192,16039,0.247015
1024,copy,2526624.37,0,0,0,192,7291,0.554048
1024,latency,0,5.62,0.02,7,1,7,0.702217
2048,read,3337347.66,0,0,0,192,4135,0.475779
2048,write,4819821.68,0,0,0,192,7908,0.630038
2048,copy,774180.20,0,0,0,192,2957,1.466697
2048,latency,0,10.89,0.09,7,1,7,0.696498
4096,read,1562778.06,0,0,0,192,1823,0.895882
4096,write,1502845.59,0,0,0,192,4079,2.084494
4096,copy,494425.12,0,0,0,192,1334,2.072128
4096,latency,0,18.89,0.08,7,1,7,0.647149
8192,read,1058101.06,0,0,0,192,797,1.156971
8192,write,1053482.58,0,0,0,192,1876,2.735248
8192,copy,444551.39,0,0,0,192,696,2.404797
8192,latency,0,24.31,0.03,7,1,7,0.680281
16384,read,937019.52,0,0,0,192,384,1.258936
16384,write,863257.44,0,0,0,192,1042,3.708076
16384,copy,413033.99,0,0,0,192,335,2.491611
16384,latency,0,26.40,0.07,7,1,7,0.702912
32768,read,901642.15,0,0,0,192,187,1.274262
32768,write,819188.82,0,0,0,192,507,3.802552
32768,copy,412485.32,0,0,0,192,169,2.517268
32768,latency,0,36.83,0.10,7,1,7,0.868604
65536,read,875618.71,0,0,0,192,92,1.291083
65536,write,772166.06,0,0,0,192,258,4.105728
65536,copy,395738.61,0,0,0,192,84,2.608267
65536,latency,0,76.21,1.48,7,1,7,3.458212
131072,read,870661.31,0,0,0,192,47,1.326661
131072,write,794648.20,0,0,0,192,124,3.834935
131072,copy,403651.88,0,0,0,192,42,2.557134
131072,latency,0,97.54,0.48,7,1,7,8.746718
