---
system-info:
      stress-ng-version: 0.17.08
      run-by: root
      date-yyyy-mm-dd: 2024:09:16
      time-hh-mm-ss: 19:03:48
      epoch-secs: 1726513428
      hostname: sc-runner
      sysname: Linux
      nodename: sc-runner
      release: 6.8.0-1014-azure
      version: '#16-Ubuntu SMP Thu Aug 15 20:04:41 UTC 2024'
      machine: x86_64
      compiler: 'musl-gcc 13.2.1'
      uptime: 349
      totalram: 33648795648
      freeram: 23334772736
      sharedram: 57151488
      bufferram: 240549888
      totalswap: 0
      freeswap: 0
      pagesize: 4096
      cpus: 16
      cpus-online: 16
      ticks-per-second: 100

metrics:
    - stressor: cpu
      bogo-ops: 17352
      bogo-ops-per-second-usr-sys-time: 867.592539
      bogo-ops-per-second-real-time: 867.719753
      wall-clock-time: 19.997240
      user-time: 19.997163
      system-time: 0.003009
      cpu-usage-per-instance: 100.014663
      max-rss: 3152

...
