---
system-info:
      stress-ng-version: 0.17.08
      run-by: root
      date-yyyy-mm-dd: 2024:09:05
      time-hh-mm-ss: 19:27:16
      epoch-secs: 1725564436
      hostname: sc-runner
      sysname: Linux
      nodename: sc-runner
      release: 6.8.0-1013-azure
      version: '#15-Ubuntu SMP Thu Aug  8 18:40:40 UTC 2024'
      machine: x86_64
      compiler: 'musl-gcc 13.2.1'
      uptime: 383
      totalram: 33648803840
      freeram: 24953159680
      sharedram: 42213376
      bufferram: 228528128
      totalswap: 0
      freeswap: 0
      pagesize: 4096
      cpus: 16
      cpus-online: 16
      ticks-per-second: 100

metrics:
    - stressor: cpu
      bogo-ops: 20767
      bogo-ops-per-second-usr-sys-time: 1038.425390
      bogo-ops-per-second-real-time: 1038.347165
      wall-clock-time: 20.000055
      user-time: 19.997549
      system-time: 0.000999
      cpu-usage-per-instance: 99.992467
      max-rss: 3152

...
