---
system-info:
      stress-ng-version: 0.17.08
      run-by: root
      date-yyyy-mm-dd: 2024:09:03
      time-hh-mm-ss: 06:25:02
      epoch-secs: 1725344702
      hostname: sc-runner
      sysname: Linux
      nodename: sc-runner
      release: 6.8.0-1013-azure
      version: '#15-Ubuntu SMP Thu Aug  8 18:40:40 UTC 2024'
      machine: x86_64
      compiler: 'musl-gcc 13.2.1'
      uptime: 344
      totalram: 33651294208
      freeram: 25092251648
      sharedram: 54886400
      bufferram: 209690624
      totalswap: 0
      freeswap: 0
      pagesize: 4096
      cpus: 4
      cpus-online: 4
      ticks-per-second: 100

metrics:
    - stressor: cpu
      bogo-ops: 37966
      bogo-ops-per-second-usr-sys-time: 1898.336068
      bogo-ops-per-second-real-time: 1898.289930
      wall-clock-time: 20.000106
      user-time: 19.998621
      system-time: 0.000999
      cpu-usage-per-instance: 99.997570
      max-rss: 3152

...
