BaselineInfo:
  WebDBID: -1
  TimeStamp: 20241108164306
Version:
  Major: 11
  Minor: 0
  Build: 1002
  SpecialBuildName: ""
  ptArchitecture: x86_64_linux
Results:
  Results Complete: true
  NumTestProcesses: 16
  CPU_INTEGER_MATH: 67320.614333333346
  CPU_FLOATINGPOINT_MATH: 34417.473593297924
  CPU_PRIME: 135.47819200522184
  CPU_SORTING: 34796.888518848631
  CPU_ENCRYPTION: 14615.465943649446
  CPU_COMPRESSION: 248184.12420432229
  CPU_SINGLETHREAD: 2433.2480243549799
  CPU_PHYSICS: 2287.9812606765076
  CPU_MATRIX_MULT_SSE: 14465.390896302537
  CPU_mm: 1449.8022375971891
  CPU_sse: 6390.4033747842705
  CPU_fma: 17547.123099500473
  CPU_avx: 12955.002198681423
  CPU_avx512: 20969.03491224398
  m_CPU_enc_SHA: 14777924950.903286
  m_CPU_enc_AES: 22245163555.418694
  m_CPU_enc_ECDSA: 8953191945.6625061
  ME_ALLOC_S: 7985.5138229197801
  ME_READ_S: 24481.911328124999
  ME_READ_L: 12326.23046875
  ME_WRITE: 10807.98046875
  ME_LARGE: 118556.25
  ME_LATENCY: 52.033060112728926
  ME_THREADED: 90104.150390625
  SUMM_CPU: 21286.762694668578
  SUMM_ME: 2737.8735231632168
SystemInformation:
  OSName: Ubuntu 24.04.1 LTS
  Kernel: 6.8.0-1017-azure
  Device: ""
  Processor: Intel Xeon Platinum 8370C CPU @ 2.80GHz
  NumSockets: 1
  Manufacturer: GenuineIntel
  NumCores: 8
  NumLogicals: 16
  CPUFrequency: 2800
  Memory: 128808
  MemModuleInfo:
    iNumMemSticks: 3
    DIMM 1:
      manufacturer: Microsoft Corporation
      modulePartNo: None
      memType: Unknown
      size: 1
      clkspeed: 0
      moduleVoltage: 0
    DIMM 2:
      manufacturer: Microsoft Corporation
      modulePartNo: None
      memType: Unknown
      size: 59
      clkspeed: 0
      moduleVoltage: 0
    DIMM 3:
      manufacturer: Microsoft Corporation
      modulePartNo: None
      memType: Unknown
      size: 68
      clkspeed: 0
      moduleVoltage: 0
Checksum: 0D6019217160F11C17DC970B06989B1D3C4C4350