BaselineInfo:
  WebDBID: -1
  TimeStamp: 20241107101739
Version:
  Major: 11
  Minor: 0
  Build: 1002
  SpecialBuildName: ""
  ptArchitecture: x86_64_linux
Results:
  Results Complete: true
  NumTestProcesses: 2
  CPU_INTEGER_MATH: 8318.6676666666663
  CPU_FLOATINGPOINT_MATH: 4259.0067990511625
  CPU_PRIME: 18.351600078710938
  CPU_SORTING: 4360.4999099650749
  CPU_ENCRYPTION: 1805.9198416843269
  CPU_COMPRESSION: 31734.330015348969
  CPU_SINGLETHREAD: 2300.6944004377615
  CPU_PHYSICS: 367.12331443050289
  CPU_MATRIX_MULT_SSE: 1709.2064080342439
  CPU_mm: 179.16198941678593
  CPU_sse: 782.5365806579191
  CPU_fma: 2173.6378428400994
  CPU_avx: 1604.7474687782417
  CPU_avx512: 2275.9037398607152
  m_CPU_enc_SHA: 1823098002.3294678
  m_CPU_enc_AES: 2734952320.7071848
  m_CPU_enc_ECDSA: 1122882288.7053013
  ME_ALLOC_S: 982.99496329112719
  ME_READ_S: 24084.508203124999
  ME_READ_L: 10865.380859375
  ME_WRITE: 10179.7529296875
  ME_LARGE: 5728.416666666667
  ME_LATENCY: 63.265748002733858
  ME_THREADED: 15124.50830078125
  SUMM_CPU: 2978.1992940747427
  SUMM_ME: 1728.9089628478835
SystemInformation:
  OSName: Ubuntu 24.04.1 LTS
  Kernel: 6.8.0-1016-aws
  Device: ""
  Processor: Intel Xeon Platinum 8375C CPU @ 2.90GHz
  NumSockets: 1
  Manufacturer: GenuineIntel
  NumCores: 1
  NumLogicals: 2
  CPUFrequency: 0
  Memory: 15706
  MemModuleInfo:
    iNumMemSticks: 1
    DIMM 1:
      manufacturer: Not Specified
      modulePartNo: Not Specified
      memType: DDR4
      size: 16
      clkspeed: 1600
      moduleVoltage: 0
Checksum: 5B894592D0E7BA05D20D4618043A9451559D4793