BaselineInfo:
  WebDBID: -1
  TimeStamp: 20260616123017
Version:
  Major: 11
  Minor: 0
  Build: 1004
  SpecialBuildName: ""
  ptArchitecture: x86_64_linux
Results:
  Results Complete: true
  NumTestProcesses: 1
  CPU_INTEGER_MATH: 3156.8493333333336
  CPU_FLOATINGPOINT_MATH: 2396.9554688614226
  CPU_PRIME: 10.810439641471143
  CPU_SORTING: 2161.9170815286261
  CPU_ENCRYPTION: 406.9751166293741
  CPU_COMPRESSION: 16159.105877633567
  CPU_SINGLETHREAD: 1466.9043886511286
  CPU_PHYSICS: 179.5417309553502
  CPU_MATRIX_MULT_SSE: 1194.4200737386855
  CPU_mm: 144.4718274157666
  CPU_sse: 535.29218651838414
  CPU_fma: 1793.9913553536555
  CPU_avx: 1216.2740414685577
  CPU_avx512: 1232.122711614144
  m_CPU_enc_SHA: 223894976.08794171
  m_CPU_enc_AES: 862245078.84505928
  m_CPU_enc_ECDSA: 194092964.75128675
  ME_ALLOC_S: 529.02252263747323
  ME_READ_S: 18957.384765625
  ME_READ_L: 5973.26904296875
  ME_WRITE: 6414.64111328125
  ME_LARGE: 544.41666666666663
  ME_LATENCY: 82.129861079613363
  ME_THREADED: 5963.98486328125
  SUMM_CPU: 1316.1718326544044
  SUMM_ME: 690.98797152089185
SystemInformation:
  OSName: Ubuntu 24.04.4 LTS
  Kernel: 6.8.0-117-generic
  Device: ""
  Processor: Intel(R) Xeon(R) Platinum 8163 CPU @ 2.50GHz
  NumSockets: 1
  Manufacturer: GenuineIntel
  NumCores: 1
  NumLogicals: 1
  CPUFrequency: 2500
  CPUMaxFrequency: 3100
  Memory: 959
  CPUInfo:
    number: 1
    Family: 6
    Model: 5
    stepping: 4
    features: 529267711
    manufacture: GenuineIntel
    typestring: Intel(R) Xeon(R) Platinum 8163 CPU @ 2.50GHz
    iCoresPerPackage: 1
    iThreadsPerPackage: 2
    featuresEx:
      - 529267711
      - 4294586883
      - 739248128
    bHybrid: false
    nPCore: 0
    nLogicalsPerPCore: 0
    nECore: 0
    nLogicalsPerECore: 0
  MemModuleInfo:
    iNumMemSticks: 1
    DIMM 1:
      manufacturer: Alibaba Cloud
      modulePartNo: Not Specified
      memType: RAM
      size: 1
      clkspeed: 0
      moduleVoltage: 0
Checksum: CC7D3B3C118658E399BEEC9D0C44A361D1BA2868