BaselineInfo:
  WebDBID: -1
  TimeStamp: 20260615205410
Version:
  Major: 11
  Minor: 0
  Build: 1004
  SpecialBuildName: ""
  ptArchitecture: x86_64_linux
Results:
  Results Complete: true
  NumTestProcesses: 8
  CPU_INTEGER_MATH: 43969.163999999997
  CPU_FLOATINGPOINT_MATH: 34050.506924409907
  CPU_PRIME: 120.43784657208394
  CPU_SORTING: 22202.355932580831
  CPU_ENCRYPTION: 9428.3211798583397
  CPU_COMPRESSION: 174206.80761117648
  CPU_SINGLETHREAD: 2402.4337470047985
  CPU_PHYSICS: 2198.2939692157097
  CPU_MATRIX_MULT_SSE: 14371.549272395812
  CPU_mm: 1516.0357051868732
  CPU_sse: 6798.8715613709301
  CPU_fma: 21408.138568626913
  CPU_avx: 14907.637687189592
  CPU_avx512: 0
  m_CPU_enc_SHA: 13412225138.733727
  m_CPU_enc_AES: 8501426717.9531765
  m_CPU_enc_ECDSA: 7745282071.7865152
  ME_ALLOC_S: 3321.5046162502549
  ME_READ_S: 22873.220703125
  ME_READ_L: 13479.6474609375
  ME_WRITE: 14435.0458984375
  ME_LARGE: 7759.083333333333
  ME_LATENCY: 71.102010112947525
  ME_THREADED: 86515.2158203125
  SUMM_CPU: 16668.202806555193
  SUMM_ME: 2180.6740633752879
SystemInformation:
  OSName: Ubuntu 24.04.4 LTS
  Kernel: 6.8.0-124-generic
  Device: ""
  Processor: AMD EPYC-Rome Processor
  NumSockets: 1
  Manufacturer: AuthenticAMD
  NumCores: 4
  NumLogicals: 8
  CPUFrequency: 0
  CPUMaxFrequency: 0
  Memory: 15985
  CPUInfo:
    number: 1
    Family: 15
    Model: 1
    stepping: 0
    features: 395049983
    manufacture: AuthenticAMD
    typestring: AMD EPYC-Rome Processor
    iCoresPerPackage: 4
    iThreadsPerPackage: 2
    featuresEx:
      - 395049983
      - 4277678595
      - 802421759
    bHybrid: false
    nPCore: 0
    nLogicalsPerPCore: 0
    nECore: 0
    nLogicalsPerECore: 0
  MemModuleInfo:
    iNumMemSticks: 1
    DIMM 1:
      manufacturer: QEMU
      modulePartNo: Not Specified
      memType: RAM
      size: 16
      clkspeed: 0
      moduleVoltage: 0
Checksum: F1BF0D3595D6B33CE49200359DD5985411912FD2