BaselineInfo:
  WebDBID: -1
  TimeStamp: 20241107174719
Version:
  Major: 11
  Minor: 0
  Build: 1002
  SpecialBuildName: ""
  ptArchitecture: x86_64_linux
Results:
  Results Complete: true
  NumTestProcesses: 4
  CPU_INTEGER_MATH: 11262.753666666666
  CPU_FLOATINGPOINT_MATH: 6049.4123250475368
  CPU_PRIME: 23.372330950239331
  CPU_SORTING: 6040.7671622223888
  CPU_ENCRYPTION: 1551.5256883953998
  CPU_COMPRESSION: 49868.809536159664
  CPU_SINGLETHREAD: 1796.6998315466617
  CPU_PHYSICS: 502.47253443519503
  CPU_MATRIX_MULT_SSE: 2952.2140406547651
  CPU_mm: 342.75652135329813
  CPU_sse: 1230.2617695509052
  CPU_fma: 3644.2160578462831
  CPU_avx: 2551.8526520960663
  CPU_avx512: 4382.5256831258048
  m_CPU_enc_SHA: 507155312.13890851
  m_CPU_enc_AES: 3919044909.9244065
  m_CPU_enc_ECDSA: 454477578.64136946
  ME_ALLOC_S: 1353.7438529084743
  ME_READ_S: 22110.444140625001
  ME_READ_L: 10743.296875
  ME_WRITE: 9711.125
  ME_LARGE: 21733.166666666668
  ME_LATENCY: 56.321564286115205
  ME_THREADED: 24345.224609375
  SUMM_CPU: 3958.0352048127556
  SUMM_ME: 2073.4294422367243
SystemInformation:
  OSName: Ubuntu 24.04.1 LTS
  Kernel: 6.8.0-1016-aws
  Device: ""
  Processor: Intel Xeon Platinum 8259CL CPU @ 2.50GHz
  NumSockets: 1
  Manufacturer: GenuineIntel
  NumCores: 2
  NumLogicals: 4
  CPUFrequency: 0
  Memory: 31724
  MemModuleInfo:
    iNumMemSticks: 1
    DIMM 1:
      manufacturer: Not Specified
      modulePartNo: Not Specified
      memType: DDR4
      size: 32
      clkspeed: 1600
      moduleVoltage: 0
Checksum: D52FEB2E5BA138F3A8A962E63728EAE19CBD6E38