---
system-info:
      stress-ng-version: 0.17.08
      run-by: root
      date-yyyy-mm-dd: 2024:07:12
      time-hh-mm-ss: 03:21:31
      epoch-secs: 1720754491
      hostname: ip-172-31-26-24
      sysname: Linux
      nodename: ip-172-31-26-24
      release: 6.8.0-1010-aws
      version: '#10-Ubuntu SMP Thu Jun 13 17:36:15 UTC 2024'
      machine: x86_64
      compiler: 'musl-gcc 13.2.1'
      uptime: 256
      totalram: 130099032064
      freeram: 122109923328
      sharedram: 37085184
      bufferram: 130023424
      totalswap: 0
      freeswap: 0
      pagesize: 4096
      cpus: 16
      cpus-online: 16
      ticks-per-second: 100

metrics:
    - stressor: cpu
      bogo-ops: 61947
      bogo-ops-per-second-usr-sys-time: 3097.572870
      bogo-ops-per-second-real-time: 3097.341988
      wall-clock-time: 20.000052
      user-time: 19.998561
      system-time: 0.000000
      cpu-usage-per-instance: 99.992546
      max-rss: 1104

...
