---
system-info:
      stress-ng-version: 0.17.08
      run-by: root
      date-yyyy-mm-dd: 2024:09:03
      time-hh-mm-ss: 16:34:31
      epoch-secs: 1725381271
      hostname: sc-runner
      sysname: Linux
      nodename: sc-runner
      release: 6.8.0-1013-azure
      version: '#15-Ubuntu SMP Thu Aug  8 18:40:40 UTC 2024'
      machine: x86_64
      compiler: 'musl-gcc 13.2.1'
      uptime: 317
      totalram: 33649876992
      freeram: 24977379328
      sharedram: 54956032
      bufferram: 223449088
      totalswap: 0
      freeswap: 0
      pagesize: 4096
      cpus: 8
      cpus-online: 8
      ticks-per-second: 100

metrics:
    - stressor: cpu
      bogo-ops: 154960
      bogo-ops-per-second-usr-sys-time: 971.299041
      bogo-ops-per-second-real-time: 7747.974866
      wall-clock-time: 20.000065
      user-time: 159.515931
      system-time: 0.022989
      cpu-usage-per-instance: 99.711502
      max-rss: 3152

...
