---
system-info:
      stress-ng-version: 0.17.08
      run-by: root
      date-yyyy-mm-dd: 2024:09:16
      time-hh-mm-ss: 13:14:17
      epoch-secs: 1726492457
      hostname: sc-runner
      sysname: Linux
      nodename: sc-runner
      release: 6.8.0-1014-azure
      version: '#16-Ubuntu SMP Thu Aug 15 20:04:41 UTC 2024'
      machine: x86_64
      compiler: 'musl-gcc 13.2.1'
      uptime: 285
      totalram: 33649868800
      freeram: 23423918080
      sharedram: 54964224
      bufferram: 237244416
      totalswap: 0
      freeswap: 0
      pagesize: 4096
      cpus: 8
      cpus-online: 8
      ticks-per-second: 100

metrics:
    - stressor: cpu
      bogo-ops: 155223
      bogo-ops-per-second-usr-sys-time: 972.019979
      bogo-ops-per-second-real-time: 7761.108123
      wall-clock-time: 20.000108
      user-time: 159.668171
      system-time: 0.022991
      cpu-usage-per-instance: 99.806438
      max-rss: 3124

...
