---
system-info:
      stress-ng-version: 0.17.08
      run-by: root
      date-yyyy-mm-dd: 2024:06:15
      time-hh-mm-ss: 19:29:45
      epoch-secs: 1718479785
      hostname: fa38354924b3
      sysname: Linux
      nodename: fa38354924b3
      release: 6.8.0-1008-aws
      version: '#8-Ubuntu SMP Sat Apr 20 02:43:14 UTC 2024'
      machine: aarch64
      compiler: 'musl-gcc 13.2.1'
      uptime: 138
      totalram: 33221050368
      freeram: 28954255360
      sharedram: 35024896
      bufferram: 107790336
      totalswap: 0
      freeswap: 0
      pagesize: 4096
      cpus: 4
      cpus-online: 4
      ticks-per-second: 100

metrics:
    - stressor: cpu
      bogo-ops: 121028
      bogo-ops-per-second-usr-sys-time: 1519.534108
      bogo-ops-per-second-real-time: 6051.386889
      wall-clock-time: 20.000043
      user-time: 79.643100
      system-time: 0.004997
      cpu-usage-per-instance: 99.559906
      max-rss: 1192

...
