---
system-info:
      stress-ng-version: 0.17.08
      run-by: root
      date-yyyy-mm-dd: 2024:06:09
      time-hh-mm-ss: 16:54:51
      epoch-secs: 1717952091
      hostname: 97014687de7e
      sysname: Linux
      nodename: 97014687de7e
      release: 6.8.0-1008-aws
      version: '#8-Ubuntu SMP Sat Apr 20 02:43:14 UTC 2024'
      machine: aarch64
      compiler: 'musl-gcc 13.2.1'
      uptime: 124
      totalram: 33221046272
      freeram: 28751945728
      sharedram: 35024896
      bufferram: 108945408
      totalswap: 0
      freeswap: 0
      pagesize: 4096
      cpus: 4
      cpus-online: 4
      ticks-per-second: 100

metrics:
    - stressor: cpu
      bogo-ops: 11482
      bogo-ops-per-second-usr-sys-time: 288.239623
      bogo-ops-per-second-real-time: 1147.321230
      wall-clock-time: 10.007659
      user-time: 39.823920
      system-time: 0.010992
      cpu-usage-per-instance: 99.511061
      max-rss: 4008

...
