---
system-info:
      stress-ng-version: 0.17.08
      run-by: root
      date-yyyy-mm-dd: 2024:06:26
      time-hh-mm-ss: 18:16:13
      epoch-secs: 1719425773
      hostname: c3-highcpu-8-623bf31.us-east4-a.c.algebraic-pier-412621.internal
      sysname: Linux
      nodename: c3-highcpu-8-623bf31.us-east4-a.c.algebraic-pier-412621.internal
      release: 6.8.0-1009-gcp
      version: '#10-Ubuntu SMP Wed Jun 12 18:52:23 UTC 2024'
      machine: x86_64
      compiler: 'musl-gcc 13.2.1'
      uptime: 135
      totalram: 16764899328
      freeram: 11699122176
      sharedram: 111517696
      bufferram: 124481536
      totalswap: 0
      freeswap: 0
      pagesize: 4096
      cpus: 8
      cpus-online: 8
      ticks-per-second: 100

metrics:
    - stressor: cpu
      bogo-ops: 32460
      bogo-ops-per-second-usr-sys-time: 1623.016555
      bogo-ops-per-second-real-time: 1622.996266
      wall-clock-time: 20.000046
      user-time: 19.999796
      system-time: 0.000000
      cpu-usage-per-instance: 99.998750
      max-rss: 1104

...
