BaselineInfo:
  WebDBID: -1
  TimeStamp: 20260617075423
Version:
  Major: 11
  Minor: 0
  Build: 1004
  SpecialBuildName: ""
  ptArchitecture: x86_64_linux
Results:
  Results Complete: true
  NumTestProcesses: 4
  CPU_INTEGER_MATH: 16757.869666666669
  CPU_FLOATINGPOINT_MATH: 8567.408073909106
  CPU_PRIME: 36.141956590502872
  CPU_SORTING: 8856.1912915114299
  CPU_ENCRYPTION: 3642.2118280582517
  CPU_COMPRESSION: 64739.375854613543
  CPU_SINGLETHREAD: 2359.291839332066
  CPU_PHYSICS: 712.71802144249648
  CPU_MATRIX_MULT_SSE: 3396.8791142533851
  CPU_mm: 361.35612084125933
  CPU_sse: 1573.0550683471524
  CPU_fma: 4362.4805101782786
  CPU_avx: 3224.6221499624426
  CPU_avx512: 4427.3587285256681
  m_CPU_enc_SHA: 3676133265.5571051
  m_CPU_enc_AES: 5524448076.8621883
  m_CPU_enc_ECDSA: 2256826387.0347338
  ME_ALLOC_S: 2009.2693275380102
  ME_READ_S: 23596.161328124999
  ME_READ_L: 10890.947265625
  ME_WRITE: 10287.705078125
  ME_LARGE: 7062.833333333333
  ME_LATENCY: 56.202996416906466
  ME_THREADED: 29378.203125
  SUMM_CPU: 5892.7676296699292
  SUMM_ME: 2075.5371217940619
SystemInformation:
  OSName: Ubuntu 24.04.4 LTS
  Kernel: 6.8.0-117-generic
  Device: ""
  Processor: Intel(R) Xeon(R) Platinum 8369B CPU @ 2.70GHz
  NumSockets: 1
  Manufacturer: GenuineIntel
  NumCores: 2
  NumLogicals: 4
  CPUFrequency: 0
  CPUMaxFrequency: 0
  Memory: 15322
  CPUInfo:
    number: 1
    Family: 6
    Model: 10
    stepping: 6
    features: 529267711
    manufacture: GenuineIntel
    typestring: Intel(R) Xeon(R) Platinum 8369B CPU @ 2.70GHz
    iCoresPerPackage: 2
    iThreadsPerPackage: 2
    featuresEx:
      - 529267711
      - 4277809667
      - 739248128
    bHybrid: false
    nPCore: 0
    nLogicalsPerPCore: 0
    nECore: 0
    nLogicalsPerECore: 0
  MemModuleInfo:
    iNumMemSticks: 1
    DIMM 1:
      manufacturer: Alibaba Cloud
      modulePartNo: Not Specified
      memType: RAM
      size: 16
      clkspeed: 0
      moduleVoltage: 0
Checksum: E1FCBCA52EDC4BCF2622EF0CBFC3A3F08C99739C