BaselineInfo:
  WebDBID: -1
  TimeStamp: 20260620222404
Version:
  Major: 11
  Minor: 0
  Build: 1004
  SpecialBuildName: ""
  ptArchitecture: x86_64_linux
Results:
  Results Complete: true
  NumTestProcesses: 48
  CPU_INTEGER_MATH: 194223.22166666659
  CPU_FLOATINGPOINT_MATH: 138499.70488849824
  CPU_PRIME: 412.25426624844749
  CPU_SORTING: 96513.403808868912
  CPU_ENCRYPTION: 43003.357359808695
  CPU_COMPRESSION: 701721.78372278006
  CPU_SINGLETHREAD: 2907.7482316667219
  CPU_PHYSICS: 8755.4131882227066
  CPU_MATRIX_MULT_SSE: 54193.38723758277
  CPU_mm: 5329.0420923774718
  CPU_sse: 23078.467130125959
  CPU_fma: 58522.781931915568
  CPU_avx: 44572.361163933696
  CPU_avx512: 90599.938724355845
  m_CPU_enc_SHA: 45144925965.297554
  m_CPU_enc_AES: 59202286779.758835
  m_CPU_enc_ECDSA: 30929652595.699902
  ME_ALLOC_S: 23917.447010159391
  ME_READ_S: 25514.561132812501
  ME_READ_L: 10371.8896484375
  ME_WRITE: 9398.3427734375
  ME_LARGE: 87239.333333333328
  ME_LATENCY: 66.920800477155282
  ME_THREADED: 261546.91796875
  SUMM_CPU: 56283.80180962805
  SUMM_ME: 2416.4344681194025
SystemInformation:
  OSName: Ubuntu 24.04.4 LTS
  Kernel: 6.17.0-1018-azure
  Device: ""
  Processor: INTEL(R) XEON(R) PLATINUM 8573C
  NumSockets: 1
  Manufacturer: GenuineIntel
  NumCores: 24
  NumLogicals: 48
  CPUFrequency: 2300
  CPUMaxFrequency: 2300
  Memory: 96539
  CPUInfo:
    number: 1
    Family: 6
    Model: 15
    stepping: 2
    features: 529267711
    manufacture: GenuineIntel
    typestring: INTEL(R) XEON(R) PLATINUM 8573C
    iCoresPerPackage: 32
    iThreadsPerPackage: 2
    featuresEx:
      - 529267711
      - 4294586915
      - 739248128
    bHybrid: false
    nPCore: 0
    nLogicalsPerPCore: 0
    nECore: 0
    nLogicalsPerECore: 0
  MemModuleInfo:
    iNumMemSticks: 3
    DIMM 1:
      manufacturer: Microsoft Corporation
      modulePartNo: None
      memType: Unknown
      size: 1
      clkspeed: 0
      moduleVoltage: 0
    DIMM 2:
      manufacturer: Microsoft Corporation
      modulePartNo: None
      memType: Unknown
      size: 59
      clkspeed: 0
      moduleVoltage: 0
    DIMM 3:
      manufacturer: Microsoft Corporation
      modulePartNo: None
      memType: Unknown
      size: 36
      clkspeed: 0
      moduleVoltage: 0
Checksum: CAF97BDEBBA0B324A663728435D84F5D0434FC70