---
system-info:
      stress-ng-version: 0.17.08
      run-by: root
      date-yyyy-mm-dd: 2024:06:05
      time-hh-mm-ss: 13:52:19
      epoch-secs: 1717595539
      hostname: 7c92841691c9
      sysname: Linux
      nodename: 7c92841691c9
      release: 6.8.0-1008-aws
      version: '#8-Ubuntu SMP Sat Apr 20 00:46:25 UTC 2024'
      machine: x86_64
      compiler: 'musl-gcc 13.2.1'
      uptime: 156
      totalram: 3905941504
      freeram: 193368064
      sharedram: 27529216
      bufferram: 72552448
      totalswap: 0
      freeswap: 0
      pagesize: 4096
      cpus: 2
      cpus-online: 2
      ticks-per-second: 100

metrics:
    - stressor: cpu
      bogo-ops: 15404
      bogo-ops-per-second-usr-sys-time: 1541.087171
      bogo-ops-per-second-real-time: 1540.336797
      wall-clock-time: 10.000410
      user-time: 9.991476
      system-time: 0.004065
      cpu-usage-per-instance: 99.951309
      max-rss: 3920

...
