---
system-info:
      stress-ng-version: 0.17.08
      run-by: root
      date-yyyy-mm-dd: 2024:06:14
      time-hh-mm-ss: 02:50:52
      epoch-secs: 1718333452
      hostname: 69b0c3f72256
      sysname: Linux
      nodename: 69b0c3f72256
      release: 6.8.0-1008-aws
      version: '#8-Ubuntu SMP Sat Apr 20 00:46:25 UTC 2024'
      machine: x86_64
      compiler: 'musl-gcc 13.2.1'
      uptime: 174
      totalram: 3905933312
      freeram: 134995968
      sharedram: 27521024
      bufferram: 100597760
      totalswap: 0
      freeswap: 0
      pagesize: 4096
      cpus: 2
      cpus-online: 2
      ticks-per-second: 100

metrics:
    - stressor: cpu
      bogo-ops: 28545
      bogo-ops-per-second-usr-sys-time: 1427.328574
      bogo-ops-per-second-real-time: 1427.240727
      wall-clock-time: 20.000130
      user-time: 19.998899
      system-time: 0.000000
      cpu-usage-per-instance: 99.993845
      max-rss: 976

...
