BaselineInfo:
  WebDBID: -1
  TimeStamp: 20241108070206
Version:
  Major: 11
  Minor: 0
  Build: 1002
  SpecialBuildName: ""
  ptArchitecture: x86_64_linux
Results:
  Results Complete: true
  NumTestProcesses: 32
  CPU_INTEGER_MATH: 135770.29433333332
  CPU_FLOATINGPOINT_MATH: 73923.189523446723
  CPU_PRIME: 192.2718281301145
  CPU_SORTING: 66488.983272632322
  CPU_ENCRYPTION: 34148.444337979578
  CPU_COMPRESSION: 492748.79489040928
  CPU_SINGLETHREAD: 2599.114771316802
  CPU_PHYSICS: 3783.5191333246044
  CPU_MATRIX_MULT_SSE: 27674.824657336114
  CPU_mm: 3374.135436979222
  CPU_sse: 14168.883046771723
  CPU_fma: 38172.467625142803
  CPU_avx: 30683.123300093823
  CPU_avx512: 0
  m_CPU_enc_SHA: 49673585401.819023
  m_CPU_enc_AES: 31863504195.664368
  m_CPU_enc_ECDSA: 25884627912.940437
  ME_ALLOC_S: 13723.715183390348
  ME_READ_S: 25113.519335937501
  ME_READ_L: 17409.2109375
  ME_WRITE: 17338.16796875
  ME_LARGE: 52134.333333333336
  ME_LATENCY: 63.002918653863937
  ME_THREADED: 79497.2724609375
  SUMM_CPU: 38324.882277101911
  SUMM_ME: 2774.0835086764505
SystemInformation:
  OSName: Ubuntu 24.04.1 LTS
  Kernel: 6.8.0-1016-aws
  Device: ""
  Processor: AMD EPYC 7R13 Processor
  NumSockets: 1
  Manufacturer: AuthenticAMD
  NumCores: 16
  NumLogicals: 32
  CPUFrequency: 0
  Memory: 62976
  MemModuleInfo:
    iNumMemSticks: 2
    DIMM 1:
      manufacturer: Not Specified
      modulePartNo: Not Specified
      memType: DDR4
      size: 32
      clkspeed: 1466
      moduleVoltage: 0
    DIMM 2:
      manufacturer: Not Specified
      modulePartNo: Not Specified
      memType: DDR4
      size: 32
      clkspeed: 1466
      moduleVoltage: 0
Checksum: 2A780F7575799A48862805C5ABE783C502276023