BaselineInfo:
  WebDBID: -1
  TimeStamp: 20260616225300
Version:
  Major: 11
  Minor: 0
  Build: 1004
  SpecialBuildName: ""
  ptArchitecture: x86_64_linux
Results:
  Results Complete: true
  NumTestProcesses: 4
  CPU_INTEGER_MATH: 16965.165999999997
  CPU_FLOATINGPOINT_MATH: 12023.019977174057
  CPU_PRIME: 31.132439989386032
  CPU_SORTING: 8505.0481571538348
  CPU_ENCRYPTION: 2116.0547380474527
  CPU_COMPRESSION: 64397.169213676505
  CPU_SINGLETHREAD: 2580.801591395074
  CPU_PHYSICS: 755.96537197369264
  CPU_MATRIX_MULT_SSE: 4929.5696866649187
  CPU_mm: 480.17404986217429
  CPU_sse: 2079.9752510993758
  CPU_fma: 5622.2988446071668
  CPU_avx: 4202.8495975026126
  CPU_avx512: 7813.1550534505186
  m_CPU_enc_SHA: 804421532.02113795
  m_CPU_enc_AES: 5132598249.5274181
  m_CPU_enc_ECDSA: 719512857.4599812
  ME_ALLOC_S: 2161.1591278865276
  ME_READ_S: 23291.821093750001
  ME_READ_L: 10262.0048828125
  ME_WRITE: 10602.44921875
  ME_LARGE: 6878.75
  ME_LATENCY: 65.503584126446512
  ME_THREADED: 30182.15380859375
  SUMM_CPU: 5906.8268522261415
  SUMM_ME: 1954.4231172697293
SystemInformation:
  OSName: Ubuntu 24.04.4 LTS
  Kernel: 6.8.0-117-generic
  Device: ""
  Processor: Intel(R) Xeon(R) Platinum
  NumSockets: 1
  Manufacturer: GenuineIntel
  NumCores: 2
  NumLogicals: 4
  CPUFrequency: 0
  CPUMaxFrequency: 0
  Memory: 15070
  CPUInfo:
    number: 1
    Family: 6
    Model: 5
    stepping: 4
    features: 529267711
    manufacture: GenuineIntel
    typestring: Intel(R) Xeon(R) Platinum
    iCoresPerPackage: 2
    iThreadsPerPackage: 2
    featuresEx:
      - 529267711
      - 4294586883
      - 739248128
    bHybrid: false
    nPCore: 0
    nLogicalsPerPCore: 0
    nECore: 0
    nLogicalsPerECore: 0
  MemModuleInfo:
    iNumMemSticks: 1
    DIMM 1:
      manufacturer: Alibaba Cloud
      modulePartNo: Not Specified
      memType: RAM
      size: 16
      clkspeed: 0
      moduleVoltage: 0
Checksum: C94F846D186BA718157BD65776B88EACD3C67735