---
system-info:
      stress-ng-version: 0.17.08
      run-by: root
      date-yyyy-mm-dd: 2024:06:09
      time-hh-mm-ss: 23:20:44
      epoch-secs: 1717975244
      hostname: 31bbd7141d24
      sysname: Linux
      nodename: 31bbd7141d24
      release: 6.8.0-1008-aws
      version: '#8-Ubuntu SMP Sat Apr 20 00:46:25 UTC 2024'
      machine: x86_64
      compiler: 'musl-gcc 13.2.1'
      uptime: 152
      totalram: 399160197120
      freeram: 394209005568
      sharedram: 113721344
      bufferram: 113364992
      totalswap: 0
      freeswap: 0
      pagesize: 4096
      cpus: 48
      cpus-online: 48
      ticks-per-second: 100

metrics:
    - stressor: cpu
      bogo-ops: 21226
      bogo-ops-per-second-usr-sys-time: 2122.123795
      bogo-ops-per-second-real-time: 2122.140793
      wall-clock-time: 10.002164
      user-time: 10.002244
      system-time: 0.000000
      cpu-usage-per-instance: 100.000801
      max-rss: 3840

...
