---
system-info:
      stress-ng-version: 0.17.08
      run-by: root
      date-yyyy-mm-dd: 2024:06:16
      time-hh-mm-ss: 03:42:27
      epoch-secs: 1718509347
      hostname: b423cf222acc
      sysname: Linux
      nodename: b423cf222acc
      release: 6.8.0-1008-aws
      version: '#8-Ubuntu SMP Sat Apr 20 00:46:25 UTC 2024'
      machine: x86_64
      compiler: 'musl-gcc 13.2.1'
      uptime: 168
      totalram: 399160184832
      freeram: 394392113152
      sharedram: 113721344
      bufferram: 110391296
      totalswap: 0
      freeswap: 0
      pagesize: 4096
      cpus: 48
      cpus-online: 48
      ticks-per-second: 100

metrics:
    - stressor: cpu
      bogo-ops: 40283
      bogo-ops-per-second-usr-sys-time: 2014.140735
      bogo-ops-per-second-real-time: 2014.144141
      wall-clock-time: 20.000058
      user-time: 20.000092
      system-time: 0.000000
      cpu-usage-per-instance: 100.000169
      max-rss: 1152

...
