---
system-info:
      stress-ng-version: 0.17.08
      run-by: root
      date-yyyy-mm-dd: 2024:07:02
      time-hh-mm-ss: 16:53:34
      epoch-secs: 1719939214
      hostname: g2-standard-48-d44780c
      sysname: Linux
      nodename: g2-standard-48-d44780c
      release: 6.8.0-1009-gcp
      version: '#10-Ubuntu SMP Wed Jun 12 18:52:23 UTC 2024'
      machine: x86_64
      compiler: 'musl-gcc 13.2.1'
      uptime: 202
      totalram: 202598797312
      freeram: 194118356992
      sharedram: 42237952
      bufferram: 119926784
      totalswap: 0
      freeswap: 0
      pagesize: 4096
      cpus: 48
      cpus-online: 48
      ticks-per-second: 100

metrics:
    - stressor: cpu
      bogo-ops: 758196
      bogo-ops-per-second-usr-sys-time: 790.279533
      bogo-ops-per-second-real-time: 37909.601269
      wall-clock-time: 20.000105
      user-time: 959.369320
      system-time: 0.032978
      cpu-usage-per-instance: 99.937215
      max-rss: 1152

...
