---
system-info:
      stress-ng-version: 0.17.08
      run-by: root
      date-yyyy-mm-dd: 2024:07:03
      time-hh-mm-ss: 10:51:12
      epoch-secs: 1720003872
      hostname: c3-standard-88-cf0aa9f
      sysname: Linux
      nodename: c3-standard-88-cf0aa9f
      release: 6.8.0-1009-gcp
      version: '#10-Ubuntu SMP Wed Jun 12 18:52:23 UTC 2024'
      machine: x86_64
      compiler: 'musl-gcc 13.2.1'
      uptime: 113
      totalram: 371896541184
      freeram: 365649588224
      sharedram: 222355456
      bufferram: 130842624
      totalswap: 0
      freeswap: 0
      pagesize: 4096
      cpus: 88
      cpus-online: 88
      ticks-per-second: 100

metrics:
    - stressor: cpu
      bogo-ops: 1465649
      bogo-ops-per-second-usr-sys-time: 832.947888
      bogo-ops-per-second-real-time: 73282.098211
      wall-clock-time: 20.000096
      user-time: 1759.570689
      system-time: 0.021983
      cpu-usage-per-instance: 99.976376
      max-rss: 704

...
