BaselineInfo:
  WebDBID: -1
  TimeStamp: 20260612190650
Version:
  Major: 11
  Minor: 0
  Build: 1004
  SpecialBuildName: ""
  ptArchitecture: x86_64_linux
Results:
  Results Complete: true
  NumTestProcesses: 16
  CPU_INTEGER_MATH: 90535.673666666684
  CPU_FLOATINGPOINT_MATH: 72711.081214444595
  CPU_PRIME: 275.92894639576087
  CPU_SORTING: 53167.924028983165
  CPU_ENCRYPTION: 19552.38129624182
  CPU_COMPRESSION: 381277.17307078559
  CPU_SINGLETHREAD: 2572.9056363514942
  CPU_PHYSICS: 4991.9816096091345
  CPU_MATRIX_MULT_SSE: 32738.259000442606
  CPU_mm: 3436.5961467839911
  CPU_sse: 15475.19716641529
  CPU_fma: 47842.896667501853
  CPU_avx: 34896.683167410687
  CPU_avx512: 0
  m_CPU_enc_SHA: 27548307855.737427
  m_CPU_enc_AES: 17391696817.704456
  m_CPU_enc_ECDSA: 16566468636.822306
  ME_ALLOC_S: 7629.1613448905273
  ME_READ_S: 25581.770312500001
  ME_READ_L: 15879.1337890625
  ME_WRITE: 16666.869140625
  ME_LARGE: 23396.583333333332
  ME_LATENCY: 62.053732299818584
  ME_THREADED: 189575.306640625
  SUMM_CPU: 33071.364356000675
  SUMM_ME: 2741.4106170309497
SystemInformation:
  OSName: Ubuntu 24.04.4 LTS
  Kernel: 6.8.0-124-generic
  Device: ""
  Processor: AMD EPYC-Rome Processor
  NumSockets: 1
  Manufacturer: AuthenticAMD
  NumCores: 8
  NumLogicals: 16
  CPUFrequency: 0
  CPUMaxFrequency: 0
  Memory: 32086
  CPUInfo:
    number: 1
    Family: 15
    Model: 1
    stepping: 0
    features: 395049983
    manufacture: AuthenticAMD
    typestring: AMD EPYC-Rome Processor
    iCoresPerPackage: 8
    iThreadsPerPackage: 2
    featuresEx:
      - 395049983
      - 4277678595
      - 802421759
    bHybrid: false
    nPCore: 0
    nLogicalsPerPCore: 0
    nECore: 0
    nLogicalsPerECore: 0
  MemModuleInfo:
    iNumMemSticks: 2
    DIMM 1:
      manufacturer: QEMU
      modulePartNo: Not Specified
      memType: RAM
      size: 16
      clkspeed: 0
      moduleVoltage: 0
    DIMM 2:
      manufacturer: QEMU
      modulePartNo: Not Specified
      memType: RAM
      size: 16
      clkspeed: 0
      moduleVoltage: 0
Checksum: 64BE967122CF1CBFC1C7F3E30E43678FCFDEA982