BaselineInfo:
  WebDBID: -1
  TimeStamp: 20250526191123
Version:
  Major: 11
  Minor: 0
  Build: 1002
  SpecialBuildName: ""
  ptArchitecture: x86_64_linux
Results:
  Results Complete: true
  NumTestProcesses: 4
  CPU_INTEGER_MATH: 21258.749
  CPU_FLOATINGPOINT_MATH: 15079.089777381851
  CPU_PRIME: 42.869026362273573
  CPU_SORTING: 10815.88691380684
  CPU_ENCRYPTION: 4726.1540694524438
  CPU_COMPRESSION: 78259.792281963295
  CPU_SINGLETHREAD: 3239.7488080123658
  CPU_PHYSICS: 1014.1110046089133
  CPU_MATRIX_MULT_SSE: 6137.7102446667359
  CPU_mm: 599.97773996963633
  CPU_sse: 2601.4516838380709
  CPU_fma: 7128.2929455665308
  CPU_avx: 5364.4036950369573
  CPU_avx512: 9456.6926542253859
  m_CPU_enc_SHA: 4952464563.1645126
  m_CPU_enc_AES: 6444560405.5079851
  m_CPU_enc_ECDSA: 3470170219.9179964
  ME_ALLOC_S: 3116.7118250180747
  ME_READ_S: 29241.234375
  ME_READ_L: 10622.455078125
  ME_WRITE: 9612.15625
  ME_LARGE: 159475
  ME_LATENCY: 58.340639424787163
  ME_THREADED: 32411.71728515625
  SUMM_CPU: 8184.8323341727473
  SUMM_ME: 2374.4209716142091
SystemInformation:
  OSName: Ubuntu 24.04.2 LTS
  Kernel: 6.11.0-1015-azure
  Device: ""
  Processor: INTEL XEON PLATINUM 8573C
  NumSockets: 1
  Manufacturer: GenuineIntel
  NumCores: 2
  NumLogicals: 4
  CPUFrequency: 2300
  Memory: 169041
  MemModuleInfo:
    iNumMemSticks: 3
    DIMM 1:
      manufacturer: Microsoft Corporation
      modulePartNo: None
      memType: Unknown
      size: 1
      clkspeed: 0
      moduleVoltage: 0
    DIMM 2:
      manufacturer: Microsoft Corporation
      modulePartNo: None
      memType: Unknown
      size: 59
      clkspeed: 0
      moduleVoltage: 0
    DIMM 3:
      manufacturer: Microsoft Corporation
      modulePartNo: None
      memType: Unknown
      size: 108
      clkspeed: 0
      moduleVoltage: 0
Checksum: AAFF9411ED607E3B8A719C5EAFD0611D24954FE6