BaselineInfo:
  WebDBID: -1
  TimeStamp: 20260618003512
Version:
  Major: 11
  Minor: 0
  Build: 1004
  SpecialBuildName: ""
  ptArchitecture: x86_64_linux
Results:
  Results Complete: true
  NumTestProcesses: 16
  CPU_INTEGER_MATH: 55746.573000000011
  CPU_FLOATINGPOINT_MATH: 29963.831488205127
  CPU_PRIME: 78.110904240949566
  CPU_SORTING: 32081.349726121029
  CPU_ENCRYPTION: 7731.2174503420683
  CPU_COMPRESSION: 262192.10731168947
  CPU_SINGLETHREAD: 2339.7562775681226
  CPU_PHYSICS: 983.98321068126188
  CPU_MATRIX_MULT_SSE: 14877.822463407449
  CPU_mm: 1697.7704244895508
  CPU_sse: 6073.4183014797627
  CPU_fma: 17991.203530653089
  CPU_avx: 12726.487384113194
  CPU_avx512: 22720.180637383753
  m_CPU_enc_SHA: 2522449297.0678983
  m_CPU_enc_AES: 19516379276.957882
  m_CPU_enc_ECDSA: 2281478633.603868
  ME_ALLOC_S: 4548.5613111285484
  ME_READ_S: 26723.272656249999
  ME_READ_L: 7185.6650390625
  ME_WRITE: 7165.63427734375
  ME_LARGE: 23178.583333333332
  ME_LATENCY: 87.615599240663656
  ME_THREADED: 69058.890625
  SUMM_CPU: 17360.291566082877
  SUMM_ME: 1797.1644639323483
SystemInformation:
  OSName: Ubuntu 24.04.4 LTS
  Kernel: 6.8.0-117-generic
  Device: ""
  Processor: Intel(R) Xeon(R) Platinum 8369HB CPU @ 3.20GHz
  NumSockets: 1
  Manufacturer: GenuineIntel
  NumCores: 8
  NumLogicals: 16
  CPUFrequency: 0
  CPUMaxFrequency: 0
  Memory: 31691
  CPUInfo:
    number: 1
    Family: 6
    Model: 5
    stepping: 11
    features: 529267711
    manufacture: GenuineIntel
    typestring: Intel(R) Xeon(R) Platinum 8369HB CPU @ 3.20GHz
    iCoresPerPackage: 8
    iThreadsPerPackage: 2
    featuresEx:
      - 529267711
      - 4277809667
      - 739248128
    bHybrid: false
    nPCore: 0
    nLogicalsPerPCore: 0
    nECore: 0
    nLogicalsPerECore: 0
  MemModuleInfo:
    iNumMemSticks: 2
    DIMM 1:
      manufacturer: Alibaba Cloud
      modulePartNo: Not Specified
      memType: RAM
      size: 16
      clkspeed: 0
      moduleVoltage: 0
    DIMM 2:
      manufacturer: Alibaba Cloud
      modulePartNo: Not Specified
      memType: RAM
      size: 16
      clkspeed: 0
      moduleVoltage: 0
Checksum: 2B635AE7EF953E5B1CC65A643614B8138B4B1842