---
system-info:
      stress-ng-version: 0.17.08
      run-by: root
      date-yyyy-mm-dd: 2024:09:16
      time-hh-mm-ss: 22:24:49
      epoch-secs: 1726525489
      hostname: sc-runner
      sysname: Linux
      nodename: sc-runner
      release: 6.8.0-1014-azure
      version: '#16-Ubuntu SMP Thu Aug 15 20:04:41 UTC 2024'
      machine: x86_64
      compiler: 'musl-gcc 13.2.1'
      uptime: 273
      totalram: 135065247744
      freeram: 124619124736
      sharedram: 55029760
      bufferram: 253906944
      totalswap: 0
      freeswap: 0
      pagesize: 4096
      cpus: 16
      cpus-online: 16
      ticks-per-second: 100

metrics:
    - stressor: cpu
      bogo-ops: 310681
      bogo-ops-per-second-usr-sys-time: 971.832823
      bogo-ops-per-second-real-time: 15533.993428
      wall-clock-time: 20.000073
      user-time: 319.663656
      system-time: 0.021986
      cpu-usage-per-instance: 99.901399
      max-rss: 5168

...
