BaselineInfo:
  WebDBID: -1
  TimeStamp: 20250527053448
Version:
  Major: 11
  Minor: 0
  Build: 1002
  SpecialBuildName: ""
  ptArchitecture: x86_64_linux
Results:
  Results Complete: true
  NumTestProcesses: 8
  CPU_INTEGER_MATH: 42493.594666666664
  CPU_FLOATINGPOINT_MATH: 30131.621152690925
  CPU_PRIME: 84.383965789883291
  CPU_SORTING: 21357.696657882734
  CPU_ENCRYPTION: 9434.0781197952838
  CPU_COMPRESSION: 154243.30408327054
  CPU_SINGLETHREAD: 3247.7510392521258
  CPU_PHYSICS: 1995.8561639359712
  CPU_MATRIX_MULT_SSE: 12478.898627227076
  CPU_mm: 1203.1046474918064
  CPU_sse: 5205.4743268294897
  CPU_fma: 14312.25228323565
  CPU_avx: 10514.484793745247
  CPU_avx512: 19883.383105097913
  m_CPU_enc_SHA: 9900418157.200489
  m_CPU_enc_AES: 12885143893.553783
  m_CPU_enc_ECDSA: 6891481644.8731041
  ME_ALLOC_S: 6090.3963693861315
  ME_READ_S: 27736.2587890625
  ME_READ_L: 10341.6552734375
  ME_WRITE: 9559.017578125
  ME_LARGE: 666337.58333333337
  ME_LATENCY: 58.869307111616742
  ME_THREADED: 89405.5673828125
  SUMM_CPU: 15757.330916242692
  SUMM_ME: 2526.6589074913918
SystemInformation:
  OSName: Ubuntu 24.04.2 LTS
  Kernel: 6.11.0-1015-azure
  Device: ""
  Processor: INTEL XEON PLATINUM 8573C
  NumSockets: 2
  Manufacturer: GenuineIntel
  NumCores: 4
  NumLogicals: 8
  CPUFrequency: 2300
  Memory: 677264
  MemModuleInfo:
    iNumMemSticks: 4
    DIMM 1:
      manufacturer: Microsoft Corporation
      modulePartNo: None
      memType: Unknown
      size: 1
      clkspeed: 0
      moduleVoltage: 0
    DIMM 2:
      manufacturer: Microsoft Corporation
      modulePartNo: None
      memType: Unknown
      size: 59
      clkspeed: 0
      moduleVoltage: 0
    DIMM 3:
      manufacturer: Microsoft Corporation
      modulePartNo: None
      memType: Unknown
      size: 276
      clkspeed: 0
      moduleVoltage: 0
    DIMM 4:
      manufacturer: Microsoft Corporation
      modulePartNo: None
      memType: Unknown
      size: 336
      clkspeed: 0
      moduleVoltage: 0
Checksum: 90D8C82A220AC8DD29884DED57D3CD43C1609F0D