BaselineInfo:
  WebDBID: -1
  TimeStamp: 20260708190029
Version:
  Major: 11
  Minor: 0
  Build: 1004
  SpecialBuildName: ""
  ptArchitecture: x86_64_linux
Results:
  Results Complete: true
  NumTestProcesses: 4
  CPU_INTEGER_MATH: 30582.019333333334
  CPU_FLOATINGPOINT_MATH: 30455.421034450988
  CPU_PRIME: 115.73183088105235
  CPU_SORTING: 18005.650568393954
  CPU_ENCRYPTION: 6368.6233992412663
  CPU_COMPRESSION: 133689.58534317021
  CPU_SINGLETHREAD: 3781.7950094691901
  CPU_PHYSICS: 1840.2004733999654
  CPU_MATRIX_MULT_SSE: 11593.237673918082
  CPU_mm: 1398.4174841203965
  CPU_sse: 4394.7866836518187
  CPU_fma: 16517.679341646781
  CPU_avx: 8902.0213468044585
  CPU_avx512: 16558.463323569275
  m_CPU_enc_SHA: 8843444677.5031452
  m_CPU_enc_AES: 5521520212.7139587
  m_CPU_enc_ECDSA: 5668992058.2313251
  ME_ALLOC_S: 5326.4412825348581
  ME_READ_S: 34069.8330078125
  ME_READ_L: 30536.48046875
  ME_WRITE: 30516.9453125
  ME_LARGE: 3750.9166666666665
  ME_LATENCY: 79.825820989333081
  ME_THREADED: 51725.7177734375
  SUMM_CPU: 13471.734335738154
  SUMM_ME: 2214.161736724333
SystemInformation:
  OSName: Ubuntu 24.04.4 LTS
  Kernel: 6.17.0-1018-azure
  Device: ""
  Processor: "AMD EPYC 9V45 96-Core Processor                "
  NumSockets: 1
  Manufacturer: AuthenticAMD
  NumCores: 4
  NumLogicals: 4
  CPUFrequency: 0
  CPUMaxFrequency: 0
  Memory: 7937
  CPUInfo:
    number: 1
    Family: 15
    Model: 2
    stepping: 1
    features: 395049983
    manufacture: AuthenticAMD
    typestring: "AMD EPYC 9V45 96-Core Processor                "
    iCoresPerPackage: 8
    iThreadsPerPackage: 1
    featuresEx:
      - 395049983
      - 4277809667
      - 802421759
    bHybrid: false
    nPCore: 0
    nLogicalsPerPCore: 0
    nECore: 0
    nLogicalsPerECore: 0
  MemModuleInfo:
    iNumMemSticks: 2
    DIMM 1:
      manufacturer: Microsoft Corporation
      modulePartNo: None
      memType: Unknown
      size: 1
      clkspeed: 0
      moduleVoltage: 0
    DIMM 2:
      manufacturer: Microsoft Corporation
      modulePartNo: None
      memType: Unknown
      size: 7
      clkspeed: 0
      moduleVoltage: 0
Checksum: 615CB29BD2F5E90B81D3C7AD8987BBBBC0387CD5