---
system-info:
      stress-ng-version: 0.17.08
      run-by: root
      date-yyyy-mm-dd: 2024:06:08
      time-hh-mm-ss: 09:22:06
      epoch-secs: 1717838526
      hostname: 9779c2376cf7
      sysname: Linux
      nodename: 9779c2376cf7
      release: 6.8.0-1008-aws
      version: '#8-Ubuntu SMP Sat Apr 20 02:43:14 UTC 2024'
      machine: aarch64
      compiler: 'musl-gcc 13.2.1'
      uptime: 130
      totalram: 1932550144
      freeram: 95588352
      sharedram: 35012608
      bufferram: 86695936
      totalswap: 0
      freeswap: 0
      pagesize: 4096
      cpus: 2
      cpus-online: 2
      ticks-per-second: 100

metrics:
    - stressor: cpu
      bogo-ops: 5723
      bogo-ops-per-second-usr-sys-time: 288.766659
      bogo-ops-per-second-real-time: 571.283607
      wall-clock-time: 10.017791
      user-time: 19.812781
      system-time: 0.005989
      cpu-usage-per-instance: 98.917861
      max-rss: 4136

...
