---
system-info:
      stress-ng-version: 0.17.08
      run-by: root
      date-yyyy-mm-dd: 2024:06:13
      time-hh-mm-ss: 22:19:42
      epoch-secs: 1718317182
      hostname: 71f63e440ff7
      sysname: Linux
      nodename: 71f63e440ff7
      release: 6.8.0-1008-aws
      version: '#8-Ubuntu SMP Sat Apr 20 02:43:14 UTC 2024'
      machine: aarch64
      compiler: 'musl-gcc 13.2.1'
      uptime: 132
      totalram: 1932562432
      freeram: 154419200
      sharedram: 35012608
      bufferram: 94806016
      totalswap: 0
      freeswap: 0
      pagesize: 4096
      cpus: 2
      cpus-online: 2
      ticks-per-second: 100

metrics:
    - stressor: cpu
      bogo-ops: 60224
      bogo-ops-per-second-usr-sys-time: 1519.454423
      bogo-ops-per-second-real-time: 3011.191475
      wall-clock-time: 20.000057
      user-time: 39.632282
      system-time: 0.002997
      cpu-usage-per-instance: 99.087917
      max-rss: 1320

...
