---
system-info:
      stress-ng-version: 0.17.08
      run-by: root
      date-yyyy-mm-dd: 2024:09:12
      time-hh-mm-ss: 10:53:47
      epoch-secs: 1726138427
      hostname: ip-172-31-29-180
      sysname: Linux
      nodename: ip-172-31-29-180
      release: 6.8.0-1014-aws
      version: '#15-Ubuntu SMP Thu Aug  8 19:13:06 UTC 2024'
      machine: x86_64
      compiler: 'musl-gcc 13.2.1'
      uptime: 215
      totalram: 1606313480192
      freeram: 1594218315776
      sharedram: 55304192
      bufferram: 223698944
      totalswap: 0
      freeswap: 0
      pagesize: 4096
      cpus: 48
      cpus-online: 48
      ticks-per-second: 100

metrics:
    - stressor: cpu
      bogo-ops: 37372
      bogo-ops-per-second-usr-sys-time: 1868.599159
      bogo-ops-per-second-real-time: 1868.600022
      wall-clock-time: 20.000000
      user-time: 20.000009
      system-time: 0.000000
      cpu-usage-per-instance: 100.000046
      max-rss: 768

...
