BaselineInfo:
  WebDBID: -1
  TimeStamp: 20241110005752
Version:
  Major: 11
  Minor: 0
  Build: 1002
  SpecialBuildName: ""
  ptArchitecture: x86_64_linux
Results:
  Results Complete: true
  NumTestProcesses: 96
  CPU_INTEGER_MATH: 272008.31299999997
  CPU_FLOATINGPOINT_MATH: 145869.48297562762
  CPU_PRIME: 331.76511096674238
  CPU_SORTING: 136745.87900202576
  CPU_ENCRYPTION: 37152.969181012006
  CPU_COMPRESSION: 1180980.7497549257
  CPU_SINGLETHREAD: 1954.6168668250573
  CPU_PHYSICS: 4965.4035645581544
  CPU_MATRIX_MULT_SSE: 74116.719683601244
  CPU_mm: 8275.2881967758785
  CPU_sse: 29804.070864216363
  CPU_fma: 87890.074267573946
  CPU_avx: 61970.606649776826
  CPU_avx512: 116802.12695283785
  m_CPU_enc_SHA: 12253370565.701042
  m_CPU_enc_AES: 93667004637.593781
  m_CPU_enc_ECDSA: 10952760232.551714
  ME_ALLOC_S: 21346.077312360609
  ME_READ_S: 23820.345703125
  ME_READ_L: 10871.517578125
  ME_WRITE: 10318.302734375
  ME_LARGE: 369757.16666666669
  ME_LATENCY: 52.157355085127044
  ME_THREADED: 212921.11901855469
  SUMM_CPU: 55620.471276246222
  SUMM_ME: 2736.8514070747574
SystemInformation:
  OSName: Ubuntu 24.04.1 LTS
  Kernel: 6.8.0-1016-aws
  Device: ""
  Processor: Intel Xeon Platinum 8259CL CPU @ 2.50GHz
  NumSockets: 2
  Manufacturer: GenuineIntel
  NumCores: 48
  NumLogicals: 96
  CPUFrequency: 0
  Memory: 382826
  MemModuleInfo:
    iNumMemSticks: 2
    DIMM 1:
      manufacturer: Not Specified
      modulePartNo: Not Specified
      memType: DDR4
      size: 192
      clkspeed: 1600
      moduleVoltage: 0
    DIMM 2:
      manufacturer: Not Specified
      modulePartNo: Not Specified
      memType: DDR4
      size: 192
      clkspeed: 1600
      moduleVoltage: 0
Checksum: ADD892055278A808AA3029D447755A1D22831876