---
system-info:
      stress-ng-version: 0.17.08
      run-by: root
      date-yyyy-mm-dd: 2024:06:07
      time-hh-mm-ss: 23:21:59
      epoch-secs: 1717802519
      hostname: a797dc241094
      sysname: Linux
      nodename: a797dc241094
      release: 6.8.0-1008-aws
      version: '#8-Ubuntu SMP Sat Apr 20 00:46:25 UTC 2024'
      machine: x86_64
      compiler: 'musl-gcc 13.2.1'
      uptime: 139
      totalram: 265977032704
      freeram: 261288837120
      sharedram: 60411904
      bufferram: 94396416
      totalswap: 0
      freeswap: 0
      pagesize: 4096
      cpus: 64
      cpus-online: 64
      ticks-per-second: 100

metrics:
    - stressor: cpu
      bogo-ops: 739228
      bogo-ops-per-second-usr-sys-time: 1155.476624
      bogo-ops-per-second-real-time: 73911.575020
      wall-clock-time: 10.001519
      user-time: 639.680272
      system-time: 0.079966
      cpu-usage-per-instance: 99.947358
      max-rss: 3584

...
