---
system-info:
      stress-ng-version: 0.17.08
      run-by: root
      date-yyyy-mm-dd: 2024:06:13
      time-hh-mm-ss: 13:56:10
      epoch-secs: 1718286970
      hostname: 06023d3bb0c3
      sysname: Linux
      nodename: 06023d3bb0c3
      release: 6.8.0-1008-aws
      version: '#8-Ubuntu SMP Sat Apr 20 00:46:25 UTC 2024'
      machine: x86_64
      compiler: 'musl-gcc 13.2.1'
      uptime: 142
      totalram: 265977004032
      freeram: 261263212544
      sharedram: 60411904
      bufferram: 105607168
      totalswap: 0
      freeswap: 0
      pagesize: 4096
      cpus: 64
      cpus-online: 64
      ticks-per-second: 100

metrics:
    - stressor: cpu
      bogo-ops: 1235800
      bogo-ops-per-second-usr-sys-time: 965.778064
      bogo-ops-per-second-real-time: 61789.757305
      wall-clock-time: 20.000079
      user-time: 1279.563066
      system-time: 0.026983
      cpu-usage-per-instance: 99.967580
      max-rss: 512

...
