BaselineInfo:
  WebDBID: -1
  TimeStamp: 20241110155110
Version:
  Major: 11
  Minor: 0
  Build: 1002
  SpecialBuildName: ""
  ptArchitecture: x86_64_linux
Results:
  Results Complete: true
  NumTestProcesses: 112
  CPU_INTEGER_MATH: 470201.85466666659
  CPU_FLOATINGPOINT_MATH: 240191.05309137705
  CPU_PRIME: 506.66697469951612
  CPU_SORTING: 218744.21429271981
  CPU_ENCRYPTION: 98759.995544888705
  CPU_COMPRESSION: 1626964.7277982063
  CPU_SINGLETHREAD: 2437.7597350462042
  CPU_PHYSICS: 7713.6632345706912
  CPU_MATRIX_MULT_SSE: 94395.767505783602
  CPU_mm: 9811.1241407495691
  CPU_sse: 41715.38159685694
  CPU_fma: 110777.54483930818
  CPU_avx: 85620.154632045887
  CPU_avx512: 139469.98895492326
  m_CPU_enc_SHA: 100855808803.14453
  m_CPU_enc_AES: 148602836736.67169
  m_CPU_enc_ECDSA: 61213437725.615509
  ME_ALLOC_S: 30395.450504974811
  ME_READ_S: 24472.543164062499
  ME_READ_L: 12830.7822265625
  ME_WRITE: 11373.8134765625
  ME_LARGE: 663296.83333333337
  ME_LATENCY: 50.652645939337766
  ME_THREADED: 278651.56665039062
  SUMM_CPU: 81651.297159709924
  SUMM_ME: 2939.3978111795227
SystemInformation:
  OSName: Ubuntu 24.04.1 LTS
  Kernel: 6.8.0-1017-azure
  Device: ""
  Processor: Intel Xeon Platinum 8370C CPU @ 2.80GHz
  NumSockets: 2
  Manufacturer: GenuineIntel
  NumCores: 56
  NumLogicals: 112
  CPUFrequency: 2800
  Memory: 677219
  MemModuleInfo:
    iNumMemSticks: 4
    DIMM 1:
      manufacturer: Microsoft Corporation
      modulePartNo: None
      memType: Unknown
      size: 1
      clkspeed: 0
      moduleVoltage: 0
    DIMM 2:
      manufacturer: Microsoft Corporation
      modulePartNo: None
      memType: Unknown
      size: 59
      clkspeed: 0
      moduleVoltage: 0
    DIMM 3:
      manufacturer: Microsoft Corporation
      modulePartNo: None
      memType: Unknown
      size: 276
      clkspeed: 0
      moduleVoltage: 0
    DIMM 4:
      manufacturer: Microsoft Corporation
      modulePartNo: None
      memType: Unknown
      size: 336
      clkspeed: 0
      moduleVoltage: 0
Checksum: 8250A8688F6C8DF00F755E914A04978E8EC0F4C7