size_kb,operation,bandwidth_mb_s,latency_ns,latency_stddev_ns,latency_samples,threads,iterations,elapsed_s
32,read,7040686.97,0,0,0,64,595237,0.169085
32,write,6336779.72,0,0,0,64,706214,0.222894
32,copy,5715991.15,0,0,0,64,497018,0.173904
32,latency,0,1.84,0.00,7,1,7,0.263768
128,read,5710085.35,0,0,0,64,157133,0.220148
128,write,6339217.07,0,0,0,64,196078,0.247448
128,copy,4786856.76,0,0,0,64,124564,0.208177
128,latency,0,2.10,0.00,7,1,7,0.581691
1024,read,5197383.45,0,0,0,64,21901,0.269686
1024,write,6307066.53,0,0,0,64,25025,0.253937
1024,copy,1016825.42,0,0,0,64,14735,0.927436
1024,latency,0,4.75,0.00,7,1,7,0.702899
2048,read,1928517.55,0,0,0,64,10802,0.716953
2048,write,1902205.42,0,0,0,64,12398,0.834265
2048,copy,484482.42,0,0,0,64,4741,1.252570
2048,latency,0,8.74,0.02,7,1,7,0.688774
4096,read,874770.93,0,0,0,64,4488,1.313404
4096,write,698427.52,0,0,0,64,5452,1.998363
4096,copy,240050.22,0,0,0,64,2056,2.192608
4096,latency,0,15.21,0.02,7,1,7,0.715386
16384,read,375064.20,0,0,0,64,552,1.507070
16384,write,340703.92,0,0,0,64,1103,3.315113
16384,copy,155616.53,0,0,0,64,450,2.961125
16384,latency,0,59.16,1.95,7,1,7,0.624620
32768,read,329738.47,0,0,0,64,274,1.701809
32768,write,304003.67,0,0,0,64,537,3.617641
32768,copy,156116.41,0,0,0,64,222,2.912288
32768,latency,0,75.59,0.53,7,1,7,1.667579
65536,read,328068.15,0,0,0,64,142,1.772900
65536,write,310858.65,0,0,0,64,260,3.425866
65536,copy,157287.52,0,0,0,64,113,2.942687
65536,latency,0,78.40,0.14,7,1,7,3.523154
131072,read,314537.09,0,0,0,64,72,1.875213
131072,write,300944.21,0,0,0,64,128,3.484287
131072,copy,161506.88,0,0,0,64,56,2.840449
131072,latency,0,82.67,0.59,7,1,7,7.514373
262144,read,318071.24,0,0,0,64,34,1.751356
262144,write,302440.60,0,0,0,64,64,3.467048
262144,copy,90469.69,0,0,0,32,26,2.354291
262144,latency,0,83.49,0.64,7,1,7,15.487311
