---
system-info:
      stress-ng-version: 0.17.08
      run-by: root
      date-yyyy-mm-dd: 2024:07:30
      time-hh-mm-ss: 08:38:50
      epoch-secs: 1722328730
      hostname: instance-20240730-083307
      sysname: Linux
      nodename: instance-20240730-083307
      release: 6.1.0-22-cloud-amd64
      version: '#1 SMP PREEMPT_DYNAMIC Debian 6.1.94-1 (2024-06-21)'
      machine: x86_64
      compiler: 'musl-gcc 13.2.1'
      uptime: 237
      totalram: 9334817251328
      freeram: 9316616142848
      sharedram: 326664192
      bufferram: 138743808
      totalswap: 0
      freeswap: 0
      pagesize: 4096
      cpus: 416
      cpus-online: 416
      ticks-per-second: 100

metrics:
    - stressor: cpu
      bogo-ops: 7369200
      bogo-ops-per-second-usr-sys-time: 895.466543
      bogo-ops-per-second-real-time: 368458.750360
      wall-clock-time: 20.000068
      user-time: 8228.985360
      system-time: 0.467827
      cpu-usage-per-instance: 98.911361
      max-rss: 2500

...
