BaselineInfo:
  WebDBID: -1
  TimeStamp: 20241107082333
Version:
  Major: 11
  Minor: 0
  Build: 1002
  SpecialBuildName: ""
  ptArchitecture: x86_64_linux
Results:
  Results Complete: true
  NumTestProcesses: 2
  CPU_INTEGER_MATH: 5616.1236666666673
  CPU_FLOATINGPOINT_MATH: 3013.3544706191378
  CPU_PRIME: 12.295490457813781
  CPU_SORTING: 2987.5278315476999
  CPU_ENCRYPTION: 770.01400236021175
  CPU_COMPRESSION: 24914.837247518004
  CPU_SINGLETHREAD: 1748.7762627196228
  CPU_PHYSICS: 263.00994649172333
  CPU_MATRIX_MULT_SSE: 1417.7126871875298
  CPU_mm: 170.36545425274284
  CPU_sse: 604.14646097512332
  CPU_fma: 1813.8850876711685
  CPU_avx: 1281.5090695056419
  CPU_avx512: 1971.3101305981861
  m_CPU_enc_SHA: 253919353.29466644
  m_CPU_enc_AES: 1943807818.7924318
  m_CPU_enc_ECDSA: 224527435.529486
  ME_ALLOC_S: 679.01075585543458
  ME_READ_S: 21923.236914062501
  ME_READ_L: 10841.8232421875
  ME_WRITE: 9584.71875
  ME_LARGE: 5852.333333333333
  ME_LATENCY: 55.910215157392145
  ME_THREADED: 12340.30029296875
  SUMM_CPU: 1997.3355555274168
  SUMM_ME: 1641.4714179709658
SystemInformation:
  OSName: Ubuntu 24.04.1 LTS
  Kernel: 6.8.0-1016-aws
  Device: ""
  Processor: Intel Xeon Platinum 8259CL CPU @ 2.50GHz
  NumSockets: 1
  Manufacturer: GenuineIntel
  NumCores: 1
  NumLogicals: 2
  CPUFrequency: 0
  Memory: 15788
  MemModuleInfo:
    iNumMemSticks: 1
    DIMM 1:
      manufacturer: Not Specified
      modulePartNo: Not Specified
      memType: DDR4
      size: 16
      clkspeed: 1333
      moduleVoltage: 0
Checksum: AB42AA644DD0298C097714BDB3E4A17075792133