---
system-info:
      stress-ng-version: 0.17.08
      run-by: root
      date-yyyy-mm-dd: 2024:06:14
      time-hh-mm-ss: 18:56:15
      epoch-secs: 1718391375
      hostname: b3879620713f
      sysname: Linux
      nodename: b3879620713f
      release: 6.8.0-1008-aws
      version: '#8-Ubuntu SMP Sat Apr 20 00:46:25 UTC 2024'
      machine: x86_64
      compiler: 'musl-gcc 13.2.1'
      uptime: 135
      totalram: 200450973696
      freeram: 195692089344
      sharedram: 41152512
      bufferram: 108244992
      totalswap: 0
      freeswap: 0
      pagesize: 4096
      cpus: 48
      cpus-online: 48
      ticks-per-second: 100

metrics:
    - stressor: cpu
      bogo-ops: 811438
      bogo-ops-per-second-usr-sys-time: 845.735890
      bogo-ops-per-second-real-time: 40571.725291
      wall-clock-time: 20.000086
      user-time: 959.412111
      system-time: 0.033987
      cpu-usage-per-instance: 99.941872
      max-rss: 1152

...
