---
system-info:
      stress-ng-version: 0.17.08
      run-by: root
      date-yyyy-mm-dd: 2024:06:08
      time-hh-mm-ss: 12:34:10
      epoch-secs: 1717850050
      hostname: eab35cb51ee4
      sysname: Linux
      nodename: eab35cb51ee4
      release: 6.8.0-1008-aws
      version: '#8-Ubuntu SMP Sat Apr 20 00:46:25 UTC 2024'
      machine: x86_64
      compiler: 'musl-gcc 13.2.1'
      uptime: 116
      totalram: 200450965504
      freeram: 195602927616
      sharedram: 41152512
      bufferram: 101236736
      totalswap: 0
      freeswap: 0
      pagesize: 4096
      cpus: 48
      cpus-online: 48
      ticks-per-second: 100

metrics:
    - stressor: cpu
      bogo-ops: 484868
      bogo-ops-per-second-usr-sys-time: 1010.764578
      bogo-ops-per-second-real-time: 48478.510138
      wall-clock-time: 10.001710
      user-time: 479.621220
      system-time: 0.082967
      cpu-usage-per-instance: 99.921286
      max-rss: 3840

...
