BaselineInfo:
  WebDBID: -1
  TimeStamp: 20241107230256
Version:
  Major: 11
  Minor: 0
  Build: 1002
  SpecialBuildName: ""
  ptArchitecture: aarch64_linux
Results:
  Results Complete: true
  NumTestProcesses: 16
  CPU_INTEGER_MATH: 76373.729666666666
  CPU_FLOATINGPOINT_MATH: 75937.889569082326
  CPU_PRIME: 153.83949991530298
  CPU_SORTING: 63255.275048518677
  CPU_ENCRYPTION: 2227.9858568219202
  CPU_COMPRESSION: 84636.511325515443
  CPU_SINGLETHREAD: 1562.2487297232713
  CPU_PHYSICS: 3901.378698913612
  CPU_MATRIX_MULT_SSE: 13261.949758574981
  CPU_mm: 1735.7219628734183
  CPU_sse: 11122.420886534119
  CPU_fma: 15401.478630615842
  CPU_avx: 0
  CPU_avx512: 0
  m_CPU_enc_SHA: 3388386953.0228491
  m_CPU_enc_AES: 1296780379.6629324
  m_CPU_enc_ECDSA: 2323470160.7229247
  ME_ALLOC_S: 16145.002548878972
  ME_READ_S: 19671.654296875
  ME_READ_L: 18899.1484375
  ME_WRITE: 19672.2734375
  ME_LARGE: 52731.25
  ME_LATENCY: 51.357166780139721
  ME_THREADED: 211951.12890625
  SUMM_CPU: 11487.655853961649
  SUMM_ME: 3034.5938540983748
SystemInformation:
  OSName: Ubuntu 24.04.1 LTS
  Kernel: 6.8.0-1016-aws
  Device: ""
  Processor: ARM Neoverse-V1 16 Core 0 MHz
  NumSockets: 1
  Manufacturer: ARM
  NumCores: 16
  NumLogicals: 16
  CPUFrequency: 0
  Memory: 63132
Checksum: 212B2410FE7E1A33FE9C7B9E8A99E1122EB1148F