BaselineInfo:
  WebDBID: -1
  TimeStamp: 20251202174307
Version:
  Major: 11
  Minor: 0
  Build: 1002
  SpecialBuildName: ""
  ptArchitecture: x86_64_linux
Results:
  Results Complete: true
  NumTestProcesses: 4
  CPU_INTEGER_MATH: 33962.281999999999
  CPU_FLOATINGPOINT_MATH: 34099.863495483172
  CPU_PRIME: 133.98236847895657
  CPU_SORTING: 20037.023443108032
  CPU_ENCRYPTION: 7078.7923734361475
  CPU_COMPRESSION: 148071.13051862852
  CPU_SINGLETHREAD: 4233.8603375145503
  CPU_PHYSICS: 2100.8910934212536
  CPU_MATRIX_MULT_SSE: 13367.660380975782
  CPU_mm: 1637.0585857467963
  CPU_sse: 4922.4796763090344
  CPU_fma: 19143.84420872245
  CPU_avx: 9913.5932955674616
  CPU_avx512: 19490.72434330418
  m_CPU_enc_SHA: 9827603229.3786392
  m_CPU_enc_AES: 6140880061.5917282
  m_CPU_enc_ECDSA: 6299472084.334177
  ME_ALLOC_S: 5593.6637120204659
  ME_READ_S: 37757.221093749999
  ME_READ_L: 34154.98046875
  ME_WRITE: 33428.015625
  ME_LARGE: 116841.16666666667
  ME_LATENCY: 90.330396047893586
  ME_THREADED: 98959.51953125
  SUMM_CPU: 15063.44485186356
  SUMM_ME: 2639.3072368344688
SystemInformation:
  OSName: Ubuntu 24.04.2 LTS
  Kernel: 6.14.0-1017-aws
  Device: ""
  Processor: AMD EPYC 9R05
  NumSockets: 1
  Manufacturer: AuthenticAMD
  NumCores: 4
  NumLogicals: 4
  CPUFrequency: 0
  Memory: 128278
  MemModuleInfo:
    iNumMemSticks: 1
    DIMM 1:
      manufacturer: Not Specified
      modulePartNo: Not Specified
      memType: DDR5
      size: 128
      clkspeed: 3200
      moduleVoltage: 0
Checksum: 809DE01304D62C82E3FB975E1FCF1CF7D491EB41