---
system-info:
      stress-ng-version: 0.17.08
      run-by: root
      date-yyyy-mm-dd: 2024:06:10
      time-hh-mm-ss: 02:51:31
      epoch-secs: 1717987891
      hostname: 71ca14577c5a
      sysname: Linux
      nodename: 71ca14577c5a
      release: 6.8.0-1008-aws
      version: '#8-Ubuntu SMP Sat Apr 20 00:46:25 UTC 2024'
      machine: x86_64
      compiler: 'musl-gcc 13.2.1'
      uptime: 145
      totalram: 132919713792
      freeram: 128198967296
      sharedram: 66396160
      bufferram: 114212864
      totalswap: 0
      freeswap: 0
      pagesize: 4096
      cpus: 16
      cpus-online: 16
      ticks-per-second: 100

metrics:
    - stressor: cpu
      bogo-ops: 22022
      bogo-ops-per-second-usr-sys-time: 2201.982444
      bogo-ops-per-second-real-time: 2202.013625
      wall-clock-time: 10.000846
      user-time: 10.000988
      system-time: 0.000000
      cpu-usage-per-instance: 100.001416
      max-rss: 3920

...
