---
system-info:
      stress-ng-version: 0.17.08
      run-by: root
      date-yyyy-mm-dd: 2024:07:12
      time-hh-mm-ss: 02:55:17
      epoch-secs: 1720752917
      hostname: ip-172-31-36-12
      sysname: Linux
      nodename: ip-172-31-36-12
      release: 6.8.0-1010-aws
      version: '#10-Ubuntu SMP Thu Jun 13 17:36:15 UTC 2024'
      machine: x86_64
      compiler: 'musl-gcc 13.2.1'
      uptime: 146
      totalram: 132919701504
      freeram: 127741534208
      sharedram: 66379776
      bufferram: 130949120
      totalswap: 0
      freeswap: 0
      pagesize: 4096
      cpus: 16
      cpus-online: 16
      ticks-per-second: 100

metrics:
    - stressor: cpu
      bogo-ops: 42221
      bogo-ops-per-second-usr-sys-time: 2111.023612
      bogo-ops-per-second-real-time: 2111.039305
      wall-clock-time: 20.000101
      user-time: 19.999251
      system-time: 0.000999
      cpu-usage-per-instance: 100.000743
      max-rss: 1104

...
