---
system-info:
      stress-ng-version: 0.17.08
      run-by: root
      date-yyyy-mm-dd: 2024:07:11
      time-hh-mm-ss: 17:47:24
      epoch-secs: 1720720044
      hostname: ip-172-31-25-33
      sysname: Linux
      nodename: ip-172-31-25-33
      release: 6.8.0-1010-aws
      version: '#10-Ubuntu SMP Thu Jun 13 17:36:15 UTC 2024'
      machine: x86_64
      compiler: 'musl-gcc 13.2.1'
      uptime: 424
      totalram: 16114774016
      freeram: 8305082368
      sharedram: 11849728
      bufferram: 129355776
      totalswap: 0
      freeswap: 0
      pagesize: 4096
      cpus: 4
      cpus-online: 4
      ticks-per-second: 100

metrics:
    - stressor: cpu
      bogo-ops: 61686
      bogo-ops-per-second-usr-sys-time: 3084.560954
      bogo-ops-per-second-real-time: 3084.290882
      wall-clock-time: 20.000059
      user-time: 19.997309
      system-time: 0.000999
      cpu-usage-per-instance: 99.991244
      max-rss: 1104

...
