---
system-info:
      stress-ng-version: 0.17.08
      run-by: root
      date-yyyy-mm-dd: 2024:06:07
      time-hh-mm-ss: 10:56:35
      epoch-secs: 1717757795
      hostname: dc50e3f919e4
      sysname: Linux
      nodename: dc50e3f919e4
      release: 6.8.0-1008-aws
      version: '#8-Ubuntu SMP Sat Apr 20 00:46:25 UTC 2024'
      machine: x86_64
      compiler: 'musl-gcc 13.2.1'
      uptime: 177
      totalram: 16114782208
      freeram: 9560317952
      sharedram: 11849728
      bufferram: 79622144
      totalswap: 0
      freeswap: 0
      pagesize: 4096
      cpus: 4
      cpus-online: 4
      ticks-per-second: 100

metrics:
    - stressor: cpu
      bogo-ops: 17698
      bogo-ops-per-second-usr-sys-time: 1769.752040
      bogo-ops-per-second-real-time: 1769.709200
      wall-clock-time: 10.000513
      user-time: 10.000271
      system-time: 0.000000
      cpu-usage-per-instance: 99.997579
      max-rss: 3920

...
