---
system-info:
      stress-ng-version: 0.17.08
      run-by: root
      date-yyyy-mm-dd: 2024:07:12
      time-hh-mm-ss: 07:40:32
      epoch-secs: 1720770032
      hostname: ip-172-31-62-40
      sysname: Linux
      nodename: ip-172-31-62-40
      release: 6.8.0-1010-aws
      version: '#10-Ubuntu SMP Thu Jun 13 17:36:15 UTC 2024'
      machine: x86_64
      compiler: 'musl-gcc 13.2.1'
      uptime: 221
      totalram: 805047599104
      freeram: 797862002688
      sharedram: 53948416
      bufferram: 132390912
      totalswap: 0
      freeswap: 0
      pagesize: 4096
      cpus: 96
      cpus-online: 96
      ticks-per-second: 100

metrics:
    - stressor: cpu
      bogo-ops: 11819
      bogo-ops-per-second-usr-sys-time: 590.989035
      bogo-ops-per-second-real-time: 590.942279
      wall-clock-time: 20.000261
      user-time: 19.997680
      system-time: 0.000999
      cpu-usage-per-instance: 99.992089
      max-rss: 0

...
