BaselineInfo:
  WebDBID: -1
  TimeStamp: 20241108044105
Version:
  Major: 11
  Minor: 0
  Build: 1002
  SpecialBuildName: ""
  ptArchitecture: x86_64_linux
Results:
  Results Complete: true
  NumTestProcesses: 4
  CPU_INTEGER_MATH: 14340.698333333334
  CPU_FLOATINGPOINT_MATH: 11305.536409074797
  CPU_PRIME: 44.420760572525609
  CPU_SORTING: 8695.3727600293605
  CPU_ENCRYPTION: 1845.1573115315136
  CPU_COMPRESSION: 72223.065722489962
  CPU_SINGLETHREAD: 1790.9879905424691
  CPU_PHYSICS: 758.69783951356226
  CPU_MATRIX_MULT_SSE: 6189.8518619970127
  CPU_mm: 662.65728323496762
  CPU_sse: 2476.2962045167269
  CPU_fma: 8157.2166206231323
  CPU_avx: 5452.5766456894162
  CPU_avx512: 8673.3179771587747
  m_CPU_enc_SHA: 1014336411.4289021
  m_CPU_enc_AES: 3902424760.4396629
  m_CPU_enc_ECDSA: 887601847.42084026
  ME_ALLOC_S: 2693.905289499633
  ME_READ_S: 21672.636914062499
  ME_READ_L: 11464.685546875
  ME_WRITE: 9259.2451171875
  ME_LARGE: 46221.333333333336
  ME_LATENCY: 50.021599553114491
  ME_THREADED: 36894.9833984375
  SUMM_CPU: 5760.2691857179989
  SUMM_ME: 2390.1327857887632
SystemInformation:
  OSName: Ubuntu 24.04.1 LTS
  Kernel: 6.8.0-1017-azure
  Device: ""
  Processor: Intel Xeon Platinum 8272CL CPU @ 2.60GHz
  NumSockets: 1
  Manufacturer: GenuineIntel
  NumCores: 4
  NumLogicals: 4
  CPUFrequency: 0
  Memory: 56237
  MemModuleInfo:
    iNumMemSticks: 2
    DIMM 1:
      manufacturer: Microsoft Corporation
      modulePartNo: None
      memType: Unknown
      size: 1
      clkspeed: 0
      moduleVoltage: 0
    DIMM 2:
      manufacturer: Microsoft Corporation
      modulePartNo: None
      memType: Unknown
      size: 55
      clkspeed: 0
      moduleVoltage: 0
Checksum: 6FC94FD699AAD305A31F534EEB008665E3DD22AB