---
system-info:
      stress-ng-version: 0.17.08
      run-by: root
      date-yyyy-mm-dd: 2024:06:21
      time-hh-mm-ss: 04:50:20
      epoch-secs: 1718945420
      hostname: 3b9f116b7d56
      sysname: Linux
      nodename: 3b9f116b7d56
      release: 6.8.0-1008-gcp
      version: '#9-Ubuntu SMP Wed May 22 18:09:04 UTC 2024'
      machine: x86_64
      compiler: 'musl-gcc 13.2.1'
      uptime: 155
      totalram: 16767352832
      freeram: 11776397312
      sharedram: 36036608
      bufferram: 133173248
      totalswap: 0
      freeswap: 0
      pagesize: 4096
      cpus: 4
      cpus-online: 4
      ticks-per-second: 100

metrics:
    - stressor: cpu
      bogo-ops: 73767
      bogo-ops-per-second-usr-sys-time: 927.508334
      bogo-ops-per-second-real-time: 3688.328071
      wall-clock-time: 20.000119
      user-time: 79.517464
      system-time: 0.014975
      cpu-usage-per-instance: 99.414958
      max-rss: 1104

...
