BaselineInfo:
  WebDBID: -1
  TimeStamp: 20250915232522
Version:
  Major: 11
  Minor: 0
  Build: 1002
  SpecialBuildName: ""
  ptArchitecture: aarch64_linux
Results:
  Results Complete: true
  NumTestProcesses: 1
  CPU_INTEGER_MATH: 5186.3843333333334
  CPU_FLOATINGPOINT_MATH: 6026.8935901712357
  CPU_PRIME: 17.481119133191534
  CPU_SORTING: 4543.7322013304292
  CPU_ENCRYPTION: 182.91348949220341
  CPU_COMPRESSION: 6396.99400254169
  CPU_SINGLETHREAD: 1842.89814754331
  CPU_PHYSICS: 340.29888074236874
  CPU_MATRIX_MULT_SSE: 914.09113740024975
  CPU_mm: 113.20354217192097
  CPU_sse: 716.86265366953148
  CPU_fma: 1111.319621130968
  CPU_avx: 0
  CPU_avx512: 0
  m_CPU_enc_SHA: 293894356.5671618
  m_CPU_enc_AES: 106376425.0189832
  m_CPU_enc_ECDSA: 175125303.88718498
  ME_ALLOC_S: 1511.1185912567287
  ME_READ_S: 20238.446484374999
  ME_READ_L: 19454.51171875
  ME_WRITE: 21041.63671875
  ME_LARGE: 772.91666666666663
  ME_LATENCY: 45.372117388401847
  ME_THREADED: 19516.42578125
  SUMM_CPU: 984.5004282141565
  SUMM_ME: 1243.5383563264929
SystemInformation:
  OSName: Ubuntu 24.04.2 LTS
  Kernel: 6.14.0-1012-aws
  Device: ""
  Processor: ARM Neoverse-V2 1 Core 0 MHz
  NumSockets: 1
  Manufacturer: ARM
  NumCores: 1
  NumLogicals: 1
  CPUFrequency: 0
  Memory: 7761
Checksum: 95FAE2B1411DD6E76671258B24BC4E9295075E11