---
system-info:
      stress-ng-version: 0.17.08
      run-by: root
      date-yyyy-mm-dd: 2024:06:08
      time-hh-mm-ss: 06:55:41
      epoch-secs: 1717829741
      hostname: 3ae74365bbd0
      sysname: Linux
      nodename: 3ae74365bbd0
      release: 6.8.0-1008-aws
      version: '#8-Ubuntu SMP Sat Apr 20 00:46:25 UTC 2024'
      machine: x86_64
      compiler: 'musl-gcc 13.2.1'
      uptime: 139
      totalram: 532331970560
      freeram: 527554813952
      sharedram: 60116992
      bufferram: 97824768
      totalswap: 0
      freeswap: 0
      pagesize: 4096
      cpus: 64
      cpus-online: 64
      ticks-per-second: 100

metrics:
    - stressor: cpu
      bogo-ops: 16782
      bogo-ops-per-second-usr-sys-time: 1677.618705
      bogo-ops-per-second-real-time: 1677.692769
      wall-clock-time: 10.003023
      user-time: 10.003465
      system-time: 0.000000
      cpu-usage-per-instance: 100.004415
      max-rss: 3584

...
