---
system-info:
      stress-ng-version: 0.17.08
      run-by: root
      date-yyyy-mm-dd: 2024:06:13
      time-hh-mm-ss: 19:55:27
      epoch-secs: 1718308527
      hostname: eb5515e601dc
      sysname: Linux
      nodename: eb5515e601dc
      release: 6.8.0-1008-aws
      version: '#8-Ubuntu SMP Sat Apr 20 00:46:25 UTC 2024'
      machine: x86_64
      compiler: 'musl-gcc 13.2.1'
      uptime: 163
      totalram: 532331950080
      freeram: 527509147648
      sharedram: 60116992
      bufferram: 107884544
      totalswap: 0
      freeswap: 0
      pagesize: 4096
      cpus: 64
      cpus-online: 64
      ticks-per-second: 100

metrics:
    - stressor: cpu
      bogo-ops: 37851
      bogo-ops-per-second-usr-sys-time: 1892.538739
      bogo-ops-per-second-real-time: 1892.549120
      wall-clock-time: 20.000009
      user-time: 20.000119
      system-time: 0.000000
      cpu-usage-per-instance: 100.000549
      max-rss: 512

...
