BaselineInfo:
  WebDBID: -1
  TimeStamp: 20241108005352
Version:
  Major: 11
  Minor: 0
  Build: 1002
  SpecialBuildName: ""
  ptArchitecture: x86_64_linux
Results:
  Results Complete: true
  NumTestProcesses: 8
  CPU_INTEGER_MATH: 33639.799999999996
  CPU_FLOATINGPOINT_MATH: 17199.025272424966
  CPU_PRIME: 74.642790795085901
  CPU_SORTING: 17634.683534766475
  CPU_ENCRYPTION: 7289.6730392193458
  CPU_COMPRESSION: 124879.69805115031
  CPU_SINGLETHREAD: 2430.1819278213916
  CPU_PHYSICS: 1379.403894005919
  CPU_MATRIX_MULT_SSE: 7045.3045291079316
  CPU_mm: 724.57174473426221
  CPU_sse: 3191.1816993626585
  CPU_fma: 8762.1598553940566
  CPU_avx: 6473.9781895277365
  CPU_avx512: 9753.8983721472796
  m_CPU_enc_SHA: 7382035081.0907536
  m_CPU_enc_AES: 11104116273.822023
  m_CPU_enc_ECDSA: 4445177235.4046202
  ME_ALLOC_S: 4113.5829277479061
  ME_READ_S: 24361.540234374999
  ME_READ_L: 12780.701171875
  ME_WRITE: 11160.2607421875
  ME_LARGE: 54227.166666666664
  ME_LATENCY: 51.751931374742675
  ME_THREADED: 55600.904296875
  SUMM_CPU: 11416.965120728963
  SUMM_ME: 2640.8435794006759
SystemInformation:
  OSName: Ubuntu 24.04.1 LTS
  Kernel: 6.8.0-1017-azure
  Device: ""
  Processor: Intel Xeon Platinum 8370C CPU @ 2.80GHz
  NumSockets: 1
  Manufacturer: GenuineIntel
  NumCores: 4
  NumLogicals: 8
  CPUFrequency: 2800
  Memory: 64298
  MemModuleInfo:
    iNumMemSticks: 3
    DIMM 1:
      manufacturer: Microsoft Corporation
      modulePartNo: None
      memType: Unknown
      size: 1
      clkspeed: 0
      moduleVoltage: 0
    DIMM 2:
      manufacturer: Microsoft Corporation
      modulePartNo: None
      memType: Unknown
      size: 59
      clkspeed: 0
      moduleVoltage: 0
    DIMM 3:
      manufacturer: Microsoft Corporation
      modulePartNo: None
      memType: Unknown
      size: 4
      clkspeed: 0
      moduleVoltage: 0
Checksum: 52DEB4F3FADD30FC62A264072C9F64EC56ADC7D6