BaselineInfo:
  WebDBID: -1
  TimeStamp: 20241109075533
Version:
  Major: 11
  Minor: 0
  Build: 1002
  SpecialBuildName: ""
  ptArchitecture: aarch64_linux
Results:
  Results Complete: true
  NumTestProcesses: 64
  CPU_INTEGER_MATH: 253191.11200000005
  CPU_FLOATINGPOINT_MATH: 192112.78531601705
  CPU_PRIME: 253.24345512389644
  CPU_SORTING: 175422.38461292596
  CPU_ENCRYPTION: 8700.2540576467309
  CPU_COMPRESSION: 305773.24481955147
  CPU_SINGLETHREAD: 1115.2463945423954
  CPU_PHYSICS: 4120.8361097653678
  CPU_MATRIX_MULT_SSE: 39931.675395998493
  CPU_mm: 6687.5883248925429
  CPU_sse: 33427.674307996094
  CPU_fma: 46435.67648400092
  CPU_avx: 0
  CPU_avx512: 0
  m_CPU_enc_SHA: 12900816779.793056
  m_CPU_enc_AES: 6039931598.4763031
  m_CPU_enc_ECDSA: 8427884417.9835768
  ME_ALLOC_S: 20537.492500541211
  ME_READ_S: 9511.0558593749993
  ME_READ_L: 9232.9306640625
  ME_WRITE: 12442.4501953125
  ME_LARGE: 501670.33333333331
  ME_LATENCY: 68.590524892430281
  ME_THREADED: 169779.28076171875
  SUMM_CPU: 28152.54219511219
  SUMM_ME: 1864.9014337960257
SystemInformation:
  OSName: Ubuntu 24.04.1 LTS
  Kernel: 6.8.0-1016-aws
  Device: ""
  Processor: ARM Neoverse-N1 64 Core 0 MHz
  NumSockets: 1
  Manufacturer: ARM
  NumCores: 64
  NumLogicals: 64
  CPUFrequency: 0
  Memory: 514743
Checksum: 601019BD97BE97BCB8C9F6A243D9BB4315D3DB88