size_kb,operation,bandwidth_mb_s,latency_ns,latency_stddev_ns,latency_samples,threads,iterations,elapsed_s
16,read,93087.51,0,0,0,1,585480,0.098274
16,write,52010.84,0,0,0,1,457875,0.137554
16,copy,47112.42,0,0,0,1,357653,0.118617
16,latency,0,1.26,0.10,21,1,21,0.279246
64,read,59369.65,0,0,0,1,213858,0.225134
64,write,37928.43,0,0,0,1,147579,0.243187
64,copy,33598.27,0,0,0,1,119961,0.223153
64,latency,0,3.48,0.02,7,1,7,0.713666
2048,read,24885.48,0,0,0,1,2918,0.234514
2048,write,24724.76,0,0,0,1,3194,0.258365
2048,copy,12296.12,0,0,0,1,1377,0.223973
2048,latency,0,17.41,0.42,7,1,7,0.721514
4096,read,24560.35,0,0,0,1,1320,0.214981
4096,write,24639.47,0,0,0,1,1549,0.251466
4096,copy,12213.22,0,0,0,1,704,0.230570
4096,latency,0,20.59,0.21,7,1,7,0.708639
8192,read,24553.81,0,0,0,1,718,0.233935
8192,write,24199.97,0,0,0,1,716,0.236695
8192,copy,12169.64,0,0,0,1,362,0.237969
8192,latency,0,26.52,3.36,21,1,21,2.214711
16384,read,23960.03,0,0,0,1,312,0.208347
16384,write,23439.68,0,0,0,1,346,0.236181
16384,copy,6151.80,0,0,0,1,80,0.208069
16384,latency,0,96.66,36.23,21,1,21,2.524929
32768,read,10208.89,0,0,0,1,77,0.241358
32768,write,8289.62,0,0,0,1,66,0.254776
32768,copy,4143.32,0,0,0,1,31,0.239422
32768,latency,0,144.99,4.38,7,1,7,3.310692
65536,read,7889.16,0,0,0,1,30,0.243372
65536,write,6519.16,0,0,0,1,25,0.245430
65536,copy,3855.05,0,0,0,1,15,0.249024
65536,latency,0,160.09,0.99,7,1,7,7.199843
