"size","threads","connections","rps","latency","failed","server_usr","server_sys","client_usr","client_sys"
"1k",2,2,74757,0.000026110,0,4.08,7.03,1.80,7.26
"1k",2,4,83592,0.000050450,0,4.14,6.90,1.82,7.20
"1k",2,8,91756,0.000082840,0,4.28,6.88,1.82,7.13
"1k",2,16,98876,0.000174590,0,4.37,6.69,1.80,7.16
"1k",2,32,102932,0.000299980,0,4.33,6.63,1.74,7.13
"1k",2,64,102105,0.000566160,0,4.51,6.49,1.72,7.04
"1k",4,4,75407,0.000055090,0,3.95,7.14,1.71,7.37
"1k",4,8,84864,0.000109080,0,4.06,6.90,1.82,7.36
"1k",4,16,90419,0.000187650,0,4.13,6.76,1.83,7.34
"1k",4,32,95678,0.000364780,0,4.12,6.65,1.78,7.36
"1k",4,64,97558,0.000703530,0,4.17,6.52,1.67,7.43
"1k",8,8,77281,0.000110090,0,3.79,7.06,1.83,7.48
"1k",8,16,82124,0.000196080,0,3.73,6.92,1.81,7.72
"1k",8,32,86499,0.000370510,0,3.92,6.84,1.79,7.61
"1k",8,64,87895,0.000725650,0,3.98,6.81,1.88,7.47
"16k",2,2,64065,0.000035210,0,4.25,5.94,1.76,7.96
"16k",2,4,69939,0.000060570,0,3.84,6.58,1.82,7.69
"16k",2,8,76135,0.000119480,0,4.07,6.33,1.90,7.68
"16k",2,16,79041,0.000290380,0,3.92,6.33,1.78,7.73
"16k",2,32,78025,0.000439270,0,3.97,6.36,1.75,7.70
"16k",2,64,77313,0.000775590,0,4.04,6.39,1.50,7.84
"16k",4,4,63397,0.000066040,0,3.69,6.78,1.85,7.77
"16k",4,8,68268,0.000123600,0,3.75,6.74,1.90,7.72
"16k",4,16,71104,0.000238050,0,3.84,6.70,1.82,7.75
"16k",4,32,73406,0.000491690,0,3.81,6.52,1.74,7.74
"16k",4,64,73806,0.000890000,0,3.80,6.55,1.68,7.74
"16k",8,8,62874,0.000132610,0,3.56,6.84,1.85,7.88
"16k",8,16,65443,0.000248950,0,3.49,6.88,1.72,8.03
"16k",8,32,67243,0.000477310,0,3.75,6.71,1.80,7.87
"16k",8,64,69106,0.000940000,0,3.71,6.78,1.72,7.88
"64k",2,2,36758,0.000058740,0,3.07,6.57,1.66,8.57
"64k",2,4,37497,0.000100970,0,3.24,6.53,1.66,8.42
"64k",2,8,38123,0.000189870,0,3.51,6.38,1.59,8.44
"64k",2,16,38365,0.000351620,0,3.41,6.48,1.48,8.55
"64k",2,32,38926,0.000653800,0,3.38,6.41,1.38,8.58
"64k",2,64,39259,0.001280000,0,3.30,6.48,1.40,8.62
"64k",4,4,36116,0.000112090,0,3.18,6.81,1.67,8.46
"64k",4,8,36814,0.000216500,0,3.37,6.70,1.61,8.44
"64k",4,16,37590,0.000435230,0,3.31,6.65,1.54,8.43
"64k",4,32,38533,0.000825680,0,3.29,6.50,1.51,8.46
"64k",4,64,37904,0.001630000,0,3.20,6.73,1.51,8.39
"64k",8,8,35511,0.000233250,0,3.25,6.72,1.75,8.42
"64k",8,16,35834,0.000453240,0,3.31,6.66,1.75,8.43
"64k",8,32,37042,0.000890000,0,3.20,6.58,1.59,8.40
"64k",8,64,37070,0.001750000,0,3.24,6.63,1.54,8.38
"256k",2,2,12013,0.000170170,0,4.66,7.01,1.34,6.94
"256k",2,4,11831,0.000336360,0,4.34,7.42,1.32,6.86
"256k",2,8,12643,0.000600320,0,3.94,7.22,1.31,7.44
"256k",2,16,13766,0.001210000,0,3.80,6.61,1.46,7.89
"256k",2,32,12190,0.002420000,0,4.16,6.99,1.25,7.42
"256k",4,4,11827,0.000344360,0,4.13,7.46,1.32,7.02
"256k",4,8,12479,0.000650870,0,3.90,7.13,1.36,7.37
"256k",4,16,12676,0.001240000,0,3.93,7.00,1.37,7.46
"256k",4,32,12061,0.002580000,0,4.04,7.12,1.31,7.33
"256k",8,8,12225,0.000678840,0,3.92,7.03,1.44,7.34
"256k",8,16,12547,0.001290000,0,3.71,7.13,1.35,7.62
"256k",8,32,11831,0.002680000,0,4.15,6.92,1.34,7.38
"512k",2,2,6162,0.000327340,0,3.67,8.62,1.10,6.54
"512k",2,4,6220,0.000635800,0,3.45,8.63,1.08,6.72
"512k",2,8,6412,0.001210000,0,3.57,8.02,1.12,7.02
"512k",2,16,6050,0.002540000,0,3.79,7.94,1.11,6.95
"512k",2,32,5584,0.005610000,0,4.48,7.56,1.03,6.75
"512k",4,4,6243,0.000647050,0,3.35,8.46,1.24,6.68
"512k",4,8,6408,0.001240000,0,3.75,7.65,1.22,7.14
"512k",4,16,6283,0.002500000,0,3.66,7.71,1.25,7.18
"512k",4,32,5525,0.005710000,0,4.39,7.47,1.12,6.80
"512k",8,8,6381,0.001270000,0,3.75,7.55,1.20,7.29
"512k",8,16,6262,0.002540000,0,3.69,7.61,1.28,7.21
"512k",8,32,5655,0.005620000,0,4.33,7.40,1.16,6.90
