BaselineInfo:
  WebDBID: -1
  TimeStamp: 20260612205655
Version:
  Major: 11
  Minor: 0
  Build: 1004
  SpecialBuildName: ""
  ptArchitecture: x86_64_linux
Results:
  Results Complete: true
  NumTestProcesses: 6
  CPU_INTEGER_MATH: 29479.176333333329
  CPU_FLOATINGPOINT_MATH: 23748.302209481699
  CPU_PRIME: 92.894845858052037
  CPU_SORTING: 17486.293524892313
  CPU_ENCRYPTION: 3604.9587735528903
  CPU_COMPRESSION: 126012.37307124141
  CPU_SINGLETHREAD: 2260.4363052408848
  CPU_PHYSICS: 1498.6741635362944
  CPU_MATRIX_MULT_SSE: 8628.5482044172732
  CPU_mm: 1367.4079006788418
  CPU_sse: 4412.241743484602
  CPU_fma: 12539.862276101441
  CPU_avx: 8933.5405936657753
  CPU_avx512: 0
  m_CPU_enc_SHA: 1791378691.036674
  m_CPU_enc_AES: 7960307950.3063316
  m_CPU_enc_ECDSA: 1588533111.4679813
  ME_ALLOC_S: 2986.4777102724393
  ME_READ_S: 22925.8359375
  ME_READ_L: 11467.9169921875
  ME_WRITE: 10622.0439453125
  ME_LARGE: 55924.833333333336
  ME_LATENCY: 51.859287226228197
  ME_THREADED: 56873.3671875
  SUMM_CPU: 10693.500094054167
  SUMM_ME: 2512.1454051889327
SystemInformation:
  OSName: Ubuntu 24.04.4 LTS
  Kernel: 6.8.0-124-generic
  Device: ""
  Processor: Intel Core Processor (Broadwell, no TSX, IBRS)
  NumSockets: 1
  Manufacturer: GenuineIntel
  NumCores: 3
  NumLogicals: 6
  CPUFrequency: 7
  CPUMaxFrequency: 832
  Memory: 64298
  CPUInfo:
    number: 1
    Family: 6
    Model: 13
    stepping: 2
    features: 395049983
    manufacture: GenuineIntel
    typestring: Intel Core Processor (Broadwell, no TSX, IBRS)
    iCoresPerPackage: 3
    iThreadsPerPackage: 2
    featuresEx:
      - 395049983
      - 4294586883
      - 672139264
    bHybrid: false
    nPCore: 0
    nLogicalsPerPCore: 0
    nECore: 0
    nLogicalsPerECore: 0
  MemModuleInfo:
    iNumMemSticks: 4
    DIMM 1:
      manufacturer: QEMU
      modulePartNo: Not Specified
      memType: RAM
      size: 16
      clkspeed: 0
      moduleVoltage: 0
    DIMM 2:
      manufacturer: QEMU
      modulePartNo: Not Specified
      memType: RAM
      size: 16
      clkspeed: 0
      moduleVoltage: 0
    DIMM 3:
      manufacturer: QEMU
      modulePartNo: Not Specified
      memType: RAM
      size: 16
      clkspeed: 0
      moduleVoltage: 0
    DIMM 4:
      manufacturer: QEMU
      modulePartNo: Not Specified
      memType: RAM
      size: 16
      clkspeed: 0
      moduleVoltage: 0
Checksum: 74C677A83320CAA6FD35DEEF5D5AA7829204763C