---
system-info:
      stress-ng-version: 0.17.08
      run-by: root
      date-yyyy-mm-dd: 2024:08:17
      time-hh-mm-ss: 15:09:44
      epoch-secs: 1723907384
      hostname: ip-172-31-29-97
      sysname: Linux
      nodename: ip-172-31-29-97
      release: 6.8.0-1013-aws
      version: '#14-Ubuntu SMP Thu Jul 25 21:19:24 UTC 2024'
      machine: x86_64
      compiler: 'musl-gcc 13.2.1'
      uptime: 469
      totalram: 33177174016
      freeram: 25275682816
      sharedram: 11845632
      bufferram: 190955520
      totalswap: 0
      freeswap: 0
      pagesize: 4096
      cpus: 4
      cpus-online: 4
      ticks-per-second: 100

metrics:
    - stressor: cpu
      bogo-ops: 119529
      bogo-ops-per-second-usr-sys-time: 1498.932054
      bogo-ops-per-second-real-time: 5976.433525
      wall-clock-time: 20.000055
      user-time: 79.731780
      system-time: 0.010994
      cpu-usage-per-instance: 99.678193
      max-rss: 1104

...
