BaselineInfo:
  WebDBID: -1
  TimeStamp: 20250104205658
Version:
  Major: 11
  Minor: 0
  Build: 1002
  SpecialBuildName: ""
  ptArchitecture: x86_64_linux
Results:
  Results Complete: true
  NumTestProcesses: 96
  CPU_INTEGER_MATH: 398721.516
  CPU_FLOATINGPOINT_MATH: 219129.0458376543
  CPU_PRIME: 534.91126938434445
  CPU_SORTING: 188404.56400064557
  CPU_ENCRYPTION: 102778.70246369173
  CPU_COMPRESSION: 1483129.3081499483
  CPU_SINGLETHREAD: 2585.2748079489434
  CPU_PHYSICS: 7155.0064274077013
  CPU_MATRIX_MULT_SSE: 78078.606075835851
  CPU_mm: 9810.4284374153613
  CPU_sse: 40207.353382665962
  CPU_fma: 105588.61750377028
  CPU_avx: 88439.847341071407
  CPU_avx512: 0
  m_CPU_enc_SHA: 149051465906.19983
  m_CPU_enc_AES: 95339854233.155533
  m_CPU_enc_ECDSA: 78922522004.348618
  ME_ALLOC_S: 26306.563328036282
  ME_READ_S: 25387.410351562499
  ME_READ_L: 21801.09375
  ME_WRITE: 20917.60546875
  ME_LARGE: 372474.08333333331
  ME_LATENCY: 59.185511163522818
  ME_THREADED: 174455.9384765625
  SUMM_CPU: 79241.863215720208
  SUMM_ME: 3137.347990191874
SystemInformation:
  OSName: Ubuntu 24.04.1 LTS
  Kernel: 6.8.0-1017-azure
  Device: ""
  Processor: AMD EPYC 7763 64-Core Processor
  NumSockets: 1
  Manufacturer: AuthenticAMD
  NumCores: 48
  NumLogicals: 96
  CPUFrequency: 0
  Memory: 386921
  MemModuleInfo:
    iNumMemSticks: 4
    DIMM 1:
      manufacturer: Microsoft Corporation
      modulePartNo: None
      memType: Unknown
      size: 1
      clkspeed: 0
      moduleVoltage: 0
    DIMM 2:
      manufacturer: Microsoft Corporation
      modulePartNo: None
      memType: Unknown
      size: 59
      clkspeed: 0
      moduleVoltage: 0
    DIMM 3:
      manufacturer: Microsoft Corporation
      modulePartNo: None
      memType: Unknown
      size: 132
      clkspeed: 0
      moduleVoltage: 0
    DIMM 4:
      manufacturer: Microsoft Corporation
      modulePartNo: None
      memType: Unknown
      size: 192
      clkspeed: 0
      moduleVoltage: 0
Checksum: AF039827B768991082CE6339499DC10DC41CFD19