---
system-info:
      stress-ng-version: 0.17.08
      run-by: root
      date-yyyy-mm-dd: 2024:06:15
      time-hh-mm-ss: 03:00:01
      epoch-secs: 1718420401
      hostname: 29a02a65a2c3
      sysname: Linux
      nodename: 29a02a65a2c3
      release: 6.8.0-1008-aws
      version: '#8-Ubuntu SMP Sat Apr 20 00:46:25 UTC 2024'
      machine: x86_64
      compiler: 'musl-gcc 13.2.1'
      uptime: 139
      totalram: 33089789952
      freeram: 28661723136
      sharedram: 59875328
      bufferram: 109883392
      totalswap: 0
      freeswap: 0
      pagesize: 4096
      cpus: 8
      cpus-online: 8
      ticks-per-second: 100

metrics:
    - stressor: cpu
      bogo-ops: 37815
      bogo-ops-per-second-usr-sys-time: 1890.732416
      bogo-ops-per-second-real-time: 1890.745222
      wall-clock-time: 20.000051
      user-time: 19.999187
      system-time: 0.000999
      cpu-usage-per-instance: 100.000677
      max-rss: 1104

...
