---
system-info:
      stress-ng-version: 0.17.08
      run-by: root
      date-yyyy-mm-dd: 2024:06:08
      time-hh-mm-ss: 18:41:39
      epoch-secs: 1717872099
      hostname: 96185c78a656
      sysname: Linux
      nodename: 96185c78a656
      release: 6.8.0-1008-aws
      version: '#8-Ubuntu SMP Sat Apr 20 00:46:25 UTC 2024'
      machine: x86_64
      compiler: 'musl-gcc 13.2.1'
      uptime: 117
      totalram: 33089794048
      freeram: 28613046272
      sharedram: 59875328
      bufferram: 104910848
      totalswap: 0
      freeswap: 0
      pagesize: 4096
      cpus: 8
      cpus-online: 8
      ticks-per-second: 100

metrics:
    - stressor: cpu
      bogo-ops: 16570
      bogo-ops-per-second-usr-sys-time: 1656.983927
      bogo-ops-per-second-real-time: 1656.973452
      wall-clock-time: 10.000160
      user-time: 10.000097
      system-time: 0.000000
      cpu-usage-per-instance: 99.999368
      max-rss: 3792

...
