---
system-info:
      stress-ng-version: 0.17.08
      run-by: root
      date-yyyy-mm-dd: 2024:09:23
      time-hh-mm-ss: 23:43:57
      epoch-secs: 1727135037
      hostname: c4-standard-48-f8d1e1f
      sysname: Linux
      nodename: c4-standard-48-f8d1e1f
      release: 6.8.0-1014-gcp
      version: '#16-Ubuntu SMP Mon Aug 26 15:55:46 UTC 2024'
      machine: x86_64
      compiler: 'musl-gcc 13.2.1'
      uptime: 232
      totalram: 189914173440
      freeram: 179177615360
      sharedram: 274767872
      bufferram: 253067264
      totalswap: 0
      freeswap: 0
      pagesize: 4096
      cpus: 48
      cpus-online: 48
      ticks-per-second: 100

metrics:
    - stressor: cpu
      bogo-ops: 42270
      bogo-ops-per-second-usr-sys-time: 2113.492920
      bogo-ops-per-second-real-time: 2113.496095
      wall-clock-time: 20.000037
      user-time: 20.000067
      system-time: 0.000000
      cpu-usage-per-instance: 100.000150
      max-rss: 1152

...
