BaselineInfo:
  WebDBID: -1
  TimeStamp: 20241109103708
Version:
  Major: 11
  Minor: 0
  Build: 1002
  SpecialBuildName: ""
  ptArchitecture: aarch64_linux
Results:
  Results Complete: true
  NumTestProcesses: 64
  CPU_INTEGER_MATH: 305803.91066666663
  CPU_FLOATINGPOINT_MATH: 304127.13803820714
  CPU_PRIME: 337.52273506358574
  CPU_SORTING: 240018.87246164167
  CPU_ENCRYPTION: 8908.6514638336248
  CPU_COMPRESSION: 339194.39117182593
  CPU_SINGLETHREAD: 1564.4944277010557
  CPU_PHYSICS: 8567.8791095294291
  CPU_MATRIX_MULT_SSE: 53054.189666064449
  CPU_mm: 6952.8536157491117
  CPU_sse: 44635.133179812277
  CPU_fma: 61473.246152316591
  CPU_avx: 0
  CPU_avx512: 0
  m_CPU_enc_SHA: 13470046550.717476
  m_CPU_enc_AES: 5194767701.1384401
  m_CPU_enc_ECDSA: 9359380100.166502
  ME_ALLOC_S: 31625.402130286806
  ME_READ_S: 19729.0302734375
  ME_READ_L: 19097.357421875
  ME_WRITE: 19761.671875
  ME_LARGE: 501586.75
  ME_LATENCY: 48.761074243717168
  ME_THREADED: 265883.7392578125
  SUMM_CPU: 34643.853983274108
  SUMM_ME: 3197.4552212235553
SystemInformation:
  OSName: Ubuntu 24.04.1 LTS
  Kernel: 6.8.0-1016-aws
  Device: ""
  Processor: ARM Neoverse-V1 64 Core 0 MHz
  NumSockets: 1
  Manufacturer: ARM
  NumCores: 64
  NumLogicals: 64
  CPUFrequency: 0
  Memory: 514740
Checksum: 4C4B7D69C677037D5D28188A9B6D3EE7AB30BD13