BaselineInfo:
  WebDBID: -1
  TimeStamp: 20260612224343
Version:
  Major: 11
  Minor: 0
  Build: 1004
  SpecialBuildName: ""
  ptArchitecture: x86_64_linux
Results:
  Results Complete: true
  NumTestProcesses: 8
  CPU_INTEGER_MATH: 23457.003666666667
  CPU_FLOATINGPOINT_MATH: 12599.808537065584
  CPU_PRIME: 57.154419715464201
  CPU_SORTING: 14672.354913569232
  CPU_ENCRYPTION: 3253.6997956511768
  CPU_COMPRESSION: 110848.28954621917
  CPU_SINGLETHREAD: 1983.5057153135165
  CPU_PHYSICS: 949.7875207204977
  CPU_MATRIX_MULT_SSE: 6449.4821303201034
  CPU_mm: 713.97519525704058
  CPU_sse: 2553.4174371480435
  CPU_fma: 7895.9725868003388
  CPU_avx: 5578.427550982401
  CPU_avx512: 9770.1109463496305
  m_CPU_enc_SHA: 1061618563.3224347
  m_CPU_enc_AES: 8212579299.4160528
  m_CPU_enc_ECDSA: 961056688.03569829
  ME_ALLOC_S: 2849.7722558792839
  ME_READ_S: 22778.697265625
  ME_READ_L: 10129.5419921875
  ME_WRITE: 9876.7490234375
  ME_LARGE: 149001.08333333334
  ME_LATENCY: 53.823199638410934
  ME_THREADED: 47529.00732421875
  SUMM_CPU: 8313.7179572461737
  SUMM_ME: 2387.7903214047137
SystemInformation:
  OSName: Ubuntu 24.04.4 LTS
  Kernel: 6.8.0-117-generic
  Device: ""
  Processor: Intel(R) Xeon(R) Platinum 8269CY CPU @ 2.50GHz
  NumSockets: 1
  Manufacturer: GenuineIntel
  NumCores: 4
  NumLogicals: 8
  CPUFrequency: 2500
  CPUMaxFrequency: 3800
  Memory: 157614
  CPUInfo:
    number: 1
    Family: 6
    Model: 5
    stepping: 7
    features: 529267711
    manufacture: GenuineIntel
    typestring: Intel(R) Xeon(R) Platinum 8269CY CPU @ 2.50GHz
    iCoresPerPackage: 0
    iThreadsPerPackage: 0
    featuresEx:
      - 529267711
      - 4277809667
      - 739248128
    bHybrid: false
    nPCore: 0
    nLogicalsPerPCore: 0
    nECore: 0
    nLogicalsPerECore: 0
  MemModuleInfo:
    iNumMemSticks: 10
    DIMM 1:
      manufacturer: Alibaba Cloud
      modulePartNo: Not Specified
      memType: RAM
      size: 16
      clkspeed: 0
      moduleVoltage: 0
    DIMM 2:
      manufacturer: Alibaba Cloud
      modulePartNo: Not Specified
      memType: RAM
      size: 16
      clkspeed: 0
      moduleVoltage: 0
    DIMM 3:
      manufacturer: Alibaba Cloud
      modulePartNo: Not Specified
      memType: RAM
      size: 16
      clkspeed: 0
      moduleVoltage: 0
    DIMM 4:
      manufacturer: Alibaba Cloud
      modulePartNo: Not Specified
      memType: RAM
      size: 16
      clkspeed: 0
      moduleVoltage: 0
    DIMM 5:
      manufacturer: Alibaba Cloud
      modulePartNo: Not Specified
      memType: RAM
      size: 16
      clkspeed: 0
      moduleVoltage: 0
    DIMM 6:
      manufacturer: Alibaba Cloud
      modulePartNo: Not Specified
      memType: RAM
      size: 16
      clkspeed: 0
      moduleVoltage: 0
    DIMM 7:
      manufacturer: Alibaba Cloud
      modulePartNo: Not Specified
      memType: RAM
      size: 16
      clkspeed: 0
      moduleVoltage: 0
    DIMM 8:
      manufacturer: Alibaba Cloud
      modulePartNo: Not Specified
      memType: RAM
      size: 16
      clkspeed: 0
      moduleVoltage: 0
    DIMM 9:
      manufacturer: Alibaba Cloud
      modulePartNo: Not Specified
      memType: RAM
      size: 16
      clkspeed: 0
      moduleVoltage: 0
    DIMM 10:
      manufacturer: Alibaba Cloud
      modulePartNo: Not Specified
      memType: RAM
      size: 14
      clkspeed: 0
      moduleVoltage: 0
Checksum: C8F45698F3B4C1372838960B58BF8A0FE5732F88