BaselineInfo:
  WebDBID: -1
  TimeStamp: 20260612222703
Version:
  Major: 11
  Minor: 0
  Build: 1004
  SpecialBuildName: ""
  ptArchitecture: x86_64_linux
Results:
  Results Complete: true
  NumTestProcesses: 16
  CPU_INTEGER_MATH: 102428.86
  CPU_FLOATINGPOINT_MATH: 62397.980038807218
  CPU_PRIME: 208.47570985048529
  CPU_SORTING: 48968.50575195413
  CPU_ENCRYPTION: 20538.676915157561
  CPU_COMPRESSION: 385574.18540466396
  CPU_SINGLETHREAD: 3655.533338029823
  CPU_PHYSICS: 4093.1091986337774
  CPU_MATRIX_MULT_SSE: 31457.974769144901
  CPU_mm: 2957.1077906548217
  CPU_sse: 11027.792326216837
  CPU_fma: 33493.530301313134
  CPU_avx: 33011.037128060547
  CPU_avx512: 48299.539320989104
  m_CPU_enc_SHA: 25805525635.326637
  m_CPU_enc_AES: 21128488802.189377
  m_CPU_enc_ECDSA: 17675076617.448746
  ME_ALLOC_S: 10972.471164712499
  ME_READ_S: 32648.916796875001
  ME_READ_L: 31156.107421875
  ME_WRITE: 31744.806640625
  ME_LARGE: 55588.416666666664
  ME_LATENCY: 80.954924308152044
  ME_THREADED: 139215.35595703125
  SUMM_CPU: 34225.151022308062
  SUMM_ME: 2803.2766743000748
SystemInformation:
  OSName: Ubuntu 24.04.4 LTS
  Kernel: 6.8.0-124-generic
  Device: ""
  Processor: AMD EPYC-Turin Processor
  NumSockets: 1
  Manufacturer: AuthenticAMD
  NumCores: 8
  NumLogicals: 16
  CPUFrequency: 0
  CPUMaxFrequency: 0
  Memory: 64293
  CPUInfo:
    number: 1
    Family: 15
    Model: 0
    stepping: 0
    features: 395049983
    manufacture: AuthenticAMD
    typestring: AMD EPYC-Turin Processor
    iCoresPerPackage: 8
    iThreadsPerPackage: 2
    featuresEx:
      - 395049983
      - 4277809667
      - 802421759
    bHybrid: false
    nPCore: 0
    nLogicalsPerPCore: 0
    nECore: 0
    nLogicalsPerECore: 0
  MemModuleInfo:
    iNumMemSticks: 1
    DIMM 1:
      manufacturer: QEMU
      modulePartNo: Not Specified
      memType: RAM
      size: 64
      clkspeed: 0
      moduleVoltage: 0
Checksum: 2185C461BD8A2D8A516E1EDB78B22AF414B544AF