---
system-info:
      stress-ng-version: 0.17.08
      run-by: root
      date-yyyy-mm-dd: 2024:06:07
      time-hh-mm-ss: 20:41:40
      epoch-secs: 1717792900
      hostname: 811015e7ad34
      sysname: Linux
      nodename: 811015e7ad34
      release: 6.8.0-1008-aws
      version: '#8-Ubuntu SMP Sat Apr 20 00:46:25 UTC 2024'
      machine: x86_64
      compiler: 'musl-gcc 13.2.1'
      uptime: 140
      totalram: 132207251456
      freeram: 127730753536
      sharedram: 37986304
      bufferram: 93478912
      totalswap: 0
      freeswap: 0
      pagesize: 4096
      cpus: 32
      cpus-online: 32
      ticks-per-second: 100

metrics:
    - stressor: cpu
      bogo-ops: 13916
      bogo-ops-per-second-usr-sys-time: 1391.593320
      bogo-ops-per-second-real-time: 1391.569510
      wall-clock-time: 10.000219
      user-time: 10.000048
      system-time: 0.000000
      cpu-usage-per-instance: 99.998289
      max-rss: 3592

...
