---
system-info:
      stress-ng-version: 0.17.08
      run-by: root
      date-yyyy-mm-dd: 2024:06:13
      time-hh-mm-ss: 11:40:25
      epoch-secs: 1718278825
      hostname: b35d4af3443e
      sysname: Linux
      nodename: b35d4af3443e
      release: 6.8.0-1008-aws
      version: '#8-Ubuntu SMP Sat Apr 20 00:46:25 UTC 2024'
      machine: x86_64
      compiler: 'musl-gcc 13.2.1'
      uptime: 149
      totalram: 132207259648
      freeram: 127652847616
      sharedram: 37986304
      bufferram: 106913792
      totalswap: 0
      freeswap: 0
      pagesize: 4096
      cpus: 32
      cpus-online: 32
      ticks-per-second: 100

metrics:
    - stressor: cpu
      bogo-ops: 25655
      bogo-ops-per-second-usr-sys-time: 1282.728386
      bogo-ops-per-second-real-time: 1282.747003
      wall-clock-time: 20.000047
      user-time: 20.000337
      system-time: 0.000000
      cpu-usage-per-instance: 100.001451
      max-rss: 1032

...
