---
system-info:
      stress-ng-version: 0.17.08
      run-by: root
      date-yyyy-mm-dd: 2024:07:12
      time-hh-mm-ss: 10:20:21
      epoch-secs: 1720779621
      hostname: ip-172-31-12-66
      sysname: Linux
      nodename: ip-172-31-12-66
      release: 6.8.0-1010-aws
      version: '#10-Ubuntu SMP Thu Jun 13 17:36:15 UTC 2024'
      machine: x86_64
      compiler: 'musl-gcc 13.2.1'
      uptime: 265
      totalram: 195166134272
      freeram: 186812342272
      sharedram: 37564416
      bufferram: 131084288
      totalswap: 0
      freeswap: 0
      pagesize: 4096
      cpus: 48
      cpus-online: 48
      ticks-per-second: 100

metrics:
    - stressor: cpu
      bogo-ops: 1433747
      bogo-ops-per-second-usr-sys-time: 1494.203310
      bogo-ops-per-second-real-time: 71687.147536
      wall-clock-time: 20.000056
      user-time: 959.505449
      system-time: 0.033986
      cpu-usage-per-instance: 99.951742
      max-rss: 1152

...
