BaselineInfo:
  WebDBID: -1
  TimeStamp: 20250614021826
Version:
  Major: 11
  Minor: 0
  Build: 1002
  SpecialBuildName: ""
  ptArchitecture: x86_64_linux
Results:
  Results Complete: true
  NumTestProcesses: 8
  CPU_INTEGER_MATH: 37960.268333333341
  CPU_FLOATINGPOINT_MATH: 21238.717749397205
  CPU_PRIME: 92.065942554589768
  CPU_SORTING: 23169.081230908636
  CPU_ENCRYPTION: 9618.2597976946927
  CPU_COMPRESSION: 155283.35475806304
  CPU_SINGLETHREAD: 2903.4520291011422
  CPU_PHYSICS: 1496.1741598544984
  CPU_MATRIX_MULT_SSE: 10862.345922075276
  CPU_mm: 1017.6088412726579
  CPU_sse: 4486.2284362193341
  CPU_fma: 14039.826580084076
  CPU_avx: 11588.103182556959
  CPU_avx512: 13335.225489440734
  m_CPU_enc_SHA: 13468640301.368389
  m_CPU_enc_AES: 9142104761.0533485
  m_CPU_enc_ECDSA: 7645684094.4607964
  ME_ALLOC_S: 3717.4850519428351
  ME_READ_S: 27847.595703125
  ME_READ_L: 26265.244140625
  ME_WRITE: 25575.4765625
  ME_LARGE: 54771.75
  ME_LATENCY: 80.098405661099619
  ME_THREADED: 37433.0908203125
  SUMM_CPU: 14433.95187724704
  SUMM_ME: 2468.60160540265
SystemInformation:
  OSName: Ubuntu 24.04.2 LTS
  Kernel: 6.11.0-1015-azure
  Device: ""
  Processor: AMD EPYC 9V74 80-Core Processor
  NumSockets: 1
  Manufacturer: AuthenticAMD
  NumCores: 4
  NumLogicals: 8
  CPUFrequency: 0
  Memory: 64305
  MemModuleInfo:
    iNumMemSticks: 3
    DIMM 1:
      manufacturer: Microsoft Corporation
      modulePartNo: None
      memType: Unknown
      size: 1
      clkspeed: 0
      moduleVoltage: 0
    DIMM 2:
      manufacturer: Microsoft Corporation
      modulePartNo: None
      memType: Unknown
      size: 59
      clkspeed: 0
      moduleVoltage: 0
    DIMM 3:
      manufacturer: Microsoft Corporation
      modulePartNo: None
      memType: Unknown
      size: 4
      clkspeed: 0
      moduleVoltage: 0
Checksum: 60F23238C4A98B1F5A613C674DC627AE7C9CDEF7