---
system-info:
      stress-ng-version: 0.17.08
      run-by: root
      date-yyyy-mm-dd: 2024:09:03
      time-hh-mm-ss: 14:09:11
      epoch-secs: 1725372551
      hostname: sc-runner
      sysname: Linux
      nodename: sc-runner
      release: 6.8.0-1013-azure
      version: '#15-Ubuntu SMP Thu Aug  8 18:40:40 UTC 2024'
      machine: x86_64
      compiler: 'musl-gcc 13.2.1'
      uptime: 345
      totalram: 67425538048
      freeram: 58926108672
      sharedram: 38100992
      bufferram: 216137728
      totalswap: 0
      freeswap: 0
      pagesize: 4096
      cpus: 2
      cpus-online: 2
      ticks-per-second: 100

metrics:
    - stressor: cpu
      bogo-ops: 54008
      bogo-ops-per-second-usr-sys-time: 1361.451100
      bogo-ops-per-second-real-time: 2700.394849
      wall-clock-time: 20.000038
      user-time: 39.659451
      system-time: 0.009987
      cpu-usage-per-instance: 99.173406
      max-rss: 3124

...
