---
system-info:
      stress-ng-version: 0.17.08
      run-by: root
      date-yyyy-mm-dd: 2024:09:21
      time-hh-mm-ss: 18:40:52
      epoch-secs: 1726944052
      hostname: sc-runner
      sysname: Linux
      nodename: sc-runner
      release: 6.8.0-1014-azure
      version: '#16-Ubuntu SMP Thu Aug 15 20:04:41 UTC 2024'
      machine: x86_64
      compiler: 'musl-gcc 13.2.1'
      uptime: 337
      totalram: 67425533952
      freeram: 57242316800
      sharedram: 38100992
      bufferram: 252166144
      totalswap: 0
      freeswap: 0
      pagesize: 4096
      cpus: 2
      cpus-online: 2
      ticks-per-second: 100

metrics:
    - stressor: cpu
      bogo-ops: 54018
      bogo-ops-per-second-usr-sys-time: 1361.918237
      bogo-ops-per-second-real-time: 2700.891130
      wall-clock-time: 20.000066
      user-time: 39.656188
      system-time: 0.006986
      cpu-usage-per-instance: 99.157609
      max-rss: 3252

...
