BaselineInfo:
  WebDBID: -1
  TimeStamp: 20260613011936
Version:
  Major: 11
  Minor: 0
  Build: 1004
  SpecialBuildName: ""
  ptArchitecture: x86_64_linux
Results:
  Results Complete: true
  NumTestProcesses: 48
  CPU_INTEGER_MATH: 313028.01866666682
  CPU_FLOATINGPOINT_MATH: 190854.05949640632
  CPU_PRIME: 714.71008446464452
  CPU_SORTING: 146039.36106576098
  CPU_ENCRYPTION: 62796.707909754448
  CPU_COMPRESSION: 1157909.9164826286
  CPU_SINGLETHREAD: 3711.3425946627235
  CPU_PHYSICS: 11622.006622172641
  CPU_MATRIX_MULT_SSE: 89271.434471438581
  CPU_mm: 8580.7066632758397
  CPU_sse: 32251.440852818498
  CPU_fma: 96931.294870863654
  CPU_avx: 93834.758259005321
  CPU_avx512: 134068.24390306682
  m_CPU_enc_SHA: 78840698162.98996
  m_CPU_enc_AES: 64501573748.35173
  m_CPU_enc_ECDSA: 54199090468.194366
  ME_ALLOC_S: 26622.515639936908
  ME_READ_S: 33419.473828125003
  ME_READ_L: 28608.3046875
  ME_WRITE: 28517.109375
  ME_LARGE: 182965.5
  ME_LATENCY: 124.92182623676671
  ME_THREADED: 244511.90283203125
  SUMM_CPU: 82372.48598101284
  SUMM_ME: 2089.2483500789308
SystemInformation:
  OSName: Ubuntu 24.04.4 LTS
  Kernel: 6.8.0-124-generic
  Device: ""
  Processor: AMD EPYC-Turin Processor
  NumSockets: 1
  Manufacturer: AuthenticAMD
  NumCores: 24
  NumLogicals: 48
  CPUFrequency: 0
  CPUMaxFrequency: 0
  Memory: 193207
  CPUInfo:
    number: 1
    Family: 15
    Model: 0
    stepping: 0
    features: 395049983
    manufacture: AuthenticAMD
    typestring: AMD EPYC-Turin Processor
    iCoresPerPackage: 24
    iThreadsPerPackage: 2
    featuresEx:
      - 395049983
      - 4277809667
      - 802421759
    bHybrid: false
    nPCore: 0
    nLogicalsPerPCore: 0
    nECore: 0
    nLogicalsPerECore: 0
  MemModuleInfo:
    iNumMemSticks: 1
    DIMM 1:
      manufacturer: QEMU
      modulePartNo: Not Specified
      memType: RAM
      size: 192
      clkspeed: 0
      moduleVoltage: 0
Checksum: 7CADED437F8A2EE0BAF8F2E8C9E32DDF7F8EBF97