BaselineInfo:
  WebDBID: -1
  TimeStamp: 20260115214141
Version:
  Major: 11
  Minor: 0
  Build: 1004
  SpecialBuildName: ""
  ptArchitecture: x86_64_linux
Results:
  Results Complete: true
  NumTestProcesses: 48
  CPU_INTEGER_MATH: 247680.11566666665
  CPU_FLOATINGPOINT_MATH: 179329.40720411911
  CPU_PRIME: 477.1865709374008
  CPU_SORTING: 124423.31963126698
  CPU_ENCRYPTION: 54499.655817063081
  CPU_COMPRESSION: 956221.61550017493
  CPU_SINGLETHREAD: 3273.5536164876139
  CPU_PHYSICS: 8032.8774903657777
  CPU_MATRIX_MULT_SSE: 67634.575421496906
  CPU_mm: 7197.6929323210707
  CPU_sse: 29786.017646354459
  CPU_fma: 78317.844282204911
  CPU_avx: 62127.58521375242
  CPU_avx512: 100306.85454367587
  m_CPU_enc_SHA: 57640386969.45182
  m_CPU_enc_AES: 75214280605.383148
  m_CPU_enc_ECDSA: 38586425719.263222
  ME_ALLOC_S: 22611.512510712699
  ME_READ_S: 28560.714648437501
  ME_READ_L: 15483.4755859375
  ME_WRITE: 11216.12109375
  ME_LARGE: 747725.33333333337
  ME_LATENCY: 69.593995014706607
  ME_THREADED: 184856.38061523438
  SUMM_CPU: 69147.779019772352
  SUMM_ME: 2649.1780160142334
SystemInformation:
  OSName: Ubuntu 24.04.3 LTS
  Kernel: 6.14.0-1018-aws
  Device: ""
  Processor: Intel(R) Xeon(R) 6975P-C
  NumSockets: 1
  Manufacturer: GenuineIntel
  NumCores: 24
  NumLogicals: 48
  CPUFrequency: 0
  CPUMaxFrequency: 0
  Memory: 761500
  CPUInfo:
    number: 1
    Family: 6
    Model: 13
    stepping: 1
    features: 529267711
    manufacture: GenuineIntel
    typestring: Intel(R) Xeon(R) 6975P-C
    iCoresPerPackage: 24
    iThreadsPerPackage: 2
    featuresEx:
      - 529267711
      - 4294619651
      - 739248128
    bHybrid: false
    nPCore: 0
    nLogicalsPerPCore: 0
    nECore: 0
    nLogicalsPerECore: 0
  MemModuleInfo:
    iNumMemSticks: 1
    DIMM 1:
      manufacturer: Not Specified
      modulePartNo: Not Specified
      memType: DDR5
      size: 768
      clkspeed: 3600
      moduleVoltage: 0
Checksum: 68B7D9231EFE5638BCE4CE5E278E1118590DE241