---
system-info:
      stress-ng-version: 0.17.08
      run-by: root
      date-yyyy-mm-dd: 2024:07:09
      time-hh-mm-ss: 19:14:21
      epoch-secs: 1720552461
      hostname: ip-172-31-29-153
      sysname: Linux
      nodename: ip-172-31-29-153
      release: 6.8.0-1009-aws
      version: '#9-Ubuntu SMP Fri May 17 20:15:49 UTC 2024'
      machine: aarch64
      compiler: 'musl-gcc 13.2.1'
      uptime: 121
      totalram: 809578856448
      freeram: 803288682496
      sharedram: 40128512
      bufferram: 133836800
      totalswap: 0
      freeswap: 0
      pagesize: 4096
      cpus: 96
      cpus-online: 96
      ticks-per-second: 100

metrics:
    - stressor: cpu
      bogo-ops: 3277728
      bogo-ops-per-second-usr-sys-time: 1707.556845
      bogo-ops-per-second-real-time: 163885.941904
      wall-clock-time: 20.000056
      user-time: 1919.529542
      system-time: 0.012996
      cpu-usage-per-instance: 99.975894
      max-rss: 768

...
