---
system-info:
      stress-ng-version: 0.17.08
      run-by: root
      date-yyyy-mm-dd: 2024:06:12
      time-hh-mm-ss: 23:40:45
      epoch-secs: 1718235645
      hostname: 70e8371d4ad9
      sysname: Linux
      nodename: 70e8371d4ad9
      release: 6.8.0-1008-aws
      version: '#8-Ubuntu SMP Sat Apr 20 00:46:25 UTC 2024'
      machine: x86_64
      compiler: 'musl-gcc 13.2.1'
      uptime: 141
      totalram: 132900220928
      freeram: 128213172224
      sharedram: 60411904
      bufferram: 110952448
      totalswap: 0
      freeswap: 0
      pagesize: 4096
      cpus: 64
      cpus-online: 64
      ticks-per-second: 100

metrics:
    - stressor: cpu
      bogo-ops: 1235869
      bogo-ops-per-second-usr-sys-time: 965.798217
      bogo-ops-per-second-real-time: 61793.219296
      wall-clock-time: 20.000075
      user-time: 1279.599818
      system-time: 0.034973
      cpu-usage-per-instance: 99.971095
      max-rss: 512

...
