---
system-info:
      stress-ng-version: 0.17.08
      run-by: root
      date-yyyy-mm-dd: 2024:06:06
      time-hh-mm-ss: 09:41:44
      epoch-secs: 1717666904
      hostname: e928be92aec6
      sysname: Linux
      nodename: e928be92aec6
      release: 6.8.0-1008-aws
      version: '#8-Ubuntu SMP Sat Apr 20 00:46:25 UTC 2024'
      machine: x86_64
      compiler: 'musl-gcc 13.2.1'
      uptime: 130
      totalram: 132900225024
      freeram: 128417824768
      sharedram: 60411904
      bufferram: 81846272
      totalswap: 0
      freeswap: 0
      pagesize: 4096
      cpus: 64
      cpus-online: 64
      ticks-per-second: 100

metrics:
    - stressor: cpu
      bogo-ops: 749696
      bogo-ops-per-second-usr-sys-time: 1171.852351
      bogo-ops-per-second-real-time: 74957.743776
      wall-clock-time: 10.001582
      user-time: 639.679986
      system-time: 0.072965
      cpu-usage-per-instance: 99.945590
      max-rss: 3584

...
