---
system-info:
      stress-ng-version: 0.17.08
      run-by: root
      date-yyyy-mm-dd: 2024:06:21
      time-hh-mm-ss: 14:50:59
      epoch-secs: 1718981459
      hostname: 77af1d221d4d
      sysname: Linux
      nodename: 77af1d221d4d
      release: 6.8.0-1008-gcp
      version: '#9-Ubuntu SMP Wed May 22 18:09:04 UTC 2024'
      machine: x86_64
      compiler: 'musl-gcc 13.2.1'
      uptime: 197
      totalram: 109700419584
      freeram: 104411496448
      sharedram: 48656384
      bufferram: 136871936
      totalswap: 0
      freeswap: 0
      pagesize: 4096
      cpus: 16
      cpus-online: 16
      ticks-per-second: 100

metrics:
    - stressor: cpu
      bogo-ops: 22261
      bogo-ops-per-second-usr-sys-time: 1113.124913
      bogo-ops-per-second-real-time: 1113.044281
      wall-clock-time: 20.000103
      user-time: 19.998654
      system-time: 0.000000
      cpu-usage-per-instance: 99.992756
      max-rss: 976

...
