---
system-info:
      stress-ng-version: 0.17.08
      run-by: root
      date-yyyy-mm-dd: 2024:09:16
      time-hh-mm-ss: 09:41:06
      epoch-secs: 1726479666
      hostname: sc-runner
      sysname: Linux
      nodename: sc-runner
      release: 6.8.0-1014-azure
      version: '#16-Ubuntu SMP Thu Aug 15 20:04:41 UTC 2024'
      machine: x86_64
      compiler: 'musl-gcc 13.2.1'
      uptime: 285
      totalram: 33651290112
      freeram: 23538462720
      sharedram: 54919168
      bufferram: 229576704
      totalswap: 0
      freeswap: 0
      pagesize: 4096
      cpus: 4
      cpus-online: 4
      ticks-per-second: 100

metrics:
    - stressor: cpu
      bogo-ops: 77366
      bogo-ops-per-second-usr-sys-time: 971.218010
      bogo-ops-per-second-real-time: 3868.275030
      wall-clock-time: 20.000129
      user-time: 79.640752
      system-time: 0.017985
      cpu-usage-per-instance: 99.572778
      max-rss: 3124

...
