---
system-info:
      stress-ng-version: 0.17.08
      run-by: root
      date-yyyy-mm-dd: 2024:09:20
      time-hh-mm-ss: 09:23:22
      epoch-secs: 1726824202
      hostname: sc-runner
      sysname: Linux
      nodename: sc-runner
      release: 6.8.0-1014-azure
      version: '#16-Ubuntu SMP Thu Aug 15 20:04:41 UTC 2024'
      machine: x86_64
      compiler: 'musl-gcc 13.2.1'
      uptime: 1234
      totalram: 33652326400
      freeram: 23437557760
      sharedram: 38121472
      bufferram: 249118720
      totalswap: 0
      freeswap: 0
      pagesize: 4096
      cpus: 4
      cpus-online: 4
      ticks-per-second: 100

metrics:
    - stressor: cpu
      bogo-ops: 54046
      bogo-ops-per-second-usr-sys-time: 2702.363911
      bogo-ops-per-second-real-time: 2702.288500
      wall-clock-time: 20.000085
      user-time: 19.998528
      system-time: 0.000999
      cpu-usage-per-instance: 99.997209
      max-rss: 3280

...
