---
system-info:
      stress-ng-version: 0.17.08
      run-by: root
      date-yyyy-mm-dd: 2024:06:13
      time-hh-mm-ss: 20:42:29
      epoch-secs: 1718311349
      hostname: ea448d00be7a
      sysname: Linux
      nodename: ea448d00be7a
      release: 6.8.0-1008-aws
      version: '#8-Ubuntu SMP Sat Apr 20 00:46:25 UTC 2024'
      machine: x86_64
      compiler: 'musl-gcc 13.2.1'
      uptime: 151
      totalram: 1081992364032
      freeram: 1074789552128
      sharedram: 117223424
      bufferram: 105746432
      totalswap: 0
      freeswap: 0
      pagesize: 4096
      cpus: 128
      cpus-online: 128
      ticks-per-second: 100

metrics:
    - stressor: cpu
      bogo-ops: 2499033
      bogo-ops-per-second-usr-sys-time: 976.556435
      bogo-ops-per-second-real-time: 124951.170859
      wall-clock-time: 20.000077
      user-time: 2558.992703
      system-time: 0.032983
      cpu-usage-per-instance: 99.961558
      max-rss: 0

...
