---
system-info:
      stress-ng-version: 0.17.08
      run-by: root
      date-yyyy-mm-dd: 2024:06:08
      time-hh-mm-ss: 07:41:23
      epoch-secs: 1717832483
      hostname: ac571fc5de22
      sysname: Linux
      nodename: ac571fc5de22
      release: 6.8.0-1008-aws
      version: '#8-Ubuntu SMP Sat Apr 20 00:46:25 UTC 2024'
      machine: x86_64
      compiler: 'musl-gcc 13.2.1'
      uptime: 110
      totalram: 1081992376320
      freeram: 1074801897472
      sharedram: 117223424
      bufferram: 97701888
      totalswap: 0
      freeswap: 0
      pagesize: 4096
      cpus: 128
      cpus-online: 128
      ticks-per-second: 100

metrics:
    - stressor: cpu
      bogo-ops: 1559099
      bogo-ops-per-second-usr-sys-time: 1218.932005
      bogo-ops-per-second-real-time: 155887.393798
      wall-clock-time: 10.001444
      user-time: 1278.894776
      system-time: 0.174929
      cpu-usage-per-instance: 99.912896
      max-rss: 3072

...
