BaselineInfo:
  WebDBID: -1
  TimeStamp: 20241111002835
Version:
  Major: 11
  Minor: 0
  Build: 1002
  SpecialBuildName: ""
  ptArchitecture: x86_64_linux
Results:
  Results Complete: true
  NumTestProcesses: 192
  CPU_INTEGER_MATH: 818923.27733333362
  CPU_FLOATINGPOINT_MATH: 434975.44556357228
  CPU_PRIME: 990.04678852629877
  CPU_SORTING: 337478.61356278457
  CPU_ENCRYPTION: 193116.40129304631
  CPU_COMPRESSION: 2608148.3845461472
  CPU_SINGLETHREAD: 2643.9020903024907
  CPU_PHYSICS: 14964.399125490547
  CPU_MATRIX_MULT_SSE: 133784.66487871285
  CPU_mm: 16634.448521066897
  CPU_sse: 68281.107760581086
  CPU_fma: 181894.97194469077
  CPU_avx: 151177.91493086659
  CPU_avx512: 0
  m_CPU_enc_SHA: 282644523477.2475
  m_CPU_enc_AES: 183010587509.92572
  m_CPU_enc_ECDSA: 141836559819.59851
  ME_ALLOC_S: 29517.061423383584
  ME_READ_S: 26363.265820312499
  ME_READ_L: 16755.220703125
  ME_WRITE: 17249.166015625
  ME_LARGE: 728048
  ME_LATENCY: 68.160821029994409
  ME_THREADED: 262534.11193847656
  SUMM_CPU: 109870.16282483771
  SUMM_ME: 2806.308370471249
SystemInformation:
  OSName: Ubuntu 24.04.1 LTS
  Kernel: 6.8.0-1016-aws
  Device: ""
  Processor: AMD EPYC 7R13 Processor
  NumSockets: 2
  Manufacturer: AuthenticAMD
  NumCores: 96
  NumLogicals: 192
  CPUFrequency: 0
  Memory: 745673
  MemModuleInfo:
    iNumMemSticks: 2
    DIMM 1:
      manufacturer: Not Specified
      modulePartNo: Not Specified
      memType: DDR4
      size: 384
      clkspeed: 1600
      moduleVoltage: 0
    DIMM 2:
      manufacturer: Not Specified
      modulePartNo: Not Specified
      memType: DDR4
      size: 384
      clkspeed: 1600
      moduleVoltage: 0
Checksum: 05DB791D4171657C7C72BB748689A7E4C5AE0564