---
system-info:
      stress-ng-version: 0.17.08
      run-by: root
      date-yyyy-mm-dd: 2024:06:13
      time-hh-mm-ss: 10:41:49
      epoch-secs: 1718275309
      hostname: f90e36f21fb5
      sysname: Linux
      nodename: f90e36f21fb5
      release: 6.8.0-1008-aws
      version: '#8-Ubuntu SMP Sat Apr 20 00:46:25 UTC 2024'
      machine: x86_64
      compiler: 'musl-gcc 13.2.1'
      uptime: 164
      totalram: 132207259648
      freeram: 127683719168
      sharedram: 37961728
      bufferram: 107212800
      totalswap: 0
      freeswap: 0
      pagesize: 4096
      cpus: 32
      cpus-online: 32
      ticks-per-second: 100

metrics:
    - stressor: cpu
      bogo-ops: 25670
      bogo-ops-per-second-usr-sys-time: 1283.517841
      bogo-ops-per-second-real-time: 1283.493849
      wall-clock-time: 20.000096
      user-time: 19.998723
      system-time: 0.000999
      cpu-usage-per-instance: 99.998131
      max-rss: 1032

...
