---
system-info:
      stress-ng-version: 0.17.08
      run-by: root
      date-yyyy-mm-dd: 2024:06:07
      time-hh-mm-ss: 18:29:06
      epoch-secs: 1717784946
      hostname: af06a68dbc16
      sysname: Linux
      nodename: af06a68dbc16
      release: 6.8.0-1008-aws
      version: '#8-Ubuntu SMP Sat Apr 20 00:46:25 UTC 2024'
      machine: x86_64
      compiler: 'musl-gcc 13.2.1'
      uptime: 125
      totalram: 133616570368
      freeram: 129153372160
      sharedram: 40845312
      bufferram: 93954048
      totalswap: 0
      freeswap: 0
      pagesize: 4096
      cpus: 32
      cpus-online: 32
      ticks-per-second: 100

metrics:
    - stressor: cpu
      bogo-ops: 13909
      bogo-ops-per-second-usr-sys-time: 1390.571130
      bogo-ops-per-second-real-time: 1390.568960
      wall-clock-time: 10.002381
      user-time: 10.001366
      system-time: 0.000999
      cpu-usage-per-instance: 99.999844
      max-rss: 3848

...
