BaselineInfo:
  WebDBID: -1
  TimeStamp: 20241109114423
Version:
  Major: 11
  Minor: 0
  Build: 1002
  SpecialBuildName: ""
  ptArchitecture: x86_64_linux
Results:
  Results Complete: true
  NumTestProcesses: 48
  CPU_INTEGER_MATH: 149436.91866666664
  CPU_FLOATINGPOINT_MATH: 80198.444083375289
  CPU_PRIME: 225.07187238160913
  CPU_SORTING: 76243.366937125335
  CPU_ENCRYPTION: 20508.120027846897
  CPU_COMPRESSION: 650989.19576301763
  CPU_SINGLETHREAD: 2026.8525625883615
  CPU_PHYSICS: 4079.2152060564472
  CPU_MATRIX_MULT_SSE: 43223.308852411647
  CPU_mm: 4542.3243076240133
  CPU_sse: 16347.245253232741
  CPU_fma: 52499.414168346448
  CPU_avx: 36849.245099365886
  CPU_avx512: 67197.330888701457
  m_CPU_enc_SHA: 6755799072.2450228
  m_CPU_enc_AES: 51699372504.50605
  m_CPU_enc_ECDSA: 6057795822.2077217
  ME_ALLOC_S: 17152.509788343472
  ME_READ_S: 24233.248828125001
  ME_READ_L: 11670.8505859375
  ME_WRITE: 10618.443359375
  ME_LARGE: 375463.91666666669
  ME_LATENCY: 48.56964583306317
  ME_THREADED: 145739.60461425781
  SUMM_CPU: 38710.301511351652
  SUMM_ME: 2857.5288992747232
SystemInformation:
  OSName: Ubuntu 24.04.1 LTS
  Kernel: 6.8.0-1017-azure
  Device: ""
  Processor: Intel Xeon Platinum 8272CL CPU @ 2.60GHz
  NumSockets: 2
  Manufacturer: GenuineIntel
  NumCores: 24
  NumLogicals: 48
  CPUFrequency: 0
  Memory: 386939
  MemModuleInfo:
    iNumMemSticks: 4
    DIMM 1:
      manufacturer: Microsoft Corporation
      modulePartNo: None
      memType: Unknown
      size: 1
      clkspeed: 0
      moduleVoltage: 0
    DIMM 2:
      manufacturer: Microsoft Corporation
      modulePartNo: None
      memType: Unknown
      size: 60928
      clkspeed: 0
      moduleVoltage: 0
    DIMM 3:
      manufacturer: Microsoft Corporation
      modulePartNo: None
      memType: Unknown
      size: 134656
      clkspeed: 0
      moduleVoltage: 0
    DIMM 4:
      manufacturer: Microsoft Corporation
      modulePartNo: None
      memType: Unknown
      size: 192
      clkspeed: 0
      moduleVoltage: 0
Checksum: 04BE8F24567269D147D9AF4F131195B2735B1E59