---
system-info:
      stress-ng-version: 0.17.08
      run-by: root
      date-yyyy-mm-dd: 2024:06:12
      time-hh-mm-ss: 15:08:54
      epoch-secs: 1718204934
      hostname: 10bdc898cdaf
      sysname: Linux
      nodename: 10bdc898cdaf
      release: 6.8.0-1008-aws
      version: '#8-Ubuntu SMP Sat Apr 20 00:46:25 UTC 2024'
      machine: x86_64
      compiler: 'musl-gcc 13.2.1'
      uptime: 199
      totalram: 99083087872
      freeram: 94469410816
      sharedram: 40910848
      bufferram: 113098752
      totalswap: 0
      freeswap: 0
      pagesize: 4096
      cpus: 48
      cpus-online: 48
      ticks-per-second: 100

metrics:
    - stressor: cpu
      bogo-ops: 32508
      bogo-ops-per-second-usr-sys-time: 1625.400325
      bogo-ops-per-second-real-time: 1625.400659
      wall-clock-time: 19.999992
      user-time: 19.998997
      system-time: 0.000999
      cpu-usage-per-instance: 100.000021
      max-rss: 1152

...
