---
system-info:
      stress-ng-version: 0.17.08
      run-by: root
      date-yyyy-mm-dd: 2024:06:12
      time-hh-mm-ss: 18:27:19
      epoch-secs: 1718216839
      hostname: 2647d28e46e8
      sysname: Linux
      nodename: 2647d28e46e8
      release: 6.8.0-1008-aws
      version: '#8-Ubuntu SMP Sat Apr 20 00:46:25 UTC 2024'
      machine: x86_64
      compiler: 'musl-gcc 13.2.1'
      uptime: 158
      totalram: 99083079680
      freeram: 94466068480
      sharedram: 40910848
      bufferram: 112594944
      totalswap: 0
      freeswap: 0
      pagesize: 4096
      cpus: 48
      cpus-online: 48
      ticks-per-second: 100

metrics:
    - stressor: cpu
      bogo-ops: 31187
      bogo-ops-per-second-usr-sys-time: 1559.337291
      bogo-ops-per-second-real-time: 1559.347342
      wall-clock-time: 20.000034
      user-time: 20.000163
      system-time: 0.000000
      cpu-usage-per-instance: 100.000645
      max-rss: 1152

...
