---
system-info:
      stress-ng-version: 0.17.08
      run-by: root
      date-yyyy-mm-dd: 2024:06:05
      time-hh-mm-ss: 14:18:36
      epoch-secs: 1717597116
      hostname: f62c14fe92b0
      sysname: Linux
      nodename: f62c14fe92b0
      release: 6.8.0-1008-aws
      version: '#8-Ubuntu SMP Sat Apr 20 00:46:25 UTC 2024'
      machine: x86_64
      compiler: 'musl-gcc 13.2.1'
      uptime: 126
      totalram: 99083100160
      freeram: 94788141056
      sharedram: 40910848
      bufferram: 77905920
      totalswap: 0
      freeswap: 0
      pagesize: 4096
      cpus: 48
      cpus-online: 48
      ticks-per-second: 100

metrics:
    - stressor: cpu
      bogo-ops: 16532
      bogo-ops-per-second-usr-sys-time: 1652.756400
      bogo-ops-per-second-real-time: 1652.780215
      wall-clock-time: 10.002540
      user-time: 9.999685
      system-time: 0.002999
      cpu-usage-per-instance: 100.001441
      max-rss: 3840

...
