---
system-info:
      stress-ng-version: 0.17.08
      run-by: root
      date-yyyy-mm-dd: 2024:06:04
      time-hh-mm-ss: 22:29:18
      epoch-secs: 1717540158
      hostname: aef788a524d1
      sysname: Linux
      nodename: aef788a524d1
      release: 6.8.0-1008-aws
      version: '#8-Ubuntu SMP Sat Apr 20 00:46:25 UTC 2024'
      machine: x86_64
      compiler: 'musl-gcc 13.2.1'
      uptime: 139
      totalram: 15710007296
      freeram: 11641556992
      sharedram: 27561984
      bufferram: 78032896
      totalswap: 0
      freeswap: 0
      pagesize: 4096
      cpus: 8
      cpus-online: 8
      ticks-per-second: 100

metrics:
    - stressor: cpu
      bogo-ops: 14349
      bogo-ops-per-second-usr-sys-time: 1434.881060
      bogo-ops-per-second-real-time: 1434.850259
      wall-clock-time: 10.000347
      user-time: 9.998132
      system-time: 0.002000
      cpu-usage-per-instance: 99.997853
      max-rss: 3792

...
