---
system-info:
      stress-ng-version: 0.17.08
      run-by: root
      date-yyyy-mm-dd: 2024:06:14
      time-hh-mm-ss: 01:19:52
      epoch-secs: 1718327992
      hostname: a5bb97f629e9
      sysname: Linux
      nodename: a5bb97f629e9
      release: 6.8.0-1008-aws
      version: '#8-Ubuntu SMP Sat Apr 20 00:46:25 UTC 2024'
      machine: x86_64
      compiler: 'musl-gcc 13.2.1'
      uptime: 166
      totalram: 15709986816
      freeram: 11357126656
      sharedram: 27561984
      bufferram: 109432832
      totalswap: 0
      freeswap: 0
      pagesize: 4096
      cpus: 8
      cpus-online: 8
      ticks-per-second: 100

metrics:
    - stressor: cpu
      bogo-ops: 25168
      bogo-ops-per-second-usr-sys-time: 1258.422526
      bogo-ops-per-second-real-time: 1258.395185
      wall-clock-time: 20.000077
      user-time: 19.999642
      system-time: 0.000000
      cpu-usage-per-instance: 99.997827
      max-rss: 1104

...
