---
system-info:
      stress-ng-version: 0.17.08
      run-by: root
      date-yyyy-mm-dd: 2024:09:22
      time-hh-mm-ss: 20:21:41
      epoch-secs: 1727036501
      hostname: sc-runner
      sysname: Linux
      nodename: sc-runner
      release: 6.8.0-1014-azure
      version: '#16-Ubuntu SMP Thu Aug 15 20:04:41 UTC 2024'
      machine: x86_64
      compiler: 'musl-gcc 13.2.1'
      uptime: 377
      totalram: 135171014656
      freeram: 124715294720
      sharedram: 38105088
      bufferram: 259579904
      totalswap: 0
      freeswap: 0
      pagesize: 4096
      cpus: 4
      cpus-online: 4
      ticks-per-second: 100

metrics:
    - stressor: cpu
      bogo-ops: 15433
      bogo-ops-per-second-usr-sys-time: 771.794519
      bogo-ops-per-second-real-time: 771.646790
      wall-clock-time: 20.000083
      user-time: 19.996255
      system-time: 0.000000
      cpu-usage-per-instance: 99.980859
      max-rss: 3152

...
