---
system-info:
      stress-ng-version: 0.17.08
      run-by: root
      date-yyyy-mm-dd: 2024:06:09
      time-hh-mm-ss: 23:56:24
      epoch-secs: 1717977384
      hostname: 6106e6f49edc
      sysname: Linux
      nodename: 6106e6f49edc
      release: 6.8.0-1008-aws
      version: '#8-Ubuntu SMP Sat Apr 20 00:46:25 UTC 2024'
      machine: x86_64
      compiler: 'musl-gcc 13.2.1'
      uptime: 126
      totalram: 16469917696
      freeram: 11892170752
      sharedram: 113504256
      bufferram: 113741824
      totalswap: 0
      freeswap: 0
      pagesize: 4096
      cpus: 2
      cpus-online: 2
      ticks-per-second: 100

metrics:
    - stressor: cpu
      bogo-ops: 18887
      bogo-ops-per-second-usr-sys-time: 1888.777062
      bogo-ops-per-second-real-time: 1888.599813
      wall-clock-time: 10.000530
      user-time: 9.997592
      system-time: 0.002000
      cpu-usage-per-instance: 99.990616
      max-rss: 3920

...
