---
system-info:
      stress-ng-version: 0.17.08
      run-by: root
      date-yyyy-mm-dd: 2024:06:16
      time-hh-mm-ss: 04:40:58
      epoch-secs: 1718512858
      hostname: 51b43694e511
      sysname: Linux
      nodename: 51b43694e511
      release: 6.8.0-1008-aws
      version: '#8-Ubuntu SMP Sat Apr 20 00:46:25 UTC 2024'
      machine: x86_64
      compiler: 'musl-gcc 13.2.1'
      uptime: 139
      totalram: 16469917696
      freeram: 12078669824
      sharedram: 113504256
      bufferram: 110600192
      totalswap: 0
      freeswap: 0
      pagesize: 4096
      cpus: 2
      cpus-online: 2
      ticks-per-second: 100

metrics:
    - stressor: cpu
      bogo-ops: 36869
      bogo-ops-per-second-usr-sys-time: 1843.681290
      bogo-ops-per-second-real-time: 1843.445363
      wall-clock-time: 20.000050
      user-time: 19.996492
      system-time: 0.000999
      cpu-usage-per-instance: 99.987204
      max-rss: 976

...
