---
system-info:
      stress-ng-version: 0.17.08
      run-by: root
      date-yyyy-mm-dd: 2024:06:06
      time-hh-mm-ss: 10:41:39
      epoch-secs: 1717670499
      hostname: 18f93b7733fe
      sysname: Linux
      nodename: 18f93b7733fe
      release: 6.8.0-1008-aws
      version: '#8-Ubuntu SMP Sat Apr 20 00:46:25 UTC 2024'
      machine: x86_64
      compiler: 'musl-gcc 13.2.1'
      uptime: 99
      totalram: 16467767296
      freeram: 12288221184
      sharedram: 59920384
      bufferram: 82493440
      totalswap: 0
      freeswap: 0
      pagesize: 4096
      cpus: 8
      cpus-online: 8
      ticks-per-second: 100

metrics:
    - stressor: cpu
      bogo-ops: 94193
      bogo-ops-per-second-usr-sys-time: 1180.341725
      bogo-ops-per-second-real-time: 9416.775319
      wall-clock-time: 10.002681
      user-time: 79.790483
      system-time: 0.010983
      cpu-usage-per-instance: 99.725096
      max-rss: 4048

...
