---
system-info:
      stress-ng-version: 0.17.08
      run-by: root
      date-yyyy-mm-dd: 2024:06:14
      time-hh-mm-ss: 05:54:42
      epoch-secs: 1718344482
      hostname: bbeb97199a2c
      sysname: Linux
      nodename: bbeb97199a2c
      release: 6.8.0-1008-aws
      version: '#8-Ubuntu SMP Sat Apr 20 00:46:25 UTC 2024'
      machine: x86_64
      compiler: 'musl-gcc 13.2.1'
      uptime: 107
      totalram: 16467771392
      freeram: 12057972736
      sharedram: 59920384
      bufferram: 106823680
      totalswap: 0
      freeswap: 0
      pagesize: 4096
      cpus: 8
      cpus-online: 8
      ticks-per-second: 100

metrics:
    - stressor: cpu
      bogo-ops: 154422
      bogo-ops-per-second-usr-sys-time: 966.624483
      bogo-ops-per-second-real-time: 7721.060445
      wall-clock-time: 20.000102
      user-time: 159.736878
      system-time: 0.016990
      cpu-usage-per-instance: 99.845656
      max-rss: 1104

...
