BaselineInfo:
  WebDBID: -1
  TimeStamp: 20241115124454
Version:
  Major: 11
  Minor: 0
  Build: 1002
  SpecialBuildName: ""
  ptArchitecture: x86_64_linux
Results:
  Results Complete: true
  NumTestProcesses: 1
  CPU_INTEGER_MATH: 5961.8936666666668
  CPU_FLOATINGPOINT_MATH: 5232.2051885108085
  CPU_PRIME: 19.293659497942674
  CPU_SORTING: 3684.4859085848166
  CPU_ENCRYPTION: 1284.7660581206089
  CPU_COMPRESSION: 24756.452842188639
  CPU_SINGLETHREAD: 2672.5607604758488
  CPU_PHYSICS: 342.39397625878706
  CPU_MATRIX_MULT_SSE: 2267.4399403441585
  CPU_mm: 257.86416435921484
  CPU_sse: 1147.4476458095246
  CPU_fma: 3373.8855260310934
  CPU_avx: 2897.3196463953236
  CPU_avx512: 1651.1069431406922
  m_CPU_enc_SHA: 1784577490.58848
  m_CPU_enc_AES: 1128927049.2809725
  m_CPU_enc_ECDSA: 1128020022.6101739
  ME_ALLOC_S: 988.80564904807306
  ME_READ_S: 27408.21875
  ME_READ_L: 26548.61328125
  ME_WRITE: 25985.08984375
  ME_LARGE: 553.16666666666663
  ME_LATENCY: 80.381643716634755
  ME_THREADED: 26130.54296875
  SUMM_CPU: 2670.1553085178953
  SUMM_ME: 962.86855640349381
SystemInformation:
  OSName: Ubuntu 24.04.1 LTS
  Kernel: 6.8.0-1018-aws
  Device: ""
  Processor: AMD EPYC 9R14
  NumSockets: 1
  Manufacturer: AuthenticAMD
  NumCores: 1
  NumLogicals: 1
  CPUFrequency: 0
  Memory: 1889
  MemModuleInfo:
    iNumMemSticks: 1
    DIMM 1:
      manufacturer: Not Specified
      modulePartNo: Not Specified
      memType: DDR5
      size: 2
      clkspeed: 2400
      moduleVoltage: 0
Checksum: 5CB950A6E0DE49F9C7ED372A1C26F7CEA5166BA8