BaselineInfo:
  WebDBID: -1
  TimeStamp: 20241114195908
Version:
  Major: 11
  Minor: 0
  Build: 1002
  SpecialBuildName: ""
  ptArchitecture: x86_64_linux
Results:
  Results Complete: true
  NumTestProcesses: 1
  CPU_INTEGER_MATH: 5956.6396666666669
  CPU_FLOATINGPOINT_MATH: 5262.6224401996487
  CPU_PRIME: 19.260125816094298
  CPU_SORTING: 3629.54388910851
  CPU_ENCRYPTION: 1283.591718531595
  CPU_COMPRESSION: 24755.829273696527
  CPU_SINGLETHREAD: 2677.5407951295292
  CPU_PHYSICS: 344.08409909372961
  CPU_MATRIX_MULT_SSE: 2272.0618990743633
  CPU_mm: 257.62430043028627
  CPU_sse: 1154.9992654204671
  CPU_fma: 3376.3537577407992
  CPU_avx: 2903.3307880800089
  CPU_avx512: 1653.563785056177
  m_CPU_enc_SHA: 1783269996.2281582
  m_CPU_enc_AES: 1130258072.8021326
  m_CPU_enc_ECDSA: 1124302340.5226669
  ME_ALLOC_S: 980.53887502654754
  ME_READ_S: 27393.98828125
  ME_READ_L: 26658.6953125
  ME_WRITE: 25781.4765625
  ME_LARGE: 548.91666666666663
  ME_LATENCY: 78.929848389130441
  ME_THREADED: 26637.240234375
  SUMM_CPU: 2667.081293754768
  SUMM_ME: 962.91244185402081
SystemInformation:
  OSName: Ubuntu 24.04.1 LTS
  Kernel: 6.8.0-1018-aws
  Device: ""
  Processor: AMD EPYC 9R14
  NumSockets: 1
  Manufacturer: AuthenticAMD
  NumCores: 1
  NumLogicals: 1
  CPUFrequency: 0
  Memory: 1889
  MemModuleInfo:
    iNumMemSticks: 1
    DIMM 1:
      manufacturer: Not Specified
      modulePartNo: Not Specified
      memType: DDR5
      size: 2
      clkspeed: 2400
      moduleVoltage: 0
Checksum: BABE622E7A4A8F7ABAD501B5655630AD8ED5F44D