BaselineInfo:
  WebDBID: -1
  TimeStamp: 20241107005138
Version:
  Major: 11
  Minor: 0
  Build: 1002
  SpecialBuildName: ""
  ptArchitecture: x86_64_linux
Results:
  Results Complete: true
  NumTestProcesses: 1
  CPU_INTEGER_MATH: 5943.3863333333329
  CPU_FLOATINGPOINT_MATH: 5252.1936638272055
  CPU_PRIME: 19.297124161805385
  CPU_SORTING: 3640.5925904916321
  CPU_ENCRYPTION: 1285.6824605772642
  CPU_COMPRESSION: 24751.554429343178
  CPU_SINGLETHREAD: 2666.2638140967192
  CPU_PHYSICS: 341.226373696
  CPU_MATRIX_MULT_SSE: 2257.9393667311615
  CPU_mm: 255.65215521045667
  CPU_sse: 1143.225266629071
  CPU_fma: 3365.9305598065525
  CPU_avx: 2874.4457483668075
  CPU_avx512: 1648.1558921222145
  m_CPU_enc_SHA: 1778923936.4733682
  m_CPU_enc_AES: 1128280620.1209233
  m_CPU_enc_ECDSA: 1137202758.7525046
  ME_ALLOC_S: 916.35186341345684
  ME_READ_S: 27233.025781249999
  ME_READ_L: 26238.353515625
  ME_WRITE: 25701.171875
  ME_LARGE: 565.16666666666663
  ME_LATENCY: 81.777950423936986
  ME_THREADED: 26456.875
  SUMM_CPU: 2664.4458735228322
  SUMM_ME: 965.84632085834573
SystemInformation:
  OSName: Ubuntu 24.04.1 LTS
  Kernel: 6.8.0-1016-aws
  Device: ""
  Processor: AMD EPYC 9R14
  NumSockets: 1
  Manufacturer: AuthenticAMD
  NumCores: 1
  NumLogicals: 1
  CPUFrequency: 0
  Memory: 1889
  MemModuleInfo:
    iNumMemSticks: 1
    DIMM 1:
      manufacturer: Not Specified
      modulePartNo: Not Specified
      memType: DDR5
      size: 2
      clkspeed: 2400
      moduleVoltage: 0
Checksum: B2B58EF543BC807D9D54D94894EA345849C688ED