BaselineInfo:
  WebDBID: -1
  TimeStamp: 20260522182109
Version:
  Major: 11
  Minor: 0
  Build: 1004
  SpecialBuildName: ""
  ptArchitecture: x86_64_linux
Results:
  Results Complete: true
  NumTestProcesses: 64
  CPU_INTEGER_MATH: 434580.23166666669
  CPU_FLOATINGPOINT_MATH: 277960.06010921701
  CPU_PRIME: 224.28855970318617
  CPU_SORTING: 156271.48955477867
  CPU_ENCRYPTION: 79456.854876750658
  CPU_COMPRESSION: 1388651.6113399018
  CPU_SINGLETHREAD: 3687.6406557127498
  CPU_PHYSICS: 12924.325326606902
  CPU_MATRIX_MULT_SSE: 118413.02831612116
  CPU_mm: 12095.530440710092
  CPU_sse: 46177.142025074158
  CPU_fma: 143025.47284169239
  CPU_avx: 104708.95591078777
  CPU_avx512: 179740.5424869303
  m_CPU_enc_SHA: 107471407400.90186
  m_CPU_enc_AES: 74776304710.916138
  m_CPU_enc_ECDSA: 67701941065.9132
  ME_ALLOC_S: 30685.245760877311
  ME_READ_S: 32174.9326171875
  ME_READ_L: 27772.720703125
  ME_WRITE: 29310.107421875
  ME_LARGE: 112631.58333333333
  ME_LATENCY: 106.66622319824494
  ME_THREADED: 271158.35009765625
  SUMM_CPU: 89600.480892741674
  SUMM_ME: 2338.0936587876922
SystemInformation:
  OSName: Ubuntu 24.04.4 LTS
  Kernel: 6.8.0-111-generic
  Device: ""
  Processor: "AMD EPYC 9575F 64-Core Processor               "
  NumSockets: 1
  Manufacturer: AuthenticAMD
  NumCores: 64
  NumLogicals: 64
  CPUFrequency: 0
  CPUMaxFrequency: 0
  Memory: 128721
  CPUInfo:
    number: 1
    Family: 15
    Model: 2
    stepping: 1
    features: 395049983
    manufacture: AuthenticAMD
    typestring: "AMD EPYC 9575F 64-Core Processor               "
    iCoresPerPackage: 255
    iThreadsPerPackage: 1
    featuresEx:
      - 395049983
      - 4294586883
      - 802421759
    bHybrid: false
    nPCore: 0
    nLogicalsPerPCore: 0
    nECore: 0
    nLogicalsPerECore: 0
  MemModuleInfo:
    iNumMemSticks: 8
    DIMM 1:
      manufacturer: QEMU
      modulePartNo: Not Specified
      memType: RAM
      size: 16
      clkspeed: 0
      moduleVoltage: 0
    DIMM 2:
      manufacturer: QEMU
      modulePartNo: Not Specified
      memType: RAM
      size: 16
      clkspeed: 0
      moduleVoltage: 0
    DIMM 3:
      manufacturer: QEMU
      modulePartNo: Not Specified
      memType: RAM
      size: 16
      clkspeed: 0
      moduleVoltage: 0
    DIMM 4:
      manufacturer: QEMU
      modulePartNo: Not Specified
      memType: RAM
      size: 16
      clkspeed: 0
      moduleVoltage: 0
    DIMM 5:
      manufacturer: QEMU
      modulePartNo: Not Specified
      memType: RAM
      size: 16
      clkspeed: 0
      moduleVoltage: 0
    DIMM 6:
      manufacturer: QEMU
      modulePartNo: Not Specified
      memType: RAM
      size: 16
      clkspeed: 0
      moduleVoltage: 0
    DIMM 7:
      manufacturer: QEMU
      modulePartNo: Not Specified
      memType: RAM
      size: 16
      clkspeed: 0
      moduleVoltage: 0
    DIMM 8:
      manufacturer: QEMU
      modulePartNo: Not Specified
      memType: RAM
      size: 16
      clkspeed: 0
      moduleVoltage: 0
Checksum: 02574F8BD87F193E03935739D158B9C4FF679054