BaselineInfo:
  WebDBID: -1
  TimeStamp: 20250426201611
Version:
  Major: 11
  Minor: 0
  Build: 1002
  SpecialBuildName: ""
  ptArchitecture: x86_64_linux
Results:
  Results Complete: true
  NumTestProcesses: 64
  CPU_INTEGER_MATH: 305732.83966666658
  CPU_FLOATINGPOINT_MATH: 216501.74825440577
  CPU_PRIME: 620.76488661833059
  CPU_SORTING: 150060.25362899079
  CPU_ENCRYPTION: 67232.735151151268
  CPU_COMPRESSION: 1098762.5484773719
  CPU_SINGLETHREAD: 3178.585800833459
  CPU_PHYSICS: 12647.237164164677
  CPU_MATRIX_MULT_SSE: 82813.800431720825
  CPU_mm: 8400.2631879428227
  CPU_sse: 36004.564389434694
  CPU_fma: 81285.180603487315
  CPU_avx: 71110.031259264244
  CPU_avx512: 142855.42547469711
  m_CPU_enc_SHA: 71144126613.923325
  m_CPU_enc_AES: 92577743291.288788
  m_CPU_enc_ECDSA: 47774027576.348656
  ME_ALLOC_S: 32812.61348209493
  ME_READ_S: 26686.635156249999
  ME_READ_L: 7595.21337890625
  ME_WRITE: 16020.2490234375
  ME_LARGE: 495596.75
  ME_LATENCY: 45.960312069994025
  ME_THREADED: 306665.310546875
  SUMM_CPU: 78637.663474800313
  SUMM_ME: 2843.9917582478383
SystemInformation:
  OSName: Ubuntu 24.04.2 LTS
  Kernel: 6.8.0-1027-aws
  Device: ""
  Processor: Intel Xeon Platinum 8559C
  NumSockets: 1
  Manufacturer: GenuineIntel
  NumCores: 32
  NumLogicals: 64
  CPUFrequency: 0
  Memory: 507671
  MemModuleInfo:
    iNumMemSticks: 1
    DIMM 1:
      manufacturer: Not Specified
      modulePartNo: Not Specified
      memType: DDR5
      size: 512
      clkspeed: 2800
      moduleVoltage: 0
Checksum: 5BE4AE4CDE0D3B08A325615EEDFEDAED55DFB53A