size_kb,operation,bandwidth_mb_s,latency_ns,latency_stddev_ns,latency_samples,threads,iterations,elapsed_s
32,read,1936749.36,0,0,0,48,636132,0.492680
32,write,1190409.14,0,0,0,48,476190,0.600033
32,copy,1029562.58,0,0,0,48,311720,0.454154
32,latency,0,1.26,0.01,7,1,7,0.182428
128,read,1946402.29,0,0,0,48,136911,0.422043
128,write,1192329.18,0,0,0,48,103391,0.520281
128,copy,1030101.83,0,0,0,48,78125,0.455052
128,latency,0,3.46,0.04,7,1,7,0.537637
1024,read,993476.65,0,0,0,48,16360,0.790436
1024,write,942444.07,0,0,0,48,11710,0.596407
1024,copy,210344.98,0,0,0,48,5504,1.255994
1024,latency,0,6.26,0.13,7,1,7,0.580166
2048,read,378958.97,0,0,0,48,5984,1.515900
2048,write,570710.58,0,0,0,48,4636,0.779828
2048,copy,166036.42,0,0,0,48,1037,0.599579
2048,latency,0,9.34,0.13,7,1,7,0.654359
4096,read,375117.85,0,0,0,48,1847,0.945367
4096,write,287962.07,0,0,0,48,985,0.656753
4096,copy,64197.54,0,0,0,48,449,1.342855
4096,latency,0,17.69,0.07,7,1,7,0.704201
65536,read,143068.91,0,0,0,48,39,0.837415
65536,write,68781.28,0,0,0,48,29,1.295236
65536,copy,43956.38,0,0,0,48,23,1.607412
65536,latency,0,25.50,0.12,7,1,7,1.191726
131072,read,141099.44,0,0,0,48,20,0.870875
131072,write,68014.57,0,0,0,48,14,1.264670
131072,copy,43680.32,0,0,0,48,11,1.547241
131072,latency,0,30.50,0.31,7,1,7,2.795192
262144,read,139301.15,0,0,0,48,10,0.882118
262144,write,67698.73,0,0,0,48,7,1.270570
262144,copy,36694.11,0,0,0,24,5,0.837192
262144,latency,0,75.98,0.57,7,1,7,13.332981
524288,read,112057.50,0,0,0,24,5,0.548290
524288,write,54558.37,0,0,0,24,3,0.675680
524288,copy,38514.29,0,0,0,12,3,0.478576
524288,latency,0,93.26,0.63,7,1,7,32.595182
