---
system-info:
      stress-ng-version: 0.17.08
      run-by: root
      date-yyyy-mm-dd: 2024:06:05
      time-hh-mm-ss: 19:23:12
      epoch-secs: 1717615392
      hostname: f990f273afa6
      sysname: Linux
      nodename: f990f273afa6
      release: 6.8.0-1008-aws
      version: '#8-Ubuntu SMP Sat Apr 20 00:46:25 UTC 2024'
      machine: x86_64
      compiler: 'musl-gcc 13.2.1'
      uptime: 114
      totalram: 8200134656
      freeram: 4158652416
      sharedram: 11649024
      bufferram: 78581760
      totalswap: 0
      freeswap: 0
      pagesize: 4096
      cpus: 4
      cpus-online: 4
      ticks-per-second: 100

metrics:
    - stressor: cpu
      bogo-ops: 45035
      bogo-ops-per-second-usr-sys-time: 1131.559417
      bogo-ops-per-second-real-time: 4502.675804
      wall-clock-time: 10.001830
      user-time: 39.790069
      system-time: 0.008990
      cpu-usage-per-instance: 99.479438
      max-rss: 3920

...
