---
system-info:
      stress-ng-version: 0.17.08
      run-by: root
      date-yyyy-mm-dd: 2024:06:12
      time-hh-mm-ss: 17:40:08
      epoch-secs: 1718214008
      hostname: 7c836fbaeef8
      sysname: Linux
      nodename: 7c836fbaeef8
      release: 6.8.0-1008-aws
      version: '#8-Ubuntu SMP Sat Apr 20 00:46:25 UTC 2024'
      machine: x86_64
      compiler: 'musl-gcc 13.2.1'
      uptime: 124
      totalram: 8200142848
      freeram: 3877191680
      sharedram: 11649024
      bufferram: 110776320
      totalswap: 0
      freeswap: 0
      pagesize: 4096
      cpus: 4
      cpus-online: 4
      ticks-per-second: 100

metrics:
    - stressor: cpu
      bogo-ops: 62845
      bogo-ops-per-second-usr-sys-time: 788.711341
      bogo-ops-per-second-real-time: 3142.246451
      wall-clock-time: 20.000023
      user-time: 79.662622
      system-time: 0.017987
      cpu-usage-per-instance: 99.600649
      max-rss: 1104

...
