---
system-info:
      stress-ng-version: 0.17.08
      run-by: root
      date-yyyy-mm-dd: 2024:06:12
      time-hh-mm-ss: 20:21:38
      epoch-secs: 1718223698
      hostname: c7ff6cc8245a
      sysname: Linux
      nodename: c7ff6cc8245a
      release: 6.8.0-1008-aws
      version: '#8-Ubuntu SMP Sat Apr 20 00:46:25 UTC 2024'
      machine: x86_64
      compiler: 'musl-gcc 13.2.1'
      uptime: 120
      totalram: 8200126464
      freeram: 3889770496
      sharedram: 11649024
      bufferram: 110727168
      totalswap: 0
      freeswap: 0
      pagesize: 4096
      cpus: 4
      cpus-online: 4
      ticks-per-second: 100

metrics:
    - stressor: cpu
      bogo-ops: 30528
      bogo-ops-per-second-usr-sys-time: 383.106393
      bogo-ops-per-second-real-time: 1526.386098
      wall-clock-time: 20.000182
      user-time: 79.667456
      system-time: 0.017980
      cpu-usage-per-instance: 99.605888
      max-rss: 976

...
