---
system-info:
      stress-ng-version: 0.17.08
      run-by: root
      date-yyyy-mm-dd: 2024:09:16
      time-hh-mm-ss: 16:12:45
      epoch-secs: 1726503165
      hostname: sc-runner
      sysname: Linux
      nodename: sc-runner
      release: 6.8.0-1014-azure
      version: '#16-Ubuntu SMP Thu Aug 15 20:04:41 UTC 2024'
      machine: x86_64
      compiler: 'musl-gcc 13.2.1'
      uptime: 313
      totalram: 67422384128
      freeram: 57156657152
      sharedram: 54931456
      bufferram: 240640000
      totalswap: 0
      freeswap: 0
      pagesize: 4096
      cpus: 8
      cpus-online: 8
      ticks-per-second: 100

metrics:
    - stressor: cpu
      bogo-ops: 37973
      bogo-ops-per-second-usr-sys-time: 1898.764306
      bogo-ops-per-second-real-time: 1898.638570
      wall-clock-time: 20.000120
      user-time: 19.995797
      system-time: 0.002999
      cpu-usage-per-instance: 99.993378
      max-rss: 3152

...
