BaselineInfo:
  WebDBID: -1
  TimeStamp: 20241107192807
Version:
  Major: 11
  Minor: 0
  Build: 1002
  SpecialBuildName: ""
  ptArchitecture: x86_64_linux
Results:
  Results Complete: true
  NumTestProcesses: 4
  CPU_INTEGER_MATH: 16681.449999999997
  CPU_FLOATINGPOINT_MATH: 8541.3252845369352
  CPU_PRIME: 36.603005979327079
  CPU_SORTING: 8778.2139612748615
  CPU_ENCRYPTION: 3636.75789754888
  CPU_COMPRESSION: 64799.98066144545
  CPU_SINGLETHREAD: 2362.7692128059116
  CPU_PHYSICS: 737.23237555834601
  CPU_MATRIX_MULT_SSE: 3502.2833069425019
  CPU_mm: 360.26565928605049
  CPU_sse: 1570.5502841034872
  CPU_fma: 4358.6326716691237
  CPU_avx: 3215.3242691583569
  CPU_avx512: 4864.6260028390388
  m_CPU_enc_SHA: 3662363674.9669843
  m_CPU_enc_AES: 5508853973.4364681
  m_CPU_enc_ECDSA: 2269033499.1371899
  ME_ALLOC_S: 2019.4903607802648
  ME_READ_S: 24036.7978515625
  ME_READ_L: 11867.2265625
  ME_WRITE: 10494.947265625
  ME_LARGE: 21711.166666666668
  ME_LATENCY: 61.875701936067308
  ME_THREADED: 30113.603515625
  SUMM_CPU: 5915.8706695235078
  SUMM_ME: 2183.5586192127666
SystemInformation:
  OSName: Ubuntu 24.04.1 LTS
  Kernel: 6.8.0-1016-aws
  Device: ""
  Processor: Intel Xeon Platinum 8375C CPU @ 2.90GHz
  NumSockets: 1
  Manufacturer: GenuineIntel
  NumCores: 2
  NumLogicals: 4
  CPUFrequency: 0
  Memory: 31558
  MemModuleInfo:
    iNumMemSticks: 1
    DIMM 1:
      manufacturer: Not Specified
      modulePartNo: Not Specified
      memType: DDR4
      size: 32
      clkspeed: 1600
      moduleVoltage: 0
Checksum: 464201E3D0B33160864273203D43A306D13BBD30