---
system-info:
      stress-ng-version: 0.17.08
      run-by: root
      date-yyyy-mm-dd: 2024:07:03
      time-hh-mm-ss: 06:52:01
      epoch-secs: 1719989521
      hostname: n2d-highmem-96-c2a7bee
      sysname: Linux
      nodename: n2d-highmem-96-c2a7bee
      release: 6.8.0-1009-gcp
      version: '#10-Ubuntu SMP Wed Jun 12 18:52:23 UTC 2024'
      machine: x86_64
      compiler: 'musl-gcc 13.2.1'
      uptime: 198
      totalram: 811591806976
      freeram: 804852035584
      sharedram: 68898816
      bufferram: 132063232
      totalswap: 0
      freeswap: 0
      pagesize: 4096
      cpus: 96
      cpus-online: 96
      ticks-per-second: 100

metrics:
    - stressor: cpu
      bogo-ops: 56897
      bogo-ops-per-second-usr-sys-time: 2844.825392
      bogo-ops-per-second-real-time: 2844.839521
      wall-clock-time: 20.000074
      user-time: 20.000173
      system-time: 0.000000
      cpu-usage-per-instance: 100.000497
      max-rss: 768

...
