---
system-info:
      stress-ng-version: 0.17.08
      run-by: root
      date-yyyy-mm-dd: 2024:07:12
      time-hh-mm-ss: 15:43:30
      epoch-secs: 1720799010
      hostname: ip-172-31-6-54
      sysname: Linux
      nodename: ip-172-31-6-54
      release: 6.8.0-1010-aws
      version: '#10-Ubuntu SMP Thu Jun 13 17:36:15 UTC 2024'
      machine: x86_64
      compiler: 'musl-gcc 13.2.1'
      uptime: 226
      totalram: 803034415104
      freeram: 792958853120
      sharedram: 38625280
      bufferram: 133029888
      totalswap: 0
      freeswap: 0
      pagesize: 4096
      cpus: 192
      cpus-online: 192
      ticks-per-second: 100

metrics:
    - stressor: cpu
      bogo-ops: 1470919
      bogo-ops-per-second-usr-sys-time: 383.503879
      bogo-ops-per-second-real-time: 73545.258084
      wall-clock-time: 20.000188
      user-time: 3835.387655
      system-time: 0.085939
      cpu-usage-per-instance: 99.881185
      max-rss: 0

...
