BaselineInfo:
  WebDBID: -1
  TimeStamp: 20241107182306
Version:
  Major: 11
  Minor: 0
  Build: 1002
  SpecialBuildName: ""
  ptArchitecture: x86_64_linux
Results:
  Results Complete: true
  NumTestProcesses: 8
  CPU_INTEGER_MATH: 26326.941999999999
  CPU_FLOATINGPOINT_MATH: 15692.737155037277
  CPU_PRIME: 39.962817279855557
  CPU_SORTING: 15751.679066839095
  CPU_ENCRYPTION: 8424.2172206533633
  CPU_COMPRESSION: 118638.30111066658
  CPU_SINGLETHREAD: 2102.2833229468833
  CPU_PHYSICS: 846.10398241647988
  CPU_MATRIX_MULT_SSE: 6894.6800928313942
  CPU_mm: 798.45457634676757
  CPU_sse: 3189.3000110326157
  CPU_fma: 10018.277974224067
  CPU_avx: 7476.4622932375023
  CPU_avx512: 0
  m_CPU_enc_SHA: 11902691931.406094
  m_CPU_enc_AES: 8156928874.8786001
  m_CPU_enc_ECDSA: 6440675182.8067684
  ME_ALLOC_S: 2710.4129093789879
  ME_READ_S: 24576.9013671875
  ME_READ_L: 12234.60546875
  ME_WRITE: 10207.0048828125
  ME_LARGE: 54249.5
  ME_LATENCY: 52.56616498134391
  ME_THREADED: 26428.81005859375
  SUMM_CPU: 10122.733741506137
  SUMM_ME: 2396.7947097267665
SystemInformation:
  OSName: Ubuntu 24.04.1 LTS
  Kernel: 6.8.0-1017-azure
  Device: ""
  Processor: AMD EPYC 7452 32-Core Processor
  NumSockets: 1
  Manufacturer: AuthenticAMD
  NumCores: 4
  NumLogicals: 8
  CPUFrequency: 0
  Memory: 64299
  MemModuleInfo:
    iNumMemSticks: 3
    DIMM 1:
      manufacturer: Microsoft Corporation
      modulePartNo: None
      memType: Unknown
      size: 1
      clkspeed: 0
      moduleVoltage: 0
    DIMM 2:
      manufacturer: Microsoft Corporation
      modulePartNo: None
      memType: Unknown
      size: 60928
      clkspeed: 0
      moduleVoltage: 0
    DIMM 3:
      manufacturer: Microsoft Corporation
      modulePartNo: None
      memType: Unknown
      size: 3584
      clkspeed: 0
      moduleVoltage: 0
Checksum: 36DF4C9C0AFEE0C19529F91DA5EE0BC7082EA7A2