BaselineInfo:
  WebDBID: -1
  TimeStamp: 20241109104905
Version:
  Major: 11
  Minor: 0
  Build: 1002
  SpecialBuildName: ""
  ptArchitecture: x86_64_linux
Results:
  Results Complete: true
  NumTestProcesses: 32
  CPU_INTEGER_MATH: 73222.205333333332
  CPU_FLOATINGPOINT_MATH: 39318.590933189698
  CPU_PRIME: 117.37690902461533
  CPU_SORTING: 37863.649155445819
  CPU_ENCRYPTION: 10059.852124897043
  CPU_COMPRESSION: 319367.1427547136
  CPU_SINGLETHREAD: 1489.3737374834236
  CPU_PHYSICS: 2025.0104879862333
  CPU_MATRIX_MULT_SSE: 23366.433863865335
  CPU_mm: 2223.9930078576745
  CPU_sse: 8044.1192925104879
  CPU_fma: 27230.059094357202
  CPU_avx: 19245.928845919632
  CPU_avx512: 38945.628222674015
  m_CPU_enc_SHA: 3311375675.4142842
  m_CPU_enc_AES: 25372719056.545017
  m_CPU_enc_ECDSA: 2961463773.1888313
  ME_ALLOC_S: 8766.36263447286
  ME_READ_S: 18241.529882812501
  ME_READ_L: 7893.546875
  ME_WRITE: 7890.83349609375
  ME_LARGE: 246953.75
  ME_LATENCY: 60.139517441497105
  ME_THREADED: 107062.74609375
  SUMM_CPU: 21054.01497884727
  SUMM_ME: 2145.8550874020843
SystemInformation:
  OSName: Ubuntu 24.04.1 LTS
  Kernel: 6.8.0-1017-azure
  Device: ""
  Processor: Intel Xeon Platinum 8280M CPU @ 2.70GHz
  NumSockets: 1
  Manufacturer: GenuineIntel
  NumCores: 16
  NumLogicals: 32
  CPUFrequency: 0
  Memory: 257731
  MemModuleInfo:
    iNumMemSticks: 3
    DIMM 1:
      manufacturer: Microsoft Corporation
      modulePartNo: None
      memType: Unknown
      size: 1
      clkspeed: 0
      moduleVoltage: 0
    DIMM 2:
      manufacturer: Microsoft Corporation
      modulePartNo: None
      memType: Unknown
      size: 60928
      clkspeed: 0
      moduleVoltage: 0
    DIMM 3:
      manufacturer: Microsoft Corporation
      modulePartNo: None
      memType: Unknown
      size: 200192
      clkspeed: 0
      moduleVoltage: 0
Checksum: 30039B6E8BEBB6B4A176AB64A834D44C938751A2