BaselineInfo:
  WebDBID: -1
  TimeStamp: 20241111093829
Version:
  Major: 11
  Minor: 0
  Build: 1002
  SpecialBuildName: ""
  ptArchitecture: aarch64_linux
Results:
  Results Complete: true
  NumTestProcesses: 1
  CPU_INTEGER_MATH: 3884.9780000000001
  CPU_FLOATINGPOINT_MATH: 2891.5315306080483
  CPU_PRIME: 8.493934161541997
  CPU_SORTING: 2786.3357252266869
  CPU_ENCRYPTION: 132.73623021328865
  CPU_COMPRESSION: 4115.3758029858736
  CPU_SINGLETHREAD: 1000.2481566177662
  CPU_PHYSICS: 176.6720663959874
  CPU_MATRIX_MULT_SSE: 612.92147584368809
  CPU_mm: 102.86263782124003
  CPU_sse: 510.86329667178626
  CPU_fma: 714.97965501558997
  CPU_avx: 0
  CPU_avx512: 0
  m_CPU_enc_SHA: 202067650.49947572
  m_CPU_enc_AES: 93083485.027383074
  m_CPU_enc_ECDSA: 122400940.46952927
  ME_ALLOC_S: 640.67934216996491
  ME_READ_S: 9322.5250976562493
  ME_READ_L: 9001.1630859375
  ME_WRITE: 12361.181640625
  ME_LARGE: 556
  ME_LATENCY: 72.385948713823936
  ME_THREADED: 9039.80078125
  SUMM_CPU: 659.15411061676616
  SUMM_ME: 747.42924643274728
SystemInformation:
  OSName: Ubuntu 24.04.1 LTS
  Kernel: 6.8.0-1016-aws
  Device: ""
  Processor: ARM Neoverse-N1 1 Core 0 MHz
  NumSockets: 1
  Manufacturer: ARM
  NumCores: 1
  NumLogicals: 1
  CPUFrequency: 0
  Memory: 5784
Checksum: 43F2E590A7A3973DA0D3F7D4B153C8EA6CBFAAFA