BaselineInfo:
  WebDBID: -1
  TimeStamp: 20260403084134
Version:
  Major: 11
  Minor: 0
  Build: 1004
  SpecialBuildName: ""
  ptArchitecture: x86_64_linux
Results:
  Results Complete: true
  NumTestProcesses: 2
  CPU_INTEGER_MATH: 6393.1003333333338
  CPU_FLOATINGPOINT_MATH: 4855.6194324681392
  CPU_PRIME: 22.288370633189878
  CPU_SORTING: 4486.8508564637314
  CPU_ENCRYPTION: 824.20226576734444
  CPU_COMPRESSION: 33842.617099520387
  CPU_SINGLETHREAD: 1688.2725708572773
  CPU_PHYSICS: 362.91414215400141
  CPU_MATRIX_MULT_SSE: 2565.6666708895182
  CPU_mm: 291.99872632154506
  CPU_sse: 1082.4454191537297
  CPU_fma: 3657.7421267738823
  CPU_avx: 2470.0539695210318
  CPU_avx512: 3052.4251681094293
  m_CPU_enc_SHA: 452318346.89900303
  m_CPU_enc_AES: 1742816990.4643331
  m_CPU_enc_ECDSA: 397580807.72444081
  ME_ALLOC_S: 565.00124203674318
  ME_READ_S: 19594.791406249999
  ME_READ_L: 6512.822265625
  ME_WRITE: 7024.439453125
  ME_LARGE: 1039.5833333333333
  ME_LATENCY: 78.650562746469291
  ME_THREADED: 12724.65283203125
  SUMM_CPU: 2677.3419176193079
  SUMM_ME: 974.97869236012968
SystemInformation:
  OSName: Ubuntu 24.04.4 LTS
  Kernel: 6.8.0-106-generic
  Device: ""
  Processor: Intel(R) Xeon(R) Platinum 8163 CPU @ 2.50GHz
  NumSockets: 1
  Manufacturer: GenuineIntel
  NumCores: 1
  NumLogicals: 2
  CPUFrequency: 2500
  CPUMaxFrequency: 3100
  Memory: 3530
  CPUInfo:
    number: 1
    Family: 6
    Model: 5
    stepping: 4
    features: 529267711
    manufacture: GenuineIntel
    typestring: Intel(R) Xeon(R) Platinum 8163 CPU @ 2.50GHz
    iCoresPerPackage: 1
    iThreadsPerPackage: 2
    featuresEx:
      - 529267711
      - 4294586883
      - 739248128
    bHybrid: false
    nPCore: 0
    nLogicalsPerPCore: 0
    nECore: 0
    nLogicalsPerECore: 0
  MemModuleInfo:
    iNumMemSticks: 1
    DIMM 1:
      manufacturer: Alibaba Cloud
      modulePartNo: Not Specified
      memType: RAM
      size: 4
      clkspeed: 0
      moduleVoltage: 0
Checksum: 74275DB4306BC54B6E7C5E389E23501BE002E9CE