---
system-info:
      stress-ng-version: 0.17.08
      run-by: root
      date-yyyy-mm-dd: 2024:06:08
      time-hh-mm-ss: 04:41:05
      epoch-secs: 1717821665
      hostname: 93c993985a17
      sysname: Linux
      nodename: 93c993985a17
      release: 6.8.0-1008-aws
      version: '#8-Ubuntu SMP Sat Apr 20 00:46:25 UTC 2024'
      machine: x86_64
      compiler: 'musl-gcc 13.2.1'
      uptime: 130
      totalram: 16555905024
      freeram: 12291805184
      sharedram: 40730624
      bufferram: 96423936
      totalswap: 0
      freeswap: 0
      pagesize: 4096
      cpus: 2
      cpus-online: 2
      ticks-per-second: 100

metrics:
    - stressor: cpu
      bogo-ops: 20988
      bogo-ops-per-second-usr-sys-time: 1060.973309
      bogo-ops-per-second-real-time: 2098.489777
      wall-clock-time: 10.001478
      user-time: 19.767871
      system-time: 0.013965
      cpu-usage-per-instance: 98.894560
      max-rss: 4176

...
