---
system-info:
      stress-ng-version: 0.17.08
      run-by: root
      date-yyyy-mm-dd: 2024:06:13
      time-hh-mm-ss: 17:41:38
      epoch-secs: 1718300498
      hostname: 8dedb265a5e3
      sysname: Linux
      nodename: 8dedb265a5e3
      release: 6.8.0-1008-aws
      version: '#8-Ubuntu SMP Sat Apr 20 00:46:25 UTC 2024'
      machine: x86_64
      compiler: 'musl-gcc 13.2.1'
      uptime: 172
      totalram: 16555905024
      freeram: 12271104000
      sharedram: 40730624
      bufferram: 105828352
      totalswap: 0
      freeswap: 0
      pagesize: 4096
      cpus: 2
      cpus-online: 2
      ticks-per-second: 100

metrics:
    - stressor: cpu
      bogo-ops: 34562
      bogo-ops-per-second-usr-sys-time: 873.758881
      bogo-ops-per-second-real-time: 1728.091739
      wall-clock-time: 20.000096
      user-time: 39.539575
      system-time: 0.015960
      cpu-usage-per-instance: 98.888365
      max-rss: 1104

...
