---
system-info:
      stress-ng-version: 0.17.08
      run-by: root
      date-yyyy-mm-dd: 2024:07:02
      time-hh-mm-ss: 13:29:40
      epoch-secs: 1719926980
      hostname: c3d-standard-30-5ff2876
      sysname: Linux
      nodename: c3d-standard-30-5ff2876
      release: 6.8.0-1009-gcp
      version: '#10-Ubuntu SMP Wed Jun 12 18:52:23 UTC 2024'
      machine: x86_64
      compiler: 'musl-gcc 13.2.1'
      uptime: 112
      totalram: 126606843904
      freeram: 121350254592
      sharedram: 35192832
      bufferram: 126906368
      totalswap: 0
      freeswap: 0
      pagesize: 4096
      cpus: 30
      cpus-online: 30
      ticks-per-second: 100

metrics:
    - stressor: cpu
      bogo-ops: 861129
      bogo-ops-per-second-usr-sys-time: 1436.321343
      bogo-ops-per-second-real-time: 43056.328560
      wall-clock-time: 20.000056
      user-time: 599.503849
      system-time: 0.033994
      cpu-usage-per-instance: 99.922692
      max-rss: 972

...
