BaselineInfo:
  WebDBID: -1
  TimeStamp: 20241108060124
Version:
  Major: 11
  Minor: 0
  Build: 1002
  SpecialBuildName: ""
  ptArchitecture: x86_64_linux
Results:
  Results Complete: true
  NumTestProcesses: 16
  CPU_INTEGER_MATH: 65791.700333333327
  CPU_FLOATINGPOINT_MATH: 46673.34890907901
  CPU_PRIME: 143.47442069934604
  CPU_SORTING: 33756.038969852045
  CPU_ENCRYPTION: 14638.51791766701
  CPU_COMPRESSION: 242669.59392713662
  CPU_SINGLETHREAD: 2548.6413091466552
  CPU_PHYSICS: 3242.9368611902496
  CPU_MATRIX_MULT_SSE: 18286.5736751525
  CPU_mm: 1864.6117263738549
  CPU_sse: 8097.856595350876
  CPU_fma: 20513.027445398438
  CPU_avx: 15792.48331198634
  CPU_avx512: 28742.927347874356
  m_CPU_enc_SHA: 15359484425.83448
  m_CPU_enc_AES: 19911090567.041904
  m_CPU_enc_ECDSA: 10778220699.230415
  ME_ALLOC_S: 8683.6517767416026
  ME_READ_S: 22315.566015625001
  ME_READ_L: 9556.7607421875
  ME_WRITE: 8984.060546875
  ME_LARGE: 21842
  ME_LATENCY: 59.669256587755513
  ME_THREADED: 105370.916015625
  SUMM_CPU: 23019.021615347734
  SUMM_ME: 2305.3722931531879
SystemInformation:
  OSName: Ubuntu 24.04.1 LTS
  Kernel: 6.8.0-1015-gcp
  Device: ""
  Processor: INTEL XEON PLATINUM 8581C CPU @ 2.30GHz
  NumSockets: 1
  Manufacturer: GenuineIntel
  NumCores: 8
  NumLogicals: 16
  CPUFrequency: 0
  Memory: 32089
  MemModuleInfo:
    iNumMemSticks: 2
    DIMM 1:
      manufacturer: ""
      modulePartNo: ""
      memType: RAM
      size: 16
      clkspeed: 0
      moduleVoltage: 0
    DIMM 2:
      manufacturer: ""
      modulePartNo: ""
      memType: RAM
      size: 16
      clkspeed: 0
      moduleVoltage: 0
Checksum: 544C09D6E3AFE92A411F70088207328218154C57