size_kb,operation,bandwidth_mb_s,latency_ns,latency_stddev_ns,latency_samples,threads,iterations,elapsed_s
32,read,1979081.71,0,0,0,32,542299,0.274015
32,write,1564265.06,0,0,0,32,531914,0.340041
32,copy,1085112.18,0,0,0,32,402576,0.370999
32,latency,0,0.98,0.04,7,1,7,0.144465
128,read,1978783.40,0,0,0,32,206270,0.416963
128,write,1822891.04,0,0,0,32,196540,0.431271
128,copy,1282825.59,0,0,0,32,128667,0.401199
128,latency,0,2.70,0.00,7,1,7,0.669677
512,read,1800863.71,0,0,0,32,60871,0.540816
512,write,1896166.34,0,0,0,32,55469,0.468052
512,copy,858238.51,0,0,0,32,25654,0.478263
512,latency,0,3.70,0.00,7,1,7,0.695923
1024,read,1673734.09,0,0,0,32,24070,0.460193
1024,write,1651707.61,0,0,0,32,24642,0.477411
1024,copy,696378.20,0,0,0,32,8348,0.383608
1024,latency,0,5.40,0.01,7,1,7,0.703934
2048,read,1373311.94,0,0,0,32,9252,0.431168
2048,write,1260693.95,0,0,0,32,9113,0.462628
2048,copy,283452.89,0,0,0,32,3353,0.757064
2048,latency,0,9.80,0.10,7,1,7,0.693625
8192,read,251051.81,0,0,0,32,1137,1.159410
8192,write,200455.63,0,0,0,32,1161,1.482702
8192,copy,59137.18,0,0,0,32,763,3.302964
8192,latency,0,11.48,0.05,7,1,7,0.701061
16384,read,119373.05,0,0,0,32,595,2.552000
16384,write,75947.75,0,0,0,32,629,4.240389
16384,copy,47540.50,0,0,0,32,348,3.747878
16384,latency,0,11.99,0.07,7,1,7,0.675251
32768,read,99580.09,0,0,0,32,317,3.259768
32768,write,66445.38,0,0,0,32,264,4.068545
32768,copy,46556.93,0,0,0,32,174,3.827057
32768,latency,0,14.05,0.43,7,1,7,0.744464
65536,read,99561.56,0,0,0,32,156,3.208949
65536,write,66484.73,0,0,0,32,135,4.158549
65536,copy,45849.71,0,0,0,32,84,3.752084
65536,latency,0,73.07,0.50,7,1,7,3.149954
131072,read,99293.09,0,0,0,32,78,3.217626
131072,write,66494.33,0,0,0,32,60,3.695954
131072,copy,46009.07,0,0,0,32,42,3.739089
131072,latency,0,95.58,0.15,7,1,7,8.238935
