BaselineInfo:
  WebDBID: -1
  TimeStamp: 20260620222321
Version:
  Major: 11
  Minor: 0
  Build: 1004
  SpecialBuildName: ""
  ptArchitecture: x86_64_linux
Results:
  Results Complete: true
  NumTestProcesses: 96
  CPU_INTEGER_MATH: 619948.99600000039
  CPU_FLOATINGPOINT_MATH: 362009.43733980268
  CPU_PRIME: 820.39363774810079
  CPU_SORTING: 246750.37636994763
  CPU_ENCRYPTION: 116019.29975859186
  CPU_COMPRESSION: 1897025.770285368
  CPU_SINGLETHREAD: 3840.9079336746695
  CPU_PHYSICS: 15684.361548717763
  CPU_MATRIX_MULT_SSE: 133576.33859772261
  CPU_mm: 13804.570574441726
  CPU_sse: 52716.065561895797
  CPU_fma: 146172.93432260677
  CPU_avx: 141977.24762353665
  CPU_avx512: 193439.10688285157
  m_CPU_enc_SHA: 150563086262.59891
  m_CPU_enc_AES: 120357711894.18007
  m_CPU_enc_ECDSA: 94044361634.216812
  ME_ALLOC_S: 39217.762979550855
  ME_READ_S: 33983.536914062497
  ME_READ_L: 30993.0859375
  ME_WRITE: 30624.34765625
  ME_LARGE: 375754.41666666669
  ME_LATENCY: 78.641965968343598
  ME_THREADED: 340041.1875
  SUMM_CPU: 117071.49438954587
  SUMM_ME: 2985.7223462132242
SystemInformation:
  OSName: Ubuntu 24.04.4 LTS
  Kernel: 6.17.0-1018-azure
  Device: ""
  Processor: "AMD EPYC 9V45 96-Core Processor                "
  NumSockets: 1
  Manufacturer: AuthenticAMD
  NumCores: 48
  NumLogicals: 96
  CPUFrequency: 0
  CPUMaxFrequency: 0
  Memory: 386922
  CPUInfo:
    number: 1
    Family: 15
    Model: 2
    stepping: 1
    features: 395049983
    manufacture: AuthenticAMD
    typestring: "AMD EPYC 9V45 96-Core Processor                "
    iCoresPerPackage: 64
    iThreadsPerPackage: 2
    featuresEx:
      - 395049983
      - 4277809667
      - 802421759
    bHybrid: false
    nPCore: 0
    nLogicalsPerPCore: 0
    nECore: 0
    nLogicalsPerECore: 0
  MemModuleInfo:
    iNumMemSticks: 4
    DIMM 1:
      manufacturer: Microsoft Corporation
      modulePartNo: None
      memType: Unknown
      size: 1
      clkspeed: 0
      moduleVoltage: 0
    DIMM 2:
      manufacturer: Microsoft Corporation
      modulePartNo: None
      memType: Unknown
      size: 59
      clkspeed: 0
      moduleVoltage: 0
    DIMM 3:
      manufacturer: Microsoft Corporation
      modulePartNo: None
      memType: Unknown
      size: 132
      clkspeed: 0
      moduleVoltage: 0
    DIMM 4:
      manufacturer: Microsoft Corporation
      modulePartNo: None
      memType: Unknown
      size: 192
      clkspeed: 0
      moduleVoltage: 0
Checksum: B31E10A40038D7B8FB0605E146185162EAC07F57