---
system-info:
      stress-ng-version: 0.17.08
      run-by: root
      date-yyyy-mm-dd: 2024:09:03
      time-hh-mm-ss: 18:40:02
      epoch-secs: 1725388802
      hostname: sc-runner
      sysname: Linux
      nodename: sc-runner
      release: 6.8.0-1013-azure
      version: '#15-Ubuntu SMP Thu Aug  8 18:40:40 UTC 2024'
      machine: x86_64
      compiler: 'musl-gcc 13.2.1'
      uptime: 347
      totalram: 67422384128
      freeram: 58682863616
      sharedram: 54923264
      bufferram: 226291712
      totalswap: 0
      freeswap: 0
      pagesize: 4096
      cpus: 8
      cpus-online: 8
      ticks-per-second: 100

metrics:
    - stressor: cpu
      bogo-ops: 37986
      bogo-ops-per-second-usr-sys-time: 1899.418144
      bogo-ops-per-second-real-time: 1899.293887
      wall-clock-time: 20.000064
      user-time: 19.998756
      system-time: 0.000000
      cpu-usage-per-instance: 99.993458
      max-rss: 3152

...
