---
system-info:
      stress-ng-version: 0.17.08
      run-by: root
      date-yyyy-mm-dd: 2024:09:16
      time-hh-mm-ss: 17:37:03
      epoch-secs: 1726508223
      hostname: sc-runner
      sysname: Linux
      nodename: sc-runner
      release: 6.8.0-1014-azure
      version: '#16-Ubuntu SMP Thu Aug 15 20:04:41 UTC 2024'
      machine: x86_64
      compiler: 'musl-gcc 13.2.1'
      uptime: 305
      totalram: 67422384128
      freeram: 57150136320
      sharedram: 54931456
      bufferram: 241827840
      totalswap: 0
      freeswap: 0
      pagesize: 4096
      cpus: 8
      cpus-online: 8
      ticks-per-second: 100

metrics:
    - stressor: cpu
      bogo-ops: 37968
      bogo-ops-per-second-usr-sys-time: 1898.403037
      bogo-ops-per-second-real-time: 1898.397194
      wall-clock-time: 20.000030
      user-time: 19.999968
      system-time: 0.000000
      cpu-usage-per-instance: 99.999692
      max-rss: 976

...
