BaselineInfo:
  WebDBID: -1
  TimeStamp: 20241111105707
Version:
  Major: 11
  Minor: 0
  Build: 1002
  SpecialBuildName: ""
  ptArchitecture: x86_64_linux
Results:
  Results Complete: true
  NumTestProcesses: 24
  CPU_INTEGER_MATH: 63470.023999999998
  CPU_FLOATINGPOINT_MATH: 34110.665297937543
  CPU_PRIME: 102.48529428742737
  CPU_SORTING: 32679.78623266787
  CPU_ENCRYPTION: 8663.236260180809
  CPU_COMPRESSION: 278912.98499235936
  CPU_SINGLETHREAD: 1712.5537726123698
  CPU_PHYSICS: 1945.1160023327211
  CPU_MATRIX_MULT_SSE: 18062.683513456417
  CPU_mm: 1916.5629135636195
  CPU_sse: 6862.9994862326794
  CPU_fma: 21914.142690753681
  CPU_avx: 15497.916136689457
  CPU_avx512: 27975.675740149836
  m_CPU_enc_SHA: 2871011607.2579727
  m_CPU_enc_AES: 21814242500.416325
  m_CPU_enc_ECDSA: 2566930766.591763
  ME_ALLOC_S: 7776.3139325975199
  ME_READ_S: 20669.333203124999
  ME_READ_L: 10575.4775390625
  ME_WRITE: 9968.875
  ME_LARGE: 83259.416666666672
  ME_LATENCY: 51.71270567465654
  ME_THREADED: 100826.17236328125
  SUMM_CPU: 19045.064428729907
  SUMM_ME: 2542.7857874742363
SystemInformation:
  OSName: Ubuntu 24.04.1 LTS
  Kernel: 6.8.0-1015-gcp
  Device: ""
  Processor: Intel Xeon CPU @ 2.20GHz
  NumSockets: 1
  Manufacturer: GenuineIntel
  NumCores: 12
  NumLogicals: 24
  CPUFrequency: 0
  Memory: 96551
  MemModuleInfo:
    iNumMemSticks: 6
    DIMM 1:
      manufacturer: ""
      modulePartNo: ""
      memType: RAM
      size: 16
      clkspeed: 0
      moduleVoltage: 0
    DIMM 2:
      manufacturer: ""
      modulePartNo: ""
      memType: RAM
      size: 16
      clkspeed: 0
      moduleVoltage: 0
    DIMM 3:
      manufacturer: ""
      modulePartNo: ""
      memType: RAM
      size: 16
      clkspeed: 0
      moduleVoltage: 0
    DIMM 4:
      manufacturer: ""
      modulePartNo: ""
      memType: RAM
      size: 16
      clkspeed: 0
      moduleVoltage: 0
    DIMM 5:
      manufacturer: ""
      modulePartNo: ""
      memType: RAM
      size: 16
      clkspeed: 0
      moduleVoltage: 0
    DIMM 6:
      manufacturer: ""
      modulePartNo: ""
      memType: RAM
      size: 16
      clkspeed: 0
      moduleVoltage: 0
Checksum: 0BB0F570CEE5AFD7AA005365F4E5C6C22344DB65