BaselineInfo:
  WebDBID: -1
  TimeStamp: 20251016202134
Version:
  Major: 11
  Minor: 0
  Build: 1002
  SpecialBuildName: ""
  ptArchitecture: x86_64_linux
Results:
  Results Complete: true
  NumTestProcesses: 8
  CPU_INTEGER_MATH: 48016.519
  CPU_FLOATINGPOINT_MATH: 42238.070026197078
  CPU_PRIME: 155.01072509335108
  CPU_SORTING: 30525.386572870288
  CPU_ENCRYPTION: 10379.950028063087
  CPU_COMPRESSION: 209082.84008342016
  CPU_SINGLETHREAD: 2875.1488553542545
  CPU_PHYSICS: 2794.3991497564994
  CPU_MATRIX_MULT_SSE: 19474.627089589798
  CPU_mm: 2072.1050226084726
  CPU_sse: 9044.0790722492566
  CPU_fma: 27071.358283773832
  CPU_avx: 23045.149021241854
  CPU_avx512: 18737.921981094249
  m_CPU_enc_SHA: 14377554085.233215
  m_CPU_enc_AES: 9110770212.0572147
  m_CPU_enc_ECDSA: 9164175144.5884075
  ME_ALLOC_S: 8679.8809107402885
  ME_READ_S: 27583.536523437499
  ME_READ_L: 26933.712890625
  ME_WRITE: 26425.94140625
  ME_LARGE: 6056.5
  ME_LATENCY: 68.061248365868394
  ME_THREADED: 208141.943359375
  SUMM_CPU: 20132.459527498482
  SUMM_ME: 2614.1430713264822
SystemInformation:
  OSName: Ubuntu 24.04.2 LTS
  Kernel: 6.8.0-79-generic
  Device: ""
  Processor: AMD EPYC-Genoa Processor
  NumSockets: 1
  Manufacturer: AuthenticAMD
  NumCores: 8
  NumLogicals: 8
  CPUFrequency: 0
  Memory: 15608
  MemModuleInfo:
    iNumMemSticks: 1
    DIMM 1:
      manufacturer: QEMU
      modulePartNo: Not Specified
      memType: RAM
      size: 16000
      clkspeed: 0
      moduleVoltage: 0
Checksum: FCD42C889CC59D33F2FB4CA6B010B3496105E9BE