BaselineInfo:
  WebDBID: -1
  TimeStamp: 20250417202121
Version:
  Major: 11
  Minor: 0
  Build: 1002
  SpecialBuildName: ""
  ptArchitecture: x86_64_linux
Results:
  Results Complete: true
  NumTestProcesses: 8
  CPU_INTEGER_MATH: 38233.973333333335
  CPU_FLOATINGPOINT_MATH: 27105.242457539935
  CPU_PRIME: 80.447249171439012
  CPU_SORTING: 19190.949047802107
  CPU_ENCRYPTION: 8478.5680400697911
  CPU_COMPRESSION: 139193.4849368913
  CPU_SINGLETHREAD: 2915.9960686190266
  CPU_PHYSICS: 1851.0555612877993
  CPU_MATRIX_MULT_SSE: 11438.898701354787
  CPU_mm: 1074.2759111587363
  CPU_sse: 4689.4081082736502
  CPU_fma: 12972.388509325567
  CPU_avx: 9834.7596730301702
  CPU_avx512: 18259.038514789761
  m_CPU_enc_SHA: 8901283105.3939915
  m_CPU_enc_AES: 11575472369.072693
  m_CPU_enc_ECDSA: 6194513409.0859804
  ME_ALLOC_S: 4102.4620646462299
  ME_READ_S: 26703.7470703125
  ME_READ_L: 6787.61865234375
  ME_WRITE: 6201.4560546875
  ME_LARGE: 119566
  ME_LATENCY: 128.90456951146501
  ME_THREADED: 42657.17041015625
  SUMM_CPU: 14255.303238862698
  SUMM_ME: 1436.1522118540363
SystemInformation:
  OSName: Ubuntu 24.04.2 LTS
  Kernel: 6.8.0-1021-azure
  Device: ""
  Processor: INTEL XEON PLATINUM 8573C
  NumSockets: 1
  Manufacturer: GenuineIntel
  NumCores: 4
  NumLogicals: 8
  CPUFrequency: 2300
  Memory: 128810
  MemModuleInfo:
    iNumMemSticks: 3
    DIMM 1:
      manufacturer: Microsoft Corporation
      modulePartNo: None
      memType: Unknown
      size: 1
      clkspeed: 0
      moduleVoltage: 0
    DIMM 2:
      manufacturer: Microsoft Corporation
      modulePartNo: None
      memType: Unknown
      size: 59
      clkspeed: 0
      moduleVoltage: 0
    DIMM 3:
      manufacturer: Microsoft Corporation
      modulePartNo: None
      memType: Unknown
      size: 68
      clkspeed: 0
      moduleVoltage: 0
Checksum: 46C8BAE09800319F717066226EE3EEB8E67CB5BB