---
system-info:
      stress-ng-version: 0.17.08
      run-by: root
      date-yyyy-mm-dd: 2024:07:12
      time-hh-mm-ss: 05:19:47
      epoch-secs: 1720761587
      hostname: ip-172-31-22-139
      sysname: Linux
      nodename: ip-172-31-22-139
      release: 6.8.0-1010-aws
      version: '#10-Ubuntu SMP Thu Jun 13 17:36:15 UTC 2024'
      machine: x86_64
      compiler: 'musl-gcc 13.2.1'
      uptime: 325
      totalram: 130093330432
      freeram: 122011328512
      sharedram: 37171200
      bufferram: 130977792
      totalswap: 0
      freeswap: 0
      pagesize: 4096
      cpus: 32
      cpus-online: 32
      ticks-per-second: 100

metrics:
    - stressor: cpu
      bogo-ops: 61949
      bogo-ops-per-second-usr-sys-time: 3097.724768
      bogo-ops-per-second-real-time: 3097.445643
      wall-clock-time: 20.000028
      user-time: 19.998226
      system-time: 0.000000
      cpu-usage-per-instance: 99.990989
      max-rss: 1032

...
