---
system-info:
      stress-ng-version: 0.17.08
      run-by: root
      date-yyyy-mm-dd: 2024:07:11
      time-hh-mm-ss: 15:42:45
      epoch-secs: 1720712565
      hostname: ip-172-31-1-13
      sysname: Linux
      nodename: ip-172-31-1-13
      release: 6.8.0-1010-aws
      version: '#10-Ubuntu SMP Thu Jun 13 17:36:15 UTC 2024'
      machine: x86_64
      compiler: 'musl-gcc 13.2.1'
      uptime: 212
      totalram: 32862920704
      freeram: 27383287808
      sharedram: 18120704
      bufferram: 140718080
      totalswap: 0
      freeswap: 0
      pagesize: 4096
      cpus: 8
      cpus-online: 8
      ticks-per-second: 100

metrics:
    - stressor: cpu
      bogo-ops: 61133
      bogo-ops-per-second-usr-sys-time: 382.805449
      bogo-ops-per-second-real-time: 3056.626853
      wall-clock-time: 20.000151
      user-time: 159.684337
      system-time: 0.012972
      cpu-usage-per-instance: 99.810062
      max-rss: 976

...
