---
system-info:
      stress-ng-version: 0.17.08
      run-by: root
      date-yyyy-mm-dd: 2024:06:21
      time-hh-mm-ss: 05:40:02
      epoch-secs: 1718948402
      hostname: 08adf24757e4
      sysname: Linux
      nodename: 08adf24757e4
      release: 6.8.0-1008-gcp
      version: '#9-Ubuntu SMP Wed May 22 18:09:04 UTC 2024'
      machine: x86_64
      compiler: 'musl-gcc 13.2.1'
      uptime: 156
      totalram: 16767361024
      freeram: 11758714880
      sharedram: 27385856
      bufferram: 133652480
      totalswap: 0
      freeswap: 0
      pagesize: 4096
      cpus: 4
      cpus-online: 4
      ticks-per-second: 100

metrics:
    - stressor: cpu
      bogo-ops: 82876
      bogo-ops-per-second-usr-sys-time: 1040.546785
      bogo-ops-per-second-real-time: 4143.781710
      wall-clock-time: 20.000088
      user-time: 79.630599
      system-time: 0.015988
      cpu-usage-per-instance: 99.557794
      max-rss: 1104

...
