---
system-info:
      stress-ng-version: 0.17.08
      run-by: root
      date-yyyy-mm-dd: 2024:06:06
      time-hh-mm-ss: 14:56:09
      epoch-secs: 1717685769
      hostname: 8eee5d454887
      sysname: Linux
      nodename: 8eee5d454887
      release: 6.8.0-1008-aws
      version: '#8-Ubuntu SMP Sat Apr 20 02:43:14 UTC 2024'
      machine: aarch64
      compiler: 'musl-gcc 13.2.1'
      uptime: 116
      totalram: 99418230784
      freeram: 94943334400
      sharedram: 34979840
      bufferram: 83763200
      totalswap: 0
      freeswap: 0
      pagesize: 4096
      cpus: 48
      cpus-online: 48
      ticks-per-second: 100

metrics:
    - stressor: cpu
      bogo-ops: 4267
      bogo-ops-per-second-usr-sys-time: 424.851217
      bogo-ops-per-second-real-time: 424.852330
      wall-clock-time: 10.043490
      user-time: 10.042517
      system-time: 0.000999
      cpu-usage-per-instance: 100.000262
      max-rss: 4224

...
