---
system-info:
      stress-ng-version: 0.17.08
      run-by: root
      date-yyyy-mm-dd: 2024:06:14
      time-hh-mm-ss: 08:56:11
      epoch-secs: 1718355371
      hostname: 2b782198d4c8
      sysname: Linux
      nodename: 2b782198d4c8
      release: 6.8.0-1008-aws
      version: '#8-Ubuntu SMP Sat Apr 20 02:43:14 UTC 2024'
      machine: aarch64
      compiler: 'musl-gcc 13.2.1'
      uptime: 142
      totalram: 99418226688
      freeram: 94819962880
      sharedram: 34979840
      bufferram: 107847680
      totalswap: 0
      freeswap: 0
      pagesize: 4096
      cpus: 48
      cpus-online: 48
      ticks-per-second: 100

metrics:
    - stressor: cpu
      bogo-ops: 30659
      bogo-ops-per-second-usr-sys-time: 1532.927389
      bogo-ops-per-second-real-time: 1532.943074
      wall-clock-time: 20.000090
      user-time: 20.000295
      system-time: 0.000000
      cpu-usage-per-instance: 100.001023
      max-rss: 1152

...
