BaselineInfo:
  WebDBID: -1
  TimeStamp: 20250630183126
Version:
  Major: 11
  Minor: 0
  Build: 1002
  SpecialBuildName: ""
  ptArchitecture: aarch64_linux
Results:
  Results Complete: true
  NumTestProcesses: 4
  CPU_INTEGER_MATH: 20853.268000000004
  CPU_FLOATINGPOINT_MATH: 24224.847429958485
  CPU_PRIME: 69.723724099660856
  CPU_SORTING: 18528.038076037781
  CPU_ENCRYPTION: 750.18575452923449
  CPU_COMPRESSION: 19907.169478435753
  CPU_SINGLETHREAD: 1944.4285205516937
  CPU_PHYSICS: 1369.9631014985487
  CPU_MATRIX_MULT_SSE: 3680.4070798658408
  CPU_mm: 453.06225555858055
  CPU_sse: 2892.2261996695852
  CPU_fma: 4468.5879600620974
  CPU_avx: 0
  CPU_avx512: 0
  m_CPU_enc_SHA: 1174381652.9140499
  m_CPU_enc_AES: 429778378.83063382
  m_CPU_enc_ECDSA: 755720301.479056
  ME_ALLOC_S: 6072.0879895937223
  ME_READ_S: 21203.024218750001
  ME_READ_L: 19874.71484375
  ME_WRITE: 21207.2421875
  ME_LARGE: 1691.8333333333333
  ME_LATENCY: 45.047303282949663
  ME_THREADED: 76458.19140625
  SUMM_CPU: 3603.5707863368002
  SUMM_ME: 2000.4589515393527
SystemInformation:
  OSName: Ubuntu 24.04.2 LTS
  Kernel: 6.8.0-1030-aws
  Device: ""
  Processor: ARM Neoverse-V2 4 Core 0 MHz
  NumSockets: 1
  Manufacturer: ARM
  NumCores: 4
  NumLogicals: 4
  CPUFrequency: 0
  Memory: 7763
Checksum: B56C49EE6887780336C5B9EED9434089E5479850