BaselineInfo:
  WebDBID: -1
  TimeStamp: 20260403224032
Version:
  Major: 11
  Minor: 0
  Build: 1004
  SpecialBuildName: ""
  ptArchitecture: x86_64_linux
Results:
  Results Complete: true
  NumTestProcesses: 2
  CPU_INTEGER_MATH: 4882.2439999999997
  CPU_FLOATINGPOINT_MATH: 2624.1230921025908
  CPU_PRIME: 13.003952335415114
  CPU_SORTING: 3035.5999125076723
  CPU_ENCRYPTION: 673.27783224506015
  CPU_COMPRESSION: 22637.062518465253
  CPU_SINGLETHREAD: 1611.5131672068921
  CPU_PHYSICS: 246.52400348913966
  CPU_MATRIX_MULT_SSE: 1374.5587305865511
  CPU_mm: 148.66274953243044
  CPU_sse: 532.26322287813809
  CPU_fma: 1816.2230012942982
  CPU_avx: 1283.1864578492364
  CPU_avx512: 1866.5622403245311
  m_CPU_enc_SHA: 221215917.17916757
  m_CPU_enc_AES: 1702640667.32162
  m_CPU_enc_ECDSA: 194092344.17180106
  ME_ALLOC_S: 542.48449774844562
  ME_READ_S: 19250.689453125
  ME_READ_L: 6910.1640625
  ME_WRITE: 7446.08935546875
  ME_LARGE: 1190
  ME_LATENCY: 78.5495375808093
  ME_THREADED: 9571.0625
  SUMM_CPU: 1822.2632201333713
  SUMM_ME: 990.15598117769673
SystemInformation:
  OSName: Ubuntu 24.04.4 LTS
  Kernel: 6.8.0-106-generic
  Device: ""
  Processor: Intel(R) Xeon(R) Platinum 8163 CPU @ 2.50GHz
  NumSockets: 1
  Manufacturer: GenuineIntel
  NumCores: 1
  NumLogicals: 2
  CPUFrequency: 2500
  CPUMaxFrequency: 3100
  Memory: 7556
  CPUInfo:
    number: 1
    Family: 6
    Model: 5
    stepping: 4
    features: 529267711
    manufacture: GenuineIntel
    typestring: Intel(R) Xeon(R) Platinum 8163 CPU @ 2.50GHz
    iCoresPerPackage: 1
    iThreadsPerPackage: 2
    featuresEx:
      - 529267711
      - 4294586883
      - 739248128
    bHybrid: false
    nPCore: 0
    nLogicalsPerPCore: 0
    nECore: 0
    nLogicalsPerECore: 0
  MemModuleInfo:
    iNumMemSticks: 1
    DIMM 1:
      manufacturer: Alibaba Cloud
      modulePartNo: Not Specified
      memType: RAM
      size: 8
      clkspeed: 0
      moduleVoltage: 0
Checksum: 420683E285EFC566DE1AB674AE3CD27572FE149F