---
system-info:
      stress-ng-version: 0.17.08
      run-by: root
      date-yyyy-mm-dd: 2024:07:09
      time-hh-mm-ss: 18:42:29
      epoch-secs: 1720550549
      hostname: ip-172-31-22-252
      sysname: Linux
      nodename: ip-172-31-22-252
      release: 6.8.0-1009-aws
      version: '#9-Ubuntu SMP Fri May 17 20:15:49 UTC 2024'
      machine: aarch64
      compiler: 'musl-gcc 13.2.1'
      uptime: 149
      totalram: 531280109568
      freeram: 525554290688
      sharedram: 39600128
      bufferram: 134721536
      totalswap: 0
      freeswap: 0
      pagesize: 4096
      cpus: 64
      cpus-online: 64
      ticks-per-second: 100

metrics:
    - stressor: cpu
      bogo-ops: 34134
      bogo-ops-per-second-usr-sys-time: 1706.648801
      bogo-ops-per-second-real-time: 1706.694446
      wall-clock-time: 20.000065
      user-time: 20.000600
      system-time: 0.000000
      cpu-usage-per-instance: 100.002675
      max-rss: 1024

...
