BaselineInfo:
  WebDBID: -1
  TimeStamp: 20241125191727
Version:
  Major: 11
  Minor: 0
  Build: 1002
  SpecialBuildName: ""
  ptArchitecture: x86_64_linux
Results:
  Results Complete: true
  NumTestProcesses: 16
  CPU_INTEGER_MATH: 76017.617333333343
  CPU_FLOATINGPOINT_MATH: 42527.038568323893
  CPU_PRIME: 122.76537987721593
  CPU_SORTING: 45179.539114272768
  CPU_ENCRYPTION: 19295.579898076543
  CPU_COMPRESSION: 309330.74270821968
  CPU_SINGLETHREAD: 2905.5390578981132
  CPU_PHYSICS: 2329.5643254125239
  CPU_MATRIX_MULT_SSE: 21900.176064759209
  CPU_mm: 2032.2348187872742
  CPU_sse: 9005.1667215236412
  CPU_fma: 28110.524965719927
  CPU_avx: 23132.594320458549
  CPU_avx512: 27352.41825133473
  m_CPU_enc_SHA: 26987020964.534409
  m_CPU_enc_AES: 18314947234.396233
  m_CPU_enc_ECDSA: 15396677762.685883
  ME_ALLOC_S: 7637.5372109702175
  ME_READ_S: 27874.457617187501
  ME_READ_L: 27526.75
  ME_WRITE: 26796.265625
  ME_LARGE: 117731.33333333333
  ME_LATENCY: 77.593209652383976
  ME_THREADED: 37862.83349609375
  SUMM_CPU: 26290.540018211417
  SUMM_ME: 2604.8210517473403
SystemInformation:
  OSName: Ubuntu 24.04.1 LTS
  Kernel: 6.8.0-1017-azure
  Device: ""
  Processor: AMD EPYC 9V74 80-Core Processor
  NumSockets: 1
  Manufacturer: AuthenticAMD
  NumCores: 8
  NumLogicals: 16
  CPUFrequency: 0
  Memory: 128809
  MemModuleInfo:
    iNumMemSticks: 3
    DIMM 1:
      manufacturer: Microsoft Corporation
      modulePartNo: None
      memType: Unknown
      size: 1
      clkspeed: 0
      moduleVoltage: 0
    DIMM 2:
      manufacturer: Microsoft Corporation
      modulePartNo: None
      memType: Unknown
      size: 59
      clkspeed: 0
      moduleVoltage: 0
    DIMM 3:
      manufacturer: Microsoft Corporation
      modulePartNo: None
      memType: Unknown
      size: 68
      clkspeed: 0
      moduleVoltage: 0
Checksum: D3EBD9DAFED26D41A16A3CB64DA3DDE9C2F9BB57