---
system-info:
      stress-ng-version: 0.17.08
      run-by: root
      date-yyyy-mm-dd: 2024:06:12
      time-hh-mm-ss: 22:41:25
      epoch-secs: 1718232085
      hostname: 2355b8430737
      sysname: Linux
      nodename: 2355b8430737
      release: 6.8.0-1008-aws
      version: '#8-Ubuntu SMP Sat Apr 20 02:43:14 UTC 2024'
      machine: aarch64
      compiler: 'musl-gcc 13.2.1'
      uptime: 150
      totalram: 33021657088
      freeram: 28614983680
      sharedram: 34951168
      bufferram: 111652864
      totalswap: 0
      freeswap: 0
      pagesize: 4096
      cpus: 16
      cpus-online: 16
      ticks-per-second: 100

metrics:
    - stressor: cpu
      bogo-ops: 30391
      bogo-ops-per-second-usr-sys-time: 1519.557066
      bogo-ops-per-second-real-time: 1519.546540
      wall-clock-time: 20.000046
      user-time: 19.999907
      system-time: 0.000000
      cpu-usage-per-instance: 99.999307
      max-rss: 1192

...
