---
system-info:
      stress-ng-version: 0.17.08
      run-by: root
      date-yyyy-mm-dd: 2024:06:06
      time-hh-mm-ss: 05:51:54
      epoch-secs: 1717653114
      hostname: f7fff9d51891
      sysname: Linux
      nodename: f7fff9d51891
      release: 6.8.0-1008-aws
      version: '#8-Ubuntu SMP Sat Apr 20 02:43:14 UTC 2024'
      machine: aarch64
      compiler: 'musl-gcc 13.2.1'
      uptime: 127
      totalram: 33021652992
      freeram: 28811325440
      sharedram: 34951168
      bufferram: 80261120
      totalswap: 0
      freeswap: 0
      pagesize: 4096
      cpus: 16
      cpus-online: 16
      ticks-per-second: 100

metrics:
    - stressor: cpu
      bogo-ops: 2940
      bogo-ops-per-second-usr-sys-time: 293.078736
      bogo-ops-per-second-real-time: 293.077376
      wall-clock-time: 10.031481
      user-time: 10.031434
      system-time: 0.000000
      cpu-usage-per-instance: 99.999536
      max-rss: 4136

...
