---
system-info:
      stress-ng-version: 0.17.08
      run-by: root
      date-yyyy-mm-dd: 2024:07:02
      time-hh-mm-ss: 19:12:33
      epoch-secs: 1719947553
      hostname: n4-highcpu-48-9083c7f
      sysname: Linux
      nodename: n4-highcpu-48-9083c7f
      release: 6.8.0-1009-gcp
      version: '#10-Ubuntu SMP Wed Jun 12 18:52:23 UTC 2024'
      machine: x86_64
      compiler: 'musl-gcc 13.2.1'
      uptime: 121
      totalram: 101229875200
      freeram: 95563616256
      sharedram: 274427904
      bufferram: 128417792
      totalswap: 0
      freeswap: 0
      pagesize: 4096
      cpus: 48
      cpus-online: 48
      ticks-per-second: 100

metrics:
    - stressor: cpu
      bogo-ops: 812053
      bogo-ops-per-second-usr-sys-time: 846.190664
      bogo-ops-per-second-real-time: 40602.450988
      wall-clock-time: 20.000098
      user-time: 959.627254
      system-time: 0.029989
      cpu-usage-per-instance: 99.963806
      max-rss: 768

...
