BaselineInfo:
  WebDBID: -1
  TimeStamp: 20250325164041
Version:
  Major: 11
  Minor: 0
  Build: 1002
  SpecialBuildName: ""
  ptArchitecture: x86_64_linux
Results:
  Results Complete: true
  NumTestProcesses: 40
  CPU_INTEGER_MATH: 242521.65799999997
  CPU_FLOATINGPOINT_MATH: 212985.30002351222
  CPU_PRIME: 793.92050654857405
  CPU_SORTING: 152283.93652433003
  CPU_ENCRYPTION: 52569.816210810655
  CPU_COMPRESSION: 1058739.7542884666
  CPU_SINGLETHREAD: 2906.5879029635471
  CPU_PHYSICS: 10739.230166704847
  CPU_MATRIX_MULT_SSE: 100393.0696566111
  CPU_mm: 10471.466785308952
  CPU_sse: 46835.756977495905
  CPU_fma: 137161.71841662659
  CPU_avx: 117799.98104929698
  CPU_avx512: 99774.822183024866
  m_CPU_enc_SHA: 72603139873.364929
  m_CPU_enc_AES: 46057894992.486168
  m_CPU_enc_ECDSA: 46709307943.349846
  ME_ALLOC_S: 30606.80640577745
  ME_READ_S: 27953.183398437501
  ME_READ_L: 27776.337890625
  ME_WRITE: 25954.083984375
  ME_LARGE: 305350.91666666669
  ME_LATENCY: 65.04562648384676
  ME_THREADED: 233275.3408203125
  SUMM_CPU: 73108.2705958476
  SUMM_ME: 3177.4848000519892
SystemInformation:
  OSName: Ubuntu 24.04.1 LTS
  Kernel: 6.8.0-1021-azure
  Device: ""
  Processor: AMD EPYC 9V84 96-Core Processor
  NumSockets: 1
  Manufacturer: AuthenticAMD
  NumCores: 40
  NumLogicals: 40
  CPUFrequency: 0
  Memory: 322238
  MemModuleInfo:
    iNumMemSticks: 3
    DIMM 1:
      manufacturer: Microsoft Corporation
      modulePartNo: None
      memType: Unknown
      size: 1
      clkspeed: 0
      moduleVoltage: 0
    DIMM 2:
      manufacturer: Microsoft Corporation
      modulePartNo: None
      memType: Unknown
      size: 59
      clkspeed: 0
      moduleVoltage: 0
    DIMM 3:
      manufacturer: Microsoft Corporation
      modulePartNo: None
      memType: Unknown
      size: 260
      clkspeed: 0
      moduleVoltage: 0
Checksum: 306446E39CB8517C615902439DE139C14A7F75F5