---
system-info:
      stress-ng-version: 0.17.08
      run-by: root
      date-yyyy-mm-dd: 2024:06:16
      time-hh-mm-ss: 02:51:42
      epoch-secs: 1718506302
      hostname: 6af855a7d6d6
      sysname: Linux
      nodename: 6af855a7d6d6
      release: 6.8.0-1008-aws
      version: '#8-Ubuntu SMP Sat Apr 20 02:43:14 UTC 2024'
      machine: aarch64
      compiler: 'musl-gcc 13.2.1'
      uptime: 145
      totalram: 531280306176
      freeram: 526331797504
      sharedram: 35274752
      bufferram: 107651072
      totalswap: 0
      freeswap: 0
      pagesize: 4096
      cpus: 64
      cpus-online: 64
      ticks-per-second: 100

metrics:
    - stressor: cpu
      bogo-ops: 1957435
      bogo-ops-per-second-usr-sys-time: 1529.705066
      bogo-ops-per-second-real-time: 97871.389521
      wall-clock-time: 20.000074
      user-time: 1279.596959
      system-time: 0.018990
      cpu-usage-per-instance: 99.969628
      max-rss: 512

...
