---
system-info:
      stress-ng-version: 0.17.08
      run-by: root
      date-yyyy-mm-dd: 2024:06:09
      time-hh-mm-ss: 22:21:14
      epoch-secs: 1717971674
      hostname: 122298375b20
      sysname: Linux
      nodename: 122298375b20
      release: 6.8.0-1008-aws
      version: '#8-Ubuntu SMP Sat Apr 20 02:43:14 UTC 2024'
      machine: aarch64
      compiler: 'musl-gcc 13.2.1'
      uptime: 107
      totalram: 531280302080
      freeram: 526031536128
      sharedram: 35274752
      bufferram: 111603712
      totalswap: 0
      freeswap: 0
      pagesize: 4096
      cpus: 64
      cpus-online: 64
      ticks-per-second: 100

metrics:
    - stressor: cpu
      bogo-ops: 273021
      bogo-ops-per-second-usr-sys-time: 424.393235
      bogo-ops-per-second-real-time: 27148.565990
      wall-clock-time: 10.056553
      user-time: 643.269841
      system-time: 0.050970
      cpu-usage-per-instance: 99.953606
      max-rss: 3584

...
