BaselineInfo:
  WebDBID: -1
  TimeStamp: 20241107155852
Version:
  Major: 11
  Minor: 0
  Build: 1002
  SpecialBuildName: ""
  ptArchitecture: x86_64_linux
Results:
  Results Complete: true
  NumTestProcesses: 2
  CPU_INTEGER_MATH: 4446.398666666666
  CPU_FLOATINGPOINT_MATH: 3011.0725991070135
  CPU_PRIME: 12.941748967038555
  CPU_SORTING: 2857.9083641552265
  CPU_ENCRYPTION: 461.73651100123971
  CPU_COMPRESSION: 19255.066912962582
  CPU_SINGLETHREAD: 1585.0976725364703
  CPU_PHYSICS: 206.67056511463818
  CPU_MATRIX_MULT_SSE: 930.57088992307683
  CPU_mm: 134.35444835327726
  CPU_sse: 553.47390101029214
  CPU_fma: 1354.1310592956152
  CPU_avx: 884.10770946332332
  CPU_avx512: 0
  m_CPU_enc_SHA: 216436173.8837831
  m_CPU_enc_AES: 1051827665.7036912
  m_CPU_enc_ECDSA: 184233631.69143349
  ME_ALLOC_S: 527.72849503038844
  ME_READ_S: 19089.174023437499
  ME_READ_L: 7041.84130859375
  ME_WRITE: 5709.3291015625
  ME_LARGE: 22159
  ME_LATENCY: 68.806000988698983
  ME_THREADED: 9425.98291015625
  SUMM_CPU: 1537.4893760752514
  SUMM_ME: 1335.2113173808609
SystemInformation:
  OSName: Ubuntu 24.04.1 LTS
  Kernel: 6.8.0-1017-azure
  Device: ""
  Processor: Intel Xeon CPU E5-2673 v4 @ 2.30GHz
  NumSockets: 1
  Manufacturer: GenuineIntel
  NumCores: 1
  NumLogicals: 2
  CPUFrequency: 0
  Memory: 32094
  MemModuleInfo:
    iNumMemSticks: 2
    DIMM 1:
      manufacturer: Microsoft Corporation
      modulePartNo: None
      memType: Unknown
      size: 1
      clkspeed: 0
      moduleVoltage: 0
    DIMM 2:
      manufacturer: Microsoft Corporation
      modulePartNo: None
      memType: Unknown
      size: 31
      clkspeed: 0
      moduleVoltage: 0
Checksum: C9EDAD309060C6F62AA6E1F008A5504F74009F87