BaselineInfo:
  WebDBID: -1
  TimeStamp: 20241108105854
Version:
  Major: 11
  Minor: 0
  Build: 1002
  SpecialBuildName: ""
  ptArchitecture: x86_64_linux
Results:
  Results Complete: true
  NumTestProcesses: 12
  CPU_INTEGER_MATH: 49604.078999999991
  CPU_FLOATINGPOINT_MATH: 26567.589881924803
  CPU_PRIME: 73.885809749615689
  CPU_SORTING: 25263.33727664547
  CPU_ENCRYPTION: 6828.4721840821858
  CPU_COMPRESSION: 222268.39187989195
  CPU_SINGLETHREAD: 2643.5170372690927
  CPU_PHYSICS: 1398.287840197765
  CPU_MATRIX_MULT_SSE: 12864.35093897365
  CPU_mm: 1507.6989377547222
  CPU_sse: 5340.6450197439317
  CPU_fma: 15518.40611745909
  CPU_avx: 10963.252272753552
  CPU_avx512: 19635.100345938019
  m_CPU_enc_SHA: 2238280798.1031108
  m_CPU_enc_AES: 17242806114.142853
  m_CPU_enc_ECDSA: 1999429234.4425209
  ME_ALLOC_S: 5027.0987966212133
  ME_READ_S: 30355.93359375
  ME_READ_L: 11288.3603515625
  ME_WRITE: 10815.169921875
  ME_LARGE: 36971.166666666664
  ME_LATENCY: 50.913442707784846
  ME_THREADED: 71991.93310546875
  SUMM_CPU: 15865.239683255411
  SUMM_ME: 2724.8912392170569
SystemInformation:
  OSName: Ubuntu 24.04.1 LTS
  Kernel: 6.8.0-1016-aws
  Device: ""
  Processor: Intel Xeon Platinum 8252C CPU @ 3.80GHz
  NumSockets: 1
  Manufacturer: GenuineIntel
  NumCores: 6
  NumLogicals: 12
  CPUFrequency: 0
  Memory: 47131
  MemModuleInfo:
    iNumMemSticks: 1
    DIMM 1:
      manufacturer: Not Specified
      modulePartNo: Not Specified
      memType: DDR4
      size: 48
      clkspeed: 1466
      moduleVoltage: 0
Checksum: 2615AC14078BD2DA2440C81CC477288F83ADEEBA