---
system-info:
      stress-ng-version: 0.17.08
      run-by: root
      date-yyyy-mm-dd: 2024:07:02
      time-hh-mm-ss: 15:14:54
      epoch-secs: 1719933294
      hostname: n2-standard-32-b0aca88
      sysname: Linux
      nodename: n2-standard-32-b0aca88
      release: 6.8.0-1009-gcp
      version: '#10-Ubuntu SMP Wed Jun 12 18:52:23 UTC 2024'
      machine: x86_64
      compiler: 'musl-gcc 13.2.1'
      uptime: 179
      totalram: 135162322944
      freeram: 129350402048
      sharedram: 70717440
      bufferram: 128491520
      totalswap: 0
      freeswap: 0
      pagesize: 4096
      cpus: 32
      cpus-online: 32
      ticks-per-second: 100

metrics:
    - stressor: cpu
      bogo-ops: 28193
      bogo-ops-per-second-usr-sys-time: 1409.796689
      bogo-ops-per-second-real-time: 1409.641413
      wall-clock-time: 20.000122
      user-time: 19.997919
      system-time: 0.000000
      cpu-usage-per-instance: 99.988986
      max-rss: 776

...
