BaselineInfo:
  WebDBID: -1
  TimeStamp: 20241107201916
Version:
  Major: 11
  Minor: 0
  Build: 1002
  SpecialBuildName: ""
  ptArchitecture: x86_64_linux
Results:
  Results Complete: true
  NumTestProcesses: 8
  CPU_INTEGER_MATH: 38114.148999999998
  CPU_FLOATINGPOINT_MATH: 26585.05084672595
  CPU_PRIME: 75.052016789932608
  CPU_SORTING: 18745.294494455477
  CPU_ENCRYPTION: 8443.048526529652
  CPU_COMPRESSION: 142230.87480275484
  CPU_SINGLETHREAD: 2949.5935128520709
  CPU_PHYSICS: 1741.4526956237485
  CPU_MATRIX_MULT_SSE: 9944.9490782789981
  CPU_mm: 1057.4212364393686
  CPU_sse: 4650.5596575892287
  CPU_fma: 11424.876430134405
  CPU_avx: 9127.3691865758265
  CPU_avx512: 14576.991038816539
  m_CPU_enc_SHA: 9006522959.8977528
  m_CPU_enc_AES: 11475580323.583204
  m_CPU_enc_ECDSA: 6077430871.7821102
  ME_ALLOC_S: 4115.1308640787602
  ME_READ_S: 26811.828125
  ME_READ_L: 9104.966796875
  ME_WRITE: 12407.4892578125
  ME_LARGE: 21477.333333333332
  ME_LATENCY: 82.127228251043604
  ME_THREADED: 46902.869140625
  SUMM_CPU: 13934.368092297411
  SUMM_ME: 2016.5049504155663
SystemInformation:
  OSName: Ubuntu 24.04.1 LTS
  Kernel: 6.8.0-1016-aws
  Device: ""
  Processor: Intel Xeon Platinum 8488C
  NumSockets: 1
  Manufacturer: GenuineIntel
  NumCores: 4
  NumLogicals: 8
  CPUFrequency: 0
  Memory: 31556
  MemModuleInfo:
    iNumMemSticks: 1
    DIMM 1:
      manufacturer: Not Specified
      modulePartNo: Not Specified
      memType: DDR5
      size: 32
      clkspeed: 2400
      moduleVoltage: 0
Checksum: 13562986209B21970ABE81AE14D611CA04BD8AC7