---
system-info:
      stress-ng-version: 0.17.08
      run-by: root
      date-yyyy-mm-dd: 2024:07:09
      time-hh-mm-ss: 21:40:56
      epoch-secs: 1720561256
      hostname: ip-172-31-17-246
      sysname: Linux
      nodename: ip-172-31-17-246
      release: 6.8.0-1009-aws
      version: '#9-Ubuntu SMP Fri May 17 20:15:49 UTC 2024'
      machine: aarch64
      compiler: 'musl-gcc 13.2.1'
      uptime: 127
      totalram: 1620090621952
      freeram: 1612072898560
      sharedram: 78917632
      bufferram: 134365184
      totalswap: 0
      freeswap: 0
      pagesize: 4096
      cpus: 192
      cpus-online: 192
      ticks-per-second: 100

metrics:
    - stressor: cpu
      bogo-ops: 6245139
      bogo-ops-per-second-usr-sys-time: 1641.818113
      bogo-ops-per-second-real-time: 312256.174484
      wall-clock-time: 20.000050
      user-time: 3803.771697
      system-time: 0.022981
      cpu-usage-per-instance: 99.056907
      max-rss: 0

...
