BaselineInfo:
  WebDBID: -1
  TimeStamp: 20241109101641
Version:
  Major: 11
  Minor: 0
  Build: 1002
  SpecialBuildName: ""
  ptArchitecture: x86_64_linux
Results:
  Results Complete: true
  NumTestProcesses: 48
  CPU_INTEGER_MATH: 290005.17999999999
  CPU_FLOATINGPOINT_MATH: 256075.43339961156
  CPU_PRIME: 916.0338155492143
  CPU_SORTING: 175709.68384175067
  CPU_ENCRYPTION: 62839.933890833738
  CPU_COMPRESSION: 1223474.9940732752
  CPU_SINGLETHREAD: 2889.5918726990908
  CPU_PHYSICS: 12163.986573551578
  CPU_MATRIX_MULT_SSE: 98836.473031965783
  CPU_mm: 10975.286879859612
  CPU_sse: 47381.694287784972
  CPU_fma: 127330.23006246056
  CPU_avx: 111617.9282096252
  CPU_avx512: 109016.03956799245
  m_CPU_enc_SHA: 86784907039.394638
  m_CPU_enc_AES: 55056612515.358047
  m_CPU_enc_ECDSA: 55835820003.791931
  ME_ALLOC_S: 28643.273924084053
  ME_READ_S: 27845.896289062501
  ME_READ_L: 26995.189453125
  ME_WRITE: 25874.0625
  ME_LARGE: 177250.66666666666
  ME_LATENCY: 78.403706019143314
  ME_THREADED: 305778.837890625
  SUMM_CPU: 79965.103271089887
  SUMM_ME: 2816.7567376735833
SystemInformation:
  OSName: Ubuntu 24.04.1 LTS
  Kernel: 6.8.0-1016-aws
  Device: ""
  Processor: AMD EPYC 9R14
  NumSockets: 1
  Manufacturer: AuthenticAMD
  NumCores: 48
  NumLogicals: 48
  CPUFrequency: 0
  Memory: 189148
  MemModuleInfo:
    iNumMemSticks: 1
    DIMM 1:
      manufacturer: Not Specified
      modulePartNo: Not Specified
      memType: DDR5
      size: 192
      clkspeed: 2400
      moduleVoltage: 0
Checksum: E73776494AD8704B8EB8038E6C5CC86B391E190D