BaselineInfo:
  WebDBID: -1
  TimeStamp: 20241111111545
Version:
  Major: 11
  Minor: 0
  Build: 1002
  SpecialBuildName: ""
  ptArchitecture: aarch64_linux
Results:
  Results Complete: true
  NumTestProcesses: 48
  CPU_INTEGER_MATH: 302578.49900000013
  CPU_FLOATINGPOINT_MATH: 254158.09429653789
  CPU_PRIME: 534.09518597355884
  CPU_SORTING: 243193.76428779864
  CPU_ENCRYPTION: 9013.6447145379407
  CPU_COMPRESSION: 332497.68518878066
  CPU_SINGLETHREAD: 1881.6530685356711
  CPU_PHYSICS: 13127.138535454076
  CPU_MATRIX_MULT_SSE: 42894.039530820832
  CPU_mm: 6897.6623935775879
  CPU_sse: 36161.617913712973
  CPU_fma: 49626.461147928705
  CPU_avx: 0
  CPU_avx512: 0
  m_CPU_enc_SHA: 13300690735.998148
  m_CPU_enc_AES: 5845820342.2790031
  m_CPU_enc_ECDSA: 9207963482.2968559
  ME_ALLOC_S: 37498.125756030138
  ME_READ_S: 25559.679882812499
  ME_READ_L: 19564.3671875
  ME_WRITE: 25744.0546875
  ME_LARGE: 81568.166666666672
  ME_LATENCY: 51.656113797396692
  ME_THREADED: 500854.4423828125
  SUMM_CPU: 36280.230666733893
  SUMM_ME: 3400.3377907997965
SystemInformation:
  OSName: Ubuntu 24.04.1 LTS
  Kernel: 6.8.0-1017-azure
  Device: ""
  Processor: ARM Neoverse-N2 48 Core 0 MHz
  NumSockets: 1
  Manufacturer: ARM
  NumCores: 48
  NumLogicals: 48
  CPUFrequency: 0
  Memory: 96354
Checksum: BE6C1A391628D933A43D235C4F75793E0FE58C1F