BaselineInfo:
  WebDBID: -1
  TimeStamp: 20241109215627
Version:
  Major: 11
  Minor: 0
  Build: 1002
  SpecialBuildName: ""
  ptArchitecture: x86_64_linux
Results:
  Results Complete: true
  NumTestProcesses: 64
  CPU_INTEGER_MATH: 181536.30266666674
  CPU_FLOATINGPOINT_MATH: 97262.642047427231
  CPU_PRIME: 261.17848697307238
  CPU_SORTING: 92345.178184592718
  CPU_ENCRYPTION: 24907.710333668892
  CPU_COMPRESSION: 790548.42550772487
  CPU_SINGLETHREAD: 1821.7673350780065
  CPU_PHYSICS: 4654.7416014350356
  CPU_MATRIX_MULT_SSE: 49438.547189011297
  CPU_mm: 5519.7403174321671
  CPU_sse: 19639.270081154507
  CPU_fma: 58597.564251048316
  CPU_avx: 41310.530500761102
  CPU_avx512: 78206.823923081232
  m_CPU_enc_SHA: 8191063165.9944401
  m_CPU_enc_AES: 62841305685.233566
  m_CPU_enc_ECDSA: 7320512961.283597
  ME_ALLOC_S: 21184.842195850917
  ME_READ_S: 21929.668359374999
  ME_READ_L: 10127.544921875
  ME_WRITE: 9889.2255859375
  ME_LARGE: 497950.25
  ME_LATENCY: 53.775258327570498
  ME_THREADED: 224373.67700195312
  SUMM_CPU: 42683.304262773228
  SUMM_ME: 2603.6359445784692
SystemInformation:
  OSName: Ubuntu 24.04.1 LTS
  Kernel: 6.8.0-1016-aws
  Device: ""
  Processor: Intel Xeon Platinum 8259CL CPU @ 2.50GHz
  NumSockets: 2
  Manufacturer: GenuineIntel
  NumCores: 32
  NumLogicals: 64
  CPUFrequency: 0
  Memory: 510515
  MemModuleInfo:
    iNumMemSticks: 2
    DIMM 1:
      manufacturer: Not Specified
      modulePartNo: Not Specified
      memType: DDR4
      size: 256
      clkspeed: 1600
      moduleVoltage: 0
    DIMM 2:
      manufacturer: Not Specified
      modulePartNo: Not Specified
      memType: DDR4
      size: 256
      clkspeed: 1600
      moduleVoltage: 0
Checksum: DA2086CCC10CF1332A07112FC043844CBD952A37