---
system-info:
      stress-ng-version: 0.17.08
      run-by: root
      date-yyyy-mm-dd: 2024:06:14
      time-hh-mm-ss: 22:55:29
      epoch-secs: 1718405729
      hostname: 9cc2c8e32679
      sysname: Linux
      nodename: 9cc2c8e32679
      release: 6.8.0-1008-aws
      version: '#8-Ubuntu SMP Sat Apr 20 00:46:25 UTC 2024'
      machine: x86_64
      compiler: 'musl-gcc 13.2.1'
      uptime: 110
      totalram: 33089798144
      freeram: 28677693440
      sharedram: 59920384
      bufferram: 108396544
      totalswap: 0
      freeswap: 0
      pagesize: 4096
      cpus: 8
      cpus-online: 8
      ticks-per-second: 100

metrics:
    - stressor: cpu
      bogo-ops: 154265
      bogo-ops-per-second-usr-sys-time: 965.928058
      bogo-ops-per-second-real-time: 7713.222875
      wall-clock-time: 20.000070
      user-time: 159.685523
      system-time: 0.020988
      cpu-usage-per-instance: 99.816218
      max-rss: 1100

...
