---
system-info:
      stress-ng-version: 0.17.08
      run-by: root
      date-yyyy-mm-dd: 2024:06:08
      time-hh-mm-ss: 16:55:36
      epoch-secs: 1717865736
      hostname: cd5e4fa0c7aa
      sysname: Linux
      nodename: cd5e4fa0c7aa
      release: 6.8.0-1008-aws
      version: '#8-Ubuntu SMP Sat Apr 20 00:46:25 UTC 2024'
      machine: x86_64
      compiler: 'musl-gcc 13.2.1'
      uptime: 100
      totalram: 33089789952
      freeram: 28615516160
      sharedram: 59920384
      bufferram: 103383040
      totalswap: 0
      freeswap: 0
      pagesize: 4096
      cpus: 8
      cpus-online: 8
      ticks-per-second: 100

metrics:
    - stressor: cpu
      bogo-ops: 96305
      bogo-ops-per-second-usr-sys-time: 1206.656166
      bogo-ops-per-second-real-time: 9629.031673
      wall-clock-time: 10.001525
      user-time: 79.793478
      system-time: 0.017990
      cpu-usage-per-instance: 99.749124
      max-rss: 4176

...
