---
system-info:
      stress-ng-version: 0.17.08
      run-by: root
      date-yyyy-mm-dd: 2024:07:03
      time-hh-mm-ss: 03:15:55
      epoch-secs: 1719976555
      hostname: n2d-highmem-80-f36b0d7
      sysname: Linux
      nodename: n2d-highmem-80-f36b0d7
      release: 6.8.0-1009-gcp
      version: '#10-Ubuntu SMP Wed Jun 12 18:52:23 UTC 2024'
      machine: x86_64
      compiler: 'musl-gcc 13.2.1'
      uptime: 196
      totalram: 676306051072
      freeram: 669804539904
      sharedram: 68829184
      bufferram: 131080192
      totalswap: 0
      freeswap: 0
      pagesize: 4096
      cpus: 80
      cpus-online: 80
      ticks-per-second: 100

metrics:
    - stressor: cpu
      bogo-ops: 53939
      bogo-ops-per-second-usr-sys-time: 2696.991399
      bogo-ops-per-second-real-time: 2696.931482
      wall-clock-time: 20.000137
      user-time: 19.999693
      system-time: 0.000000
      cpu-usage-per-instance: 99.997778
      max-rss: 640

...
