BaselineInfo:
  WebDBID: -1
  TimeStamp: 20241219000559
Version:
  Major: 11
  Minor: 0
  Build: 1002
  SpecialBuildName: ""
  ptArchitecture: x86_64_linux
Results:
  Results Complete: true
  NumTestProcesses: 1
  CPU_INTEGER_MATH: 4657.9786666666669
  CPU_FLOATINGPOINT_MATH: 3343.139687973629
  CPU_PRIME: 14.622601463166138
  CPU_SORTING: 2569.2667984428804
  CPU_ENCRYPTION: 1136.6571866974873
  CPU_COMPRESSION: 19667.8848441501
  CPU_SINGLETHREAD: 1906.194543508039
  CPU_PHYSICS: 239.55502418189434
  CPU_MATRIX_MULT_SSE: 1575.098801779611
  CPU_mm: 193.53341341233693
  CPU_sse: 767.46556362716251
  CPU_fma: 2510.4698246664561
  CPU_avx: 1447.3610170452143
  CPU_avx512: 0
  m_CPU_enc_SHA: 1612349498.5067258
  m_CPU_enc_AES: 1037891948.6674232
  m_CPU_enc_ECDSA: 925372891.42136431
  ME_ALLOC_S: 653.27635059332181
  ME_READ_S: 22033.324609374999
  ME_READ_L: 10857.3603515625
  ME_WRITE: 11031.0595703125
  ME_LARGE: 948.16666666666663
  ME_LATENCY: 67.590385406480365
  ME_THREADED: 10835.9755859375
  SUMM_CPU: 2006.2238969898558
  SUMM_ME: 1067.1490885926401
SystemInformation:
  OSName: Ubuntu 24.04.1 LTS
  Kernel: 6.8.0-31-generic
  Device: ""
  Processor: AMD EPYC 7542 32-Core Processor
  NumSockets: 1
  Manufacturer: AuthenticAMD
  NumCores: 1
  NumLogicals: 1
  CPUFrequency: 0
  Memory: 7894
  MemModuleInfo:
    iNumMemSticks: 1
    DIMM 1:
      manufacturer: QEMU
      modulePartNo: Not Specified
      memType: RAM
      size: 8
      clkspeed: 0
      moduleVoltage: 0
Checksum: 762C429CA562CB6E3AAF3B057D5FB92FEDD70FC2