BaselineInfo:
  WebDBID: -1
  TimeStamp: 20260611230319
Version:
  Major: 11
  Minor: 0
  Build: 1004
  SpecialBuildName: ""
  ptArchitecture: x86_64_linux
Results:
  Results Complete: true
  NumTestProcesses: 2
  CPU_INTEGER_MATH: 11004.905333333332
  CPU_FLOATINGPOINT_MATH: 9136.281517029438
  CPU_PRIME: 31.117823176224029
  CPU_SORTING: 6291.4787148132673
  CPU_ENCRYPTION: 1300.1912588497908
  CPU_COMPRESSION: 49227.87511890757
  CPU_SINGLETHREAD: 2737.0174505437712
  CPU_PHYSICS: 464.2390028696534
  CPU_MATRIX_MULT_SSE: 3138.1227286222938
  CPU_mm: 380.84306426013848
  CPU_sse: 1553.701904334187
  CPU_fma: 4701.7599995924174
  CPU_avx: 3158.9062819402784
  CPU_avx512: 0
  m_CPU_enc_SHA: 637281744.78552616
  m_CPU_enc_AES: 2945378559.9522161
  m_CPU_enc_ECDSA: 507387743.58129191
  ME_ALLOC_S: 999.51776527942434
  ME_READ_S: 30470.567187500001
  ME_READ_L: 12943.1884765625
  ME_WRITE: 11326.791015625
  ME_LARGE: 2117.5
  ME_LATENCY: 45.895817039155162
  ME_THREADED: 20184.544921875
  SUMM_CPU: 4124.3518124446518
  SUMM_ME: 1754.1365768870567
SystemInformation:
  OSName: Ubuntu 24.04.4 LTS
  Kernel: 6.8.0-124-generic
  Device: ""
  Processor: Intel Core Processor (Skylake, IBRS)
  NumSockets: 1
  Manufacturer: GenuineIntel
  NumCores: 1
  NumLogicals: 2
  CPUFrequency: 7
  CPUMaxFrequency: 832
  Memory: 3910
  CPUInfo:
    number: 1
    Family: 6
    Model: 14
    stepping: 3
    features: 395049983
    manufacture: GenuineIntel
    typestring: Intel Core Processor (Skylake, IBRS)
    iCoresPerPackage: 1
    iThreadsPerPackage: 2
    featuresEx:
      - 395049983
      - 4294586883
      - 672139264
    bHybrid: false
    nPCore: 0
    nLogicalsPerPCore: 0
    nECore: 0
    nLogicalsPerECore: 0
  MemModuleInfo:
    iNumMemSticks: 1
    DIMM 1:
      manufacturer: QEMU
      modulePartNo: Not Specified
      memType: RAM
      size: 4
      clkspeed: 0
      moduleVoltage: 0
Checksum: B00EEBE8838C075D0085484815ECC2D5E788E629