BaselineInfo:
  WebDBID: -1
  TimeStamp: 20251016182204
Version:
  Major: 11
  Minor: 0
  Build: 1002
  SpecialBuildName: ""
  ptArchitecture: x86_64_linux
Results:
  Results Complete: true
  NumTestProcesses: 4
  CPU_INTEGER_MATH: 20561.528999999999
  CPU_FLOATINGPOINT_MATH: 16530.459923899747
  CPU_PRIME: 64.96544980106691
  CPU_SORTING: 12174.478086201125
  CPU_ENCRYPTION: 4445.7237184649903
  CPU_COMPRESSION: 86471.82411904358
  CPU_SINGLETHREAD: 2350.0149370415993
  CPU_PHYSICS: 1147.8697909832156
  CPU_MATRIX_MULT_SSE: 7536.5934666162357
  CPU_mm: 782.46653708905683
  CPU_sse: 3590.0127287969408
  CPU_fma: 11580.750949065941
  CPU_avx: 7439.0167219858231
  CPU_avx512: 0
  m_CPU_enc_SHA: 6267094096.8078279
  m_CPU_enc_AES: 3962900731.7534714
  m_CPU_enc_ECDSA: 3755042752.8781376
  ME_ALLOC_S: 3447.5979374202943
  ME_READ_S: 23424.134960937499
  ME_READ_L: 15830.552734375
  ME_WRITE: 16516.6015625
  ME_LARGE: 2014.75
  ME_LATENCY: 70.514510159365798
  ME_THREADED: 56483.6435546875
  SUMM_CPU: 8691.8351458250436
  SUMM_ME: 1766.4253364420435
SystemInformation:
  OSName: Ubuntu 24.04.2 LTS
  Kernel: 6.8.0-71-generic
  Device: ""
  Processor: AMD EPYC-Rome Processor
  NumSockets: 1
  Manufacturer: AuthenticAMD
  NumCores: 4
  NumLogicals: 4
  CPUFrequency: 0
  Memory: 7751
  MemModuleInfo:
    iNumMemSticks: 1
    DIMM 1:
      manufacturer: QEMU
      modulePartNo: Not Specified
      memType: RAM
      size: 8000
      clkspeed: 0
      moduleVoltage: 0
Checksum: E0961F72F183A6D56C3EAC6BA18DBAE51B5E963E