---
system-info:
      stress-ng-version: 0.17.08
      run-by: root
      date-yyyy-mm-dd: 2024:06:09
      time-hh-mm-ss: 21:40:23
      epoch-secs: 1717969223
      hostname: 9b52bbcba24b
      sysname: Linux
      nodename: 9b52bbcba24b
      release: 6.8.0-1008-aws
      version: '#8-Ubuntu SMP Sat Apr 20 02:43:14 UTC 2024'
      machine: aarch64
      compiler: 'musl-gcc 13.2.1'
      uptime: 116
      totalram: 132655849472
      freeram: 127934459904
      sharedram: 35020800
      bufferram: 111501312
      totalswap: 0
      freeswap: 0
      pagesize: 4096
      cpus: 16
      cpus-online: 16
      ticks-per-second: 100

metrics:
    - stressor: cpu
      bogo-ops: 68207
      bogo-ops-per-second-usr-sys-time: 424.831194
      bogo-ops-per-second-real-time: 6788.866576
      wall-clock-time: 10.046891
      user-time: 160.541833
      system-time: 0.008995
      cpu-usage-per-instance: 99.875943
      max-rss: 4136

...
