---
system-info:
      stress-ng-version: 0.17.08
      run-by: root
      date-yyyy-mm-dd: 2024:06:15
      time-hh-mm-ss: 23:56:13
      epoch-secs: 1718495773
      hostname: 97f76aa89c57
      sysname: Linux
      nodename: 97f76aa89c57
      release: 6.8.0-1008-aws
      version: '#8-Ubuntu SMP Sat Apr 20 02:43:14 UTC 2024'
      machine: aarch64
      compiler: 'musl-gcc 13.2.1'
      uptime: 117
      totalram: 132655841280
      freeram: 128167161856
      sharedram: 35020800
      bufferram: 107929600
      totalswap: 0
      freeswap: 0
      pagesize: 4096
      cpus: 16
      cpus-online: 16
      ticks-per-second: 100

metrics:
    - stressor: cpu
      bogo-ops: 489980
      bogo-ops-per-second-usr-sys-time: 1532.671207
      bogo-ops-per-second-real-time: 24498.893767
      wall-clock-time: 20.000087
      user-time: 319.678231
      system-time: 0.011992
      cpu-usage-per-instance: 99.902761
      max-rss: 1192

...
