---
system-info:
      stress-ng-version: 0.17.08
      run-by: root
      date-yyyy-mm-dd: 2024:08:30
      time-hh-mm-ss: 21:53:32
      epoch-secs: 1725054812
      hostname: sc-runner
      sysname: Linux
      nodename: sc-runner
      release: 6.8.0-1013-azure
      version: '#15-Ubuntu SMP Thu Aug  8 18:40:40 UTC 2024'
      machine: x86_64
      compiler: 'musl-gcc 13.2.1'
      uptime: 351
      totalram: 33652322304
      freeram: 25137057792
      sharedram: 42061824
      bufferram: 211845120
      totalswap: 0
      freeswap: 0
      pagesize: 4096
      cpus: 4
      cpus-online: 4
      ticks-per-second: 100

metrics:
    - stressor: cpu
      bogo-ops: 74266
      bogo-ops-per-second-usr-sys-time: 932.884625
      bogo-ops-per-second-real-time: 3713.284883
      wall-clock-time: 20.000081
      user-time: 79.596996
      system-time: 0.011991
      cpu-usage-per-instance: 99.510829
      max-rss: 1104

...
