---
system-info:
      stress-ng-version: 0.17.08
      run-by: root
      date-yyyy-mm-dd: 2024:06:06
      time-hh-mm-ss: 09:56:19
      epoch-secs: 1717667779
      hostname: 865b855197b3
      sysname: Linux
      nodename: 865b855197b3
      release: 6.8.0-1008-aws
      version: '#8-Ubuntu SMP Sat Apr 20 00:46:25 UTC 2024'
      machine: x86_64
      compiler: 'musl-gcc 13.2.1'
      uptime: 140
      totalram: 266119462912
      freeram: 260706365440
      sharedram: 117018624
      bufferram: 82657280
      totalswap: 0
      freeswap: 0
      pagesize: 4096
      cpus: 128
      cpus-online: 128
      ticks-per-second: 100

metrics:
    - stressor: cpu
      bogo-ops: 16775
      bogo-ops-per-second-usr-sys-time: 1677.040323
      bogo-ops-per-second-real-time: 1677.047342
      wall-clock-time: 10.002699
      user-time: 10.002741
      system-time: 0.000000
      cpu-usage-per-instance: 100.000419
      max-rss: 3072

...
