---
system-info:
      stress-ng-version: 0.17.08
      run-by: root
      date-yyyy-mm-dd: 2024:06:12
      time-hh-mm-ss: 23:56:10
      epoch-secs: 1718236570
      hostname: d8cf838bf5d5
      sysname: Linux
      nodename: d8cf838bf5d5
      release: 6.8.0-1008-aws
      version: '#8-Ubuntu SMP Sat Apr 20 00:46:25 UTC 2024'
      machine: x86_64
      compiler: 'musl-gcc 13.2.1'
      uptime: 179
      totalram: 266119458816
      freeram: 260478812160
      sharedram: 117018624
      bufferram: 112709632
      totalswap: 0
      freeswap: 0
      pagesize: 4096
      cpus: 128
      cpus-online: 128
      ticks-per-second: 100

metrics:
    - stressor: cpu
      bogo-ops: 37821
      bogo-ops-per-second-usr-sys-time: 1891.056524
      bogo-ops-per-second-real-time: 1891.040532
      wall-clock-time: 20.000100
      user-time: 19.999931
      system-time: 0.000000
      cpu-usage-per-instance: 99.999154
      max-rss: 0

...
