BaselineInfo:
  WebDBID: -1
  TimeStamp: 20241109095727
Version:
  Major: 11
  Minor: 0
  Build: 1002
  SpecialBuildName: ""
  ptArchitecture: aarch64_linux
Results:
  Results Complete: true
  NumTestProcesses: 64
  CPU_INTEGER_MATH: 253194.66199999989
  CPU_FLOATINGPOINT_MATH: 192109.3192588574
  CPU_PRIME: 247.20989065881398
  CPU_SORTING: 176056.50953659043
  CPU_ENCRYPTION: 8700.1626432203084
  CPU_COMPRESSION: 305691.73963247042
  CPU_SINGLETHREAD: 1114.2390093999422
  CPU_PHYSICS: 3964.6919889333526
  CPU_MATRIX_MULT_SSE: 39919.384972924905
  CPU_mm: 6684.874343973288
  CPU_sse: 33410.659300171043
  CPU_fma: 46428.110645678753
  CPU_avx: 0
  CPU_avx512: 0
  m_CPU_enc_SHA: 12895688512.040852
  m_CPU_enc_AES: 6039599106.8304768
  m_CPU_enc_ECDSA: 8433057612.4607992
  ME_ALLOC_S: 20547.436700240374
  ME_READ_S: 9511.90869140625
  ME_READ_L: 9232.9482421875
  ME_WRITE: 12444.970703125
  ME_LARGE: 113129.58333333333
  ME_LATENCY: 68.719665502907532
  ME_THREADED: 170263.96337890625
  SUMM_CPU: 28098.685500172582
  SUMM_ME: 1856.1056623734612
SystemInformation:
  OSName: Ubuntu 24.04.1 LTS
  Kernel: 6.8.0-1016-aws
  Device: ""
  Processor: ARM Neoverse-N1 64 Core 0 MHz
  NumSockets: 1
  Manufacturer: ARM
  NumCores: 64
  NumLogicals: 64
  CPUFrequency: 0
  Memory: 128537
Checksum: 91121EC871999FAE6C6F85263369A1DCAF0F60D5