BaselineInfo:
  WebDBID: -1
  TimeStamp: 20260617145057
Version:
  Major: 11
  Minor: 0
  Build: 1004
  SpecialBuildName: ""
  ptArchitecture: x86_64_linux
Results:
  Results Complete: true
  NumTestProcesses: 4
  CPU_INTEGER_MATH: 19018.060000000001
  CPU_FLOATINGPOINT_MATH: 10727.876684071069
  CPU_PRIME: 47.969179744969573
  CPU_SORTING: 11839.445275755554
  CPU_ENCRYPTION: 4850.1553206990438
  CPU_COMPRESSION: 80550.866064462025
  CPU_SINGLETHREAD: 2911.2133258849808
  CPU_PHYSICS: 945.38117317644549
  CPU_MATRIX_MULT_SSE: 5422.8300028623562
  CPU_mm: 513.800879489811
  CPU_sse: 2261.9680855238767
  CPU_fma: 7072.9437664908783
  CPU_avx: 5840.1734955090606
  CPU_avx512: 6516.2346639256066
  m_CPU_enc_SHA: 6775664354.7505264
  m_CPU_enc_AES: 4600005095.5641308
  m_CPU_enc_ECDSA: 3881599946.3573055
  ME_ALLOC_S: 2119.9663683755766
  ME_READ_S: 27699.365624999999
  ME_READ_L: 26430.6953125
  ME_WRITE: 25862.08984375
  ME_LARGE: 22803.583333333332
  ME_LATENCY: 71.322890656828761
  ME_THREADED: 47709.1845703125
  SUMM_CPU: 7635.7739591018862
  SUMM_ME: 2547.9925490398159
SystemInformation:
  OSName: Ubuntu 24.04.4 LTS
  Kernel: 6.8.0-117-generic
  Device: ""
  Processor: "AMD EPYC 9T34 64-Core Processor                "
  NumSockets: 1
  Manufacturer: AuthenticAMD
  NumCores: 2
  NumLogicals: 4
  CPUFrequency: 0
  CPUMaxFrequency: 0
  Memory: 31174
  CPUInfo:
    number: 1
    Family: 15
    Model: 1
    stepping: 1
    features: 395049983
    manufacture: AuthenticAMD
    typestring: "AMD EPYC 9T34 64-Core Processor                "
    iCoresPerPackage: 2
    iThreadsPerPackage: 2
    featuresEx:
      - 395049983
      - 4277809667
      - 802421759
    bHybrid: false
    nPCore: 0
    nLogicalsPerPCore: 0
    nECore: 0
    nLogicalsPerECore: 0
  MemModuleInfo:
    iNumMemSticks: 2
    DIMM 1:
      manufacturer: Alibaba Cloud
      modulePartNo: Not Specified
      memType: RAM
      size: 16
      clkspeed: 0
      moduleVoltage: 0
    DIMM 2:
      manufacturer: Alibaba Cloud
      modulePartNo: Not Specified
      memType: RAM
      size: 16
      clkspeed: 0
      moduleVoltage: 0
Checksum: A8D743E22D896AFBA0A791DB173C416C3E1E96E5