---
system-info:
      stress-ng-version: 0.17.08
      run-by: root
      date-yyyy-mm-dd: 2024:06:13
      time-hh-mm-ss: 11:41:14
      epoch-secs: 1718278874
      hostname: 822fb415f2e9
      sysname: Linux
      nodename: 822fb415f2e9
      release: 6.8.0-1008-aws
      version: '#8-Ubuntu SMP Sat Apr 20 00:46:25 UTC 2024'
      machine: x86_64
      compiler: 'musl-gcc 13.2.1'
      uptime: 174
      totalram: 8200847360
      freeram: 3867561984
      sharedram: 40726528
      bufferram: 107261952
      totalswap: 0
      freeswap: 0
      pagesize: 4096
      cpus: 2
      cpus-online: 2
      ticks-per-second: 100

metrics:
    - stressor: cpu
      bogo-ops: 25506
      bogo-ops-per-second-usr-sys-time: 1275.417083
      bogo-ops-per-second-real-time: 1275.292870
      wall-clock-time: 20.000112
      user-time: 19.998164
      system-time: 0.000000
      cpu-usage-per-instance: 99.990261
      max-rss: 1104

...
