---
system-info:
      stress-ng-version: 0.17.08
      run-by: root
      date-yyyy-mm-dd: 2024:06:15
      time-hh-mm-ss: 05:20:13
      epoch-secs: 1718428813
      hostname: bb644a8fb5c8
      sysname: Linux
      nodename: bb644a8fb5c8
      release: 6.8.0-1008-aws
      version: '#8-Ubuntu SMP Sat Apr 20 02:43:14 UTC 2024'
      machine: aarch64
      compiler: 'musl-gcc 13.2.1'
      uptime: 138
      totalram: 33023426560
      freeram: 28666716160
      sharedram: 34983936
      bufferram: 109309952
      totalswap: 0
      freeswap: 0
      pagesize: 4096
      cpus: 8
      cpus-online: 8
      ticks-per-second: 100

metrics:
    - stressor: cpu
      bogo-ops: 30648
      bogo-ops-per-second-usr-sys-time: 1532.380845
      bogo-ops-per-second-real-time: 1532.396511
      wall-clock-time: 20.000046
      user-time: 20.000250
      system-time: 0.000000
      cpu-usage-per-instance: 100.001022
      max-rss: 1320

...
