---
system-info:
      stress-ng-version: 0.17.08
      run-by: root
      date-yyyy-mm-dd: 2024:06:08
      time-hh-mm-ss: 20:40:31
      epoch-secs: 1717879231
      hostname: 35a619dc67d5
      sysname: Linux
      nodename: 35a619dc67d5
      release: 6.8.0-1008-aws
      version: '#8-Ubuntu SMP Sat Apr 20 02:43:14 UTC 2024'
      machine: aarch64
      compiler: 'musl-gcc 13.2.1'
      uptime: 119
      totalram: 33023422464
      freeram: 28561551360
      sharedram: 34983936
      bufferram: 105025536
      totalswap: 0
      freeswap: 0
      pagesize: 4096
      cpus: 8
      cpus-online: 8
      ticks-per-second: 100

metrics:
    - stressor: cpu
      bogo-ops: 4267
      bogo-ops-per-second-usr-sys-time: 424.561780
      bogo-ops-per-second-real-time: 424.554586
      wall-clock-time: 10.050533
      user-time: 10.050363
      system-time: 0.000000
      cpu-usage-per-instance: 99.998306
      max-rss: 4008

...
