BaselineInfo:
  WebDBID: -1
  TimeStamp: 20241125225359
Version:
  Major: 11
  Minor: 0
  Build: 1002
  SpecialBuildName: ""
  ptArchitecture: x86_64_linux
Results:
  Results Complete: true
  NumTestProcesses: 32
  CPU_INTEGER_MATH: 152054.61766666666
  CPU_FLOATINGPOINT_MATH: 85053.876669739693
  CPU_PRIME: 242.97045726103585
  CPU_SORTING: 89273.339476146677
  CPU_ENCRYPTION: 38601.600239019019
  CPU_COMPRESSION: 617745.36599277705
  CPU_SINGLETHREAD: 2905.4527180929563
  CPU_PHYSICS: 4725.4398276491338
  CPU_MATRIX_MULT_SSE: 43957.318554909267
  CPU_mm: 4067.5858222695292
  CPU_sse: 17825.311740103043
  CPU_fma: 56252.25299631324
  CPU_avx: 46330.230794644965
  CPU_avx512: 55421.478688575808
  m_CPU_enc_SHA: 53982750573.544937
  m_CPU_enc_AES: 36637183061.548843
  m_CPU_enc_ECDSA: 30810201081.595078
  ME_ALLOC_S: 14954.045432508827
  ME_READ_S: 27878.4033203125
  ME_READ_L: 27247.55078125
  ME_WRITE: 26757.337890625
  ME_LARGE: 117299.41666666667
  ME_LATENCY: 76.241065511698011
  ME_THREADED: 102552.103515625
  SUMM_CPU: 46735.412937769535
  SUMM_ME: 2795.4190795513437
SystemInformation:
  OSName: Ubuntu 24.04.1 LTS
  Kernel: 6.8.0-1017-azure
  Device: ""
  Processor: AMD EPYC 9V74 80-Core Processor
  NumSockets: 1
  Manufacturer: AuthenticAMD
  NumCores: 16
  NumLogicals: 32
  CPUFrequency: 0
  Memory: 128803
  MemModuleInfo:
    iNumMemSticks: 3
    DIMM 1:
      manufacturer: Microsoft Corporation
      modulePartNo: None
      memType: Unknown
      size: 1
      clkspeed: 0
      moduleVoltage: 0
    DIMM 2:
      manufacturer: Microsoft Corporation
      modulePartNo: None
      memType: Unknown
      size: 59
      clkspeed: 0
      moduleVoltage: 0
    DIMM 3:
      manufacturer: Microsoft Corporation
      modulePartNo: None
      memType: Unknown
      size: 68
      clkspeed: 0
      moduleVoltage: 0
Checksum: 539EACA9ADE9A90C808AF9F7EE68F40E467C6942