---
system-info:
      stress-ng-version: 0.17.08
      run-by: root
      date-yyyy-mm-dd: 2024:07:12
      time-hh-mm-ss: 06:43:26
      epoch-secs: 1720766606
      hostname: ip-172-31-47-185
      sysname: Linux
      nodename: ip-172-31-47-185
      release: 6.8.0-1010-aws
      version: '#10-Ubuntu SMP Thu Jun 13 17:48:42 UTC 2024'
      machine: aarch64
      compiler: 'musl-gcc 13.2.1'
      uptime: 144
      totalram: 132642672640
      freeram: 126986969088
      sharedram: 35241984
      bufferram: 143155200
      totalswap: 0
      freeswap: 0
      pagesize: 4096
      cpus: 64
      cpus-online: 64
      ticks-per-second: 100

metrics:
    - stressor: cpu
      bogo-ops: 1940664
      bogo-ops-per-second-usr-sys-time: 1516.740100
      bogo-ops-per-second-real-time: 97032.852839
      wall-clock-time: 20.000072
      user-time: 1279.476752
      system-time: 0.019979
      cpu-usage-per-instance: 99.960324
      max-rss: 1024

...
