---
system-info:
      stress-ng-version: 0.17.08
      run-by: root
      date-yyyy-mm-dd: 2024:09:17
      time-hh-mm-ss: 10:08:34
      epoch-secs: 1726567714
      hostname: sc-runner
      sysname: Linux
      nodename: sc-runner
      release: 6.8.0-1014-azure
      version: '#16-Ubuntu SMP Thu Aug 15 20:04:41 UTC 2024'
      machine: x86_64
      compiler: 'musl-gcc 13.2.1'
      uptime: 335
      totalram: 405735903232
      freeram: 394052100096
      sharedram: 79941632
      bufferram: 307650560
      totalswap: 0
      freeswap: 0
      pagesize: 4096
      cpus: 48
      cpus-online: 48
      ticks-per-second: 100

metrics:
    - stressor: cpu
      bogo-ops: 892595
      bogo-ops-per-second-usr-sys-time: 930.447125
      bogo-ops-per-second-real-time: 44629.546944
      wall-clock-time: 20.000091
      user-time: 959.265388
      system-time: 0.052961
      cpu-usage-per-instance: 99.928540
      max-rss: 3252

...
