---
system-info:
      stress-ng-version: 0.17.08
      run-by: root
      date-yyyy-mm-dd: 2024:06:09
      time-hh-mm-ss: 19:17:15
      epoch-secs: 1717960635
      hostname: 96c37e05b1e5
      sysname: Linux
      nodename: 96c37e05b1e5
      release: 6.8.0-1008-aws
      version: '#8-Ubuntu SMP Sat Apr 20 00:46:25 UTC 2024'
      machine: x86_64
      compiler: 'musl-gcc 13.2.1'
      uptime: 122
      totalram: 399160197120
      freeram: 394235904000
      sharedram: 60047360
      bufferram: 111362048
      totalswap: 0
      freeswap: 0
      pagesize: 4096
      cpus: 48
      cpus-online: 48
      ticks-per-second: 100

metrics:
    - stressor: cpu
      bogo-ops: 16737
      bogo-ops-per-second-usr-sys-time: 1673.516917
      bogo-ops-per-second-real-time: 1673.503495
      wall-clock-time: 10.001174
      user-time: 9.999094
      system-time: 0.002000
      cpu-usage-per-instance: 99.999198
      max-rss: 3840

...
