---
system-info:
      stress-ng-version: 0.17.08
      run-by: root
      date-yyyy-mm-dd: 2024:06:15
      time-hh-mm-ss: 21:40:32
      epoch-secs: 1718487632
      hostname: b564ffaac641
      sysname: Linux
      nodename: b564ffaac641
      release: 6.8.0-1008-aws
      version: '#8-Ubuntu SMP Sat Apr 20 00:46:25 UTC 2024'
      machine: x86_64
      compiler: 'musl-gcc 13.2.1'
      uptime: 135
      totalram: 399160197120
      freeram: 394350526464
      sharedram: 60047360
      bufferram: 110616576
      totalswap: 0
      freeswap: 0
      pagesize: 4096
      cpus: 48
      cpus-online: 48
      ticks-per-second: 100

metrics:
    - stressor: cpu
      bogo-ops: 37820
      bogo-ops-per-second-usr-sys-time: 1890.967192
      bogo-ops-per-second-real-time: 1890.994409
      wall-clock-time: 20.000059
      user-time: 20.000347
      system-time: 0.000000
      cpu-usage-per-instance: 100.001439
      max-rss: 768

...
