---
system-info:
      stress-ng-version: 0.17.08
      run-by: root
      date-yyyy-mm-dd: 2024:06:26
      time-hh-mm-ss: 17:29:02
      epoch-secs: 1719422942
      hostname: c3d-highcpu-8-d5f7f1d
      sysname: Linux
      nodename: c3d-highcpu-8-d5f7f1d
      release: 6.8.0-1009-gcp
      version: '#10-Ubuntu SMP Wed Jun 12 18:52:23 UTC 2024'
      machine: x86_64
      compiler: 'musl-gcc 13.2.1'
      uptime: 134
      totalram: 16765935616
      freeram: 11815231488
      sharedram: 34967552
      bufferram: 124391424
      totalswap: 0
      freeswap: 0
      pagesize: 4096
      cpus: 8
      cpus-online: 8
      ticks-per-second: 100

metrics:
    - stressor: cpu
      bogo-ops: 57325
      bogo-ops-per-second-usr-sys-time: 2866.292564
      bogo-ops-per-second-real-time: 2866.237973
      wall-clock-time: 20.000084
      user-time: 19.999703
      system-time: 0.000000
      cpu-usage-per-instance: 99.998095
      max-rss: 1104

...
