BaselineInfo:
  WebDBID: -1
  TimeStamp: 20260403011704
Version:
  Major: 11
  Minor: 0
  Build: 1004
  SpecialBuildName: ""
  ptArchitecture: x86_64_linux
Results:
  Results Complete: true
  NumTestProcesses: 2
  CPU_INTEGER_MATH: 1406.3679999999999
  CPU_FLOATINGPOINT_MATH: 931.95360704701307
  CPU_PRIME: 1.6664364033293404
  CPU_SORTING: 844.51861316493182
  CPU_ENCRYPTION: 175.59930679953175
  CPU_COMPRESSION: 6078.2812292389099
  CPU_SINGLETHREAD: 517.2047206868001
  CPU_PHYSICS: 43.717252145538566
  CPU_MATRIX_MULT_SSE: 386.10756771218144
  CPU_mm: 51.689432437494744
  CPU_sse: 121.04419136945049
  CPU_fma: 707.39616241457611
  CPU_avx: 351.19629747376467
  CPU_avx512: 364.79361959093455
  m_CPU_enc_SHA: 87559099.845691711
  m_CPU_enc_AES: 397112528.34016514
  m_CPU_enc_ECDSA: 67716027.994020522
  ME_ALLOC_S: 181.49060343934369
  ME_READ_S: 6221.5894042968748
  ME_READ_L: 2323.127197265625
  ME_WRITE: 2804.34326171875
  ME_LARGE: 1072.8333333333333
  ME_LATENCY: 227.77067899159877
  ME_THREADED: 2520.8568115234375
  SUMM_CPU: 493.94574151370921
  SUMM_ME: 389.09018805651147
SystemInformation:
  OSName: Ubuntu 24.04.4 LTS
  Kernel: 6.8.0-106-generic
  Device: ""
  Processor: Intel(R) Xeon(R) Platinum 8163 CPU @ 2.50GHz
  NumSockets: 1
  Manufacturer: GenuineIntel
  NumCores: 1
  NumLogicals: 2
  CPUFrequency: 2500
  CPUMaxFrequency: 3100
  Memory: 3530
  CPUInfo:
    number: 1
    Family: 6
    Model: 5
    stepping: 4
    features: 529267711
    manufacture: GenuineIntel
    typestring: Intel(R) Xeon(R) Platinum 8163 CPU @ 2.50GHz
    iCoresPerPackage: 1
    iThreadsPerPackage: 2
    featuresEx:
      - 529267711
      - 4294586883
      - 739248128
    bHybrid: false
    nPCore: 0
    nLogicalsPerPCore: 0
    nECore: 0
    nLogicalsPerECore: 0
  MemModuleInfo:
    iNumMemSticks: 1
    DIMM 1:
      manufacturer: Alibaba Cloud
      modulePartNo: Not Specified
      memType: RAM
      size: 4
      clkspeed: 0
      moduleVoltage: 0
Checksum: FD8249C798A7AB7C2A4203F79873ACEA766CCC22