---
system-info:
      stress-ng-version: 0.17.08
      run-by: root
      date-yyyy-mm-dd: 2024:06:19
      time-hh-mm-ss: 14:51:05
      epoch-secs: 1718808665
      hostname: fcd6c3540ed1
      sysname: Linux
      nodename: fcd6c3540ed1
      release: 6.8.0-1008-gcp
      version: '#9-Ubuntu SMP Wed May 22 18:09:04 UTC 2024'
      machine: x86_64
      compiler: 'musl-gcc 13.2.1'
      uptime: 153
      totalram: 8324231168
      freeram: 3366576128
      sharedram: 34975744
      bufferram: 127746048
      totalswap: 0
      freeswap: 0
      pagesize: 4096
      cpus: 4
      cpus-online: 4
      ticks-per-second: 100

metrics:
    - stressor: cpu
      bogo-ops: 58513
      bogo-ops-per-second-usr-sys-time: 2925.768201
      bogo-ops-per-second-real-time: 2925.641107
      wall-clock-time: 20.000061
      user-time: 19.998193
      system-time: 0.000999
      cpu-usage-per-instance: 99.995656
      max-rss: 1104

...
