BaselineInfo:
  WebDBID: -1
  TimeStamp: 20241109223541
Version:
  Major: 11
  Minor: 0
  Build: 1002
  SpecialBuildName: ""
  ptArchitecture: x86_64_linux
Results:
  Results Complete: true
  NumTestProcesses: 96
  CPU_INTEGER_MATH: 317153.78133333323
  CPU_FLOATINGPOINT_MATH: 169726.80950705061
  CPU_PRIME: 349.46237401251523
  CPU_SORTING: 151152.59196296506
  CPU_ENCRYPTION: 41647.707072058278
  CPU_COMPRESSION: 1328995.1238561992
  CPU_SINGLETHREAD: 2186.3944297596686
  CPU_PHYSICS: 5210.8353910879596
  CPU_MATRIX_MULT_SSE: 83998.778068808446
  CPU_mm: 9072.7897876716615
  CPU_sse: 32254.192437854341
  CPU_fma: 100692.22283282757
  CPU_avx: 71300.973750328762
  CPU_avx512: 131747.72325422315
  m_CPU_enc_SHA: 13988547431.66131
  m_CPU_enc_AES: 104590023969.2012
  m_CPU_enc_ECDSA: 12433786871.509279
  ME_ALLOC_S: 22949.833514773793
  ME_READ_S: 26138.418359374999
  ME_READ_L: 10774.0859375
  ME_WRITE: 10344.4765625
  ME_LARGE: 176015.41666666666
  ME_LATENCY: 50.81855762203292
  ME_THREADED: 226790.49438476562
  SUMM_CPU: 62408.519383117418
  SUMM_ME: 2812.0148873314815
SystemInformation:
  OSName: Ubuntu 24.04.1 LTS
  Kernel: 6.8.0-1016-aws
  Device: ""
  Processor: Intel Xeon Platinum 8275CL CPU @ 3.00GHz
  NumSockets: 2
  Manufacturer: GenuineIntel
  NumCores: 48
  NumLogicals: 96
  CPUFrequency: 0
  Memory: 189290
  MemModuleInfo:
    iNumMemSticks: 2
    DIMM 1:
      manufacturer: Not Specified
      modulePartNo: Not Specified
      memType: DDR4
      size: 96
      clkspeed: 1466
      moduleVoltage: 0
    DIMM 2:
      manufacturer: Not Specified
      modulePartNo: Not Specified
      memType: DDR4
      size: 96
      clkspeed: 1466
      moduleVoltage: 0
Checksum: D69E24DBE819FD353528BBC56C1E038A7F287D6D