BaselineInfo:
  WebDBID: -1
  TimeStamp: 20241108042156
Version:
  Major: 11
  Minor: 0
  Build: 1002
  SpecialBuildName: ""
  ptArchitecture: x86_64_linux
Results:
  Results Complete: true
  NumTestProcesses: 16
  CPU_INTEGER_MATH: 42240.384999999995
  CPU_FLOATINGPOINT_MATH: 22742.862278601042
  CPU_PRIME: 76.354427405106904
  CPU_SORTING: 22202.974854783308
  CPU_ENCRYPTION: 5810.3363304642298
  CPU_COMPRESSION: 187061.94775907649
  CPU_SINGLETHREAD: 1690.7398060810767
  CPU_PHYSICS: 1521.0782320483645
  CPU_MATRIX_MULT_SSE: 11944.689551368441
  CPU_mm: 1284.0541699067142
  CPU_sse: 4651.7839258496278
  CPU_fma: 14636.458484852503
  CPU_avx: 10315.69714296942
  CPU_avx512: 18174.818651802208
  m_CPU_enc_SHA: 1914381595.9223375
  m_CPU_enc_AES: 14651595977.452185
  m_CPU_enc_ECDSA: 1711760110.7840576
  ME_ALLOC_S: 5263.2875466465966
  ME_READ_S: 20703.793554687501
  ME_READ_L: 11184.7705078125
  ME_WRITE: 10359.11328125
  ME_LARGE: 51525.666666666664
  ME_LATENCY: 52.230414878511986
  ME_THREADED: 83201.05078125
  SUMM_CPU: 13537.928782643026
  SUMM_ME: 2520.6886783126852
SystemInformation:
  OSName: Ubuntu 24.04.1 LTS
  Kernel: 6.8.0-1015-gcp
  Device: ""
  Processor: Intel Xeon CPU @ 2.20GHz
  NumSockets: 1
  Manufacturer: GenuineIntel
  NumCores: 8
  NumLogicals: 16
  CPUFrequency: 0
  Memory: 64298
  MemModuleInfo:
    iNumMemSticks: 4
    DIMM 1:
      manufacturer: ""
      modulePartNo: ""
      memType: RAM
      size: 16
      clkspeed: 0
      moduleVoltage: 0
    DIMM 2:
      manufacturer: ""
      modulePartNo: ""
      memType: RAM
      size: 16
      clkspeed: 0
      moduleVoltage: 0
    DIMM 3:
      manufacturer: ""
      modulePartNo: ""
      memType: RAM
      size: 16
      clkspeed: 0
      moduleVoltage: 0
    DIMM 4:
      manufacturer: ""
      modulePartNo: ""
      memType: RAM
      size: 16
      clkspeed: 0
      moduleVoltage: 0
Checksum: D70F796008F577A72A62344F71616511C80B9EC0