BaselineInfo:
  WebDBID: -1
  TimeStamp: 20241107075932
Version:
  Major: 11
  Minor: 0
  Build: 1002
  SpecialBuildName: ""
  ptArchitecture: aarch64_linux
Results:
  Results Complete: true
  NumTestProcesses: 4
  CPU_INTEGER_MATH: 25178.327666666664
  CPU_FLOATINGPOINT_MATH: 21079.266972389396
  CPU_PRIME: 56.99670019103344
  CPU_SORTING: 20621.403232982826
  CPU_ENCRYPTION: 748.71958235019224
  CPU_COMPRESSION: 26795.799676459777
  CPU_SINGLETHREAD: 1881.5406613853777
  CPU_PHYSICS: 1312.8519700107818
  CPU_MATRIX_MULT_SSE: 3570.2459889187307
  CPU_mm: 573.05659216067932
  CPU_sse: 3010.2024149278277
  CPU_fma: 4130.2895629096338
  CPU_avx: 0
  CPU_avx512: 0
  m_CPU_enc_SHA: 1106012125.8720827
  m_CPU_enc_AES: 488772794.09372514
  m_CPU_enc_ECDSA: 760483234.38149762
  ME_ALLOC_S: 4984.9094728935825
  ME_READ_S: 25668.5986328125
  ME_READ_L: 18617.3984375
  ME_WRITE: 25652.6796875
  ME_LARGE: 5993.5
  ME_LATENCY: 52.440803482052793
  ME_THREADED: 73885.28515625
  SUMM_CPU: 3975.6761591222744
  SUMM_ME: 2694.2687398120988
SystemInformation:
  OSName: Ubuntu 24.04.1 LTS
  Kernel: 6.8.0-1017-azure
  Device: ""
  Processor: ARM Neoverse-N2 4 Core 0 MHz
  NumSockets: 1
  Manufacturer: ARM
  NumCores: 4
  NumLogicals: 4
  CPUFrequency: 0
  Memory: 15958
Checksum: 2EB56150ED02F97A6CDF584ABD361751CF8D87F5