BaselineInfo:
  WebDBID: -1
  TimeStamp: 20241109045711
Version:
  Major: 11
  Minor: 0
  Build: 1002
  SpecialBuildName: ""
  ptArchitecture: x86_64_linux
Results:
  Results Complete: true
  NumTestProcesses: 48
  CPU_INTEGER_MATH: 202146.04066666664
  CPU_FLOATINGPOINT_MATH: 103340.5382098032
  CPU_PRIME: 231.30715303231975
  CPU_SORTING: 98663.049515569859
  CPU_ENCRYPTION: 43318.730820253098
  CPU_COMPRESSION: 731140.88872599462
  CPU_SINGLETHREAD: 2435.7327531279852
  CPU_PHYSICS: 3573.6253435954209
  CPU_MATRIX_MULT_SSE: 40881.059073086086
  CPU_mm: 4353.4775685681452
  CPU_sse: 18031.082692906562
  CPU_fma: 48379.165718513512
  CPU_avx: 37417.797209864206
  CPU_avx512: 59696.190671060031
  m_CPU_enc_SHA: 43972892332.516052
  m_CPU_enc_AES: 65624834875.406593
  m_CPU_enc_ECDSA: 26671217257.81049
  ME_ALLOC_S: 21456.194523596369
  ME_READ_S: 24500.408593749999
  ME_READ_L: 12551.1875
  ME_WRITE: 11033.8955078125
  ME_LARGE: 85231.083333333328
  ME_LATENCY: 51.356881750437687
  ME_THREADED: 153678.95825195312
  SUMM_CPU: 48476.626505931919
  SUMM_ME: 2837.7033322030557
SystemInformation:
  OSName: Ubuntu 24.04.1 LTS
  Kernel: 6.8.0-1017-azure
  Device: ""
  Processor: Intel Xeon Platinum 8370C CPU @ 2.80GHz
  NumSockets: 1
  Manufacturer: GenuineIntel
  NumCores: 24
  NumLogicals: 48
  CPUFrequency: 2800
  Memory: 96539
  MemModuleInfo:
    iNumMemSticks: 3
    DIMM 1:
      manufacturer: Microsoft Corporation
      modulePartNo: None
      memType: Unknown
      size: 1
      clkspeed: 0
      moduleVoltage: 0
    DIMM 2:
      manufacturer: Microsoft Corporation
      modulePartNo: None
      memType: Unknown
      size: 59
      clkspeed: 0
      moduleVoltage: 0
    DIMM 3:
      manufacturer: Microsoft Corporation
      modulePartNo: None
      memType: Unknown
      size: 36
      clkspeed: 0
      moduleVoltage: 0
Checksum: 177E721128F4F6B3368117611873FFDD121B36DE