---
system-info:
      stress-ng-version: 0.17.08
      run-by: root
      date-yyyy-mm-dd: 2024:06:13
      time-hh-mm-ss: 19:55:58
      epoch-secs: 1718308558
      hostname: ac2b6652da73
      sysname: Linux
      nodename: ac2b6652da73
      release: 6.8.0-1008-aws
      version: '#8-Ubuntu SMP Sat Apr 20 00:46:25 UTC 2024'
      machine: x86_64
      compiler: 'musl-gcc 13.2.1'
      uptime: 136
      totalram: 66333839360
      freeram: 61914660864
      sharedram: 59875328
      bufferram: 107339776
      totalswap: 0
      freeswap: 0
      pagesize: 4096
      cpus: 8
      cpus-online: 8
      ticks-per-second: 100

metrics:
    - stressor: cpu
      bogo-ops: 37805
      bogo-ops-per-second-usr-sys-time: 1890.228640
      bogo-ops-per-second-real-time: 1890.240536
      wall-clock-time: 20.000100
      user-time: 19.999227
      system-time: 0.000999
      cpu-usage-per-instance: 100.000629
      max-rss: 1104

...
