---
system-info:
      stress-ng-version: 0.17.08
      run-by: root
      date-yyyy-mm-dd: 2024:06:08
      time-hh-mm-ss: 07:19:15
      epoch-secs: 1717831155
      hostname: af6ab87bcbe9
      sysname: Linux
      nodename: af6ab87bcbe9
      release: 6.8.0-1008-aws
      version: '#8-Ubuntu SMP Sat Apr 20 00:46:25 UTC 2024'
      machine: x86_64
      compiler: 'musl-gcc 13.2.1'
      uptime: 117
      totalram: 66333839360
      freeram: 61914529792
      sharedram: 59875328
      bufferram: 97906688
      totalswap: 0
      freeswap: 0
      pagesize: 4096
      cpus: 8
      cpus-online: 8
      ticks-per-second: 100

metrics:
    - stressor: cpu
      bogo-ops: 16653
      bogo-ops-per-second-usr-sys-time: 1665.314988
      bogo-ops-per-second-real-time: 1665.029581
      wall-clock-time: 10.001624
      user-time: 9.998911
      system-time: 0.000999
      cpu-usage-per-instance: 99.982862
      max-rss: 3920

...
