BaselineInfo:
  WebDBID: -1
  TimeStamp: 20241108174524
Version:
  Major: 11
  Minor: 0
  Build: 1002
  SpecialBuildName: ""
  ptArchitecture: x86_64_linux
Results:
  Results Complete: true
  NumTestProcesses: 64
  CPU_INTEGER_MATH: 265208.24066666665
  CPU_FLOATINGPOINT_MATH: 146221.35919435768
  CPU_PRIME: 464.41725591051437
  CPU_SORTING: 137790.30756761783
  CPU_ENCRYPTION: 68639.905447617712
  CPU_COMPRESSION: 1002526.6930720471
  CPU_SINGLETHREAD: 2386.2300186606935
  CPU_PHYSICS: 7916.6296039769259
  CPU_MATRIX_MULT_SSE: 52115.999210674177
  CPU_mm: 7038.5648205472971
  CPU_sse: 29252.873841143344
  CPU_fma: 71459.874167240894
  CPU_avx: 55635.249623638374
  CPU_avx512: 0
  m_CPU_enc_SHA: 99484922487.20369
  m_CPU_enc_AES: 63642021581.837883
  m_CPU_enc_ECDSA: 52795528414.882065
  ME_ALLOC_S: 25379.150587739496
  ME_READ_S: 24326.083398437499
  ME_READ_L: 17226.564453125
  ME_WRITE: 17940.4609375
  ME_LARGE: 52936.333333333336
  ME_LATENCY: 62.874048928313705
  ME_THREADED: 159394.29992675781
  SUMM_CPU: 62086.517581899127
  SUMM_ME: 2834.0992087455161
SystemInformation:
  OSName: Ubuntu 24.04.1 LTS
  Kernel: 6.8.0-1015-gcp
  Device: ""
  Processor: AMD EPYC 7B13
  NumSockets: 1
  Manufacturer: AuthenticAMD
  NumCores: 32
  NumLogicals: 64
  CPUFrequency: 0
  Memory: 64279
  MemModuleInfo:
    iNumMemSticks: 4
    DIMM 1:
      manufacturer: ""
      modulePartNo: ""
      memType: RAM
      size: 16
      clkspeed: 0
      moduleVoltage: 0
    DIMM 2:
      manufacturer: ""
      modulePartNo: ""
      memType: RAM
      size: 16
      clkspeed: 0
      moduleVoltage: 0
    DIMM 3:
      manufacturer: ""
      modulePartNo: ""
      memType: RAM
      size: 16
      clkspeed: 0
      moduleVoltage: 0
    DIMM 4:
      manufacturer: ""
      modulePartNo: ""
      memType: RAM
      size: 16
      clkspeed: 0
      moduleVoltage: 0
Checksum: F25E69FDF347FE046D342113901D26B46CF65A1E