BaselineInfo:
  WebDBID: -1
  TimeStamp: 20241109044048
Version:
  Major: 11
  Minor: 0
  Build: 1002
  SpecialBuildName: ""
  ptArchitecture: x86_64_linux
Results:
  Results Complete: true
  NumTestProcesses: 32
  CPU_INTEGER_MATH: 134516.52899999998
  CPU_FLOATINGPOINT_MATH: 68877.869093235
  CPU_PRIME: 195.11464309886316
  CPU_SORTING: 68413.194098330685
  CPU_ENCRYPTION: 29210.72037618827
  CPU_COMPRESSION: 492708.44942563097
  CPU_SINGLETHREAD: 2435.8934530273186
  CPU_PHYSICS: 3130.3468671700148
  CPU_MATRIX_MULT_SSE: 28389.264393828733
  CPU_mm: 2901.7870797553396
  CPU_sse: 12666.0052124584
  CPU_fma: 35109.746584541281
  CPU_avx: 25922.956787931395
  CPU_avx512: 39858.348990383893
  m_CPU_enc_SHA: 29497752925.116547
  m_CPU_enc_AES: 44497286763.539452
  m_CPU_enc_ECDSA: 17893941298.890003
  ME_ALLOC_S: 15312.741063441872
  ME_READ_S: 24461.182031249999
  ME_READ_L: 12275.548828125
  ME_WRITE: 11081.8720703125
  ME_LARGE: 246875.33333333334
  ME_LATENCY: 51.721080951768776
  ME_THREADED: 135311.4189453125
  SUMM_CPU: 36843.615290404945
  SUMM_ME: 2821.0707623257972
SystemInformation:
  OSName: Ubuntu 24.04.1 LTS
  Kernel: 6.8.0-1017-azure
  Device: ""
  Processor: Intel Xeon Platinum 8370C CPU @ 2.80GHz
  NumSockets: 1
  Manufacturer: GenuineIntel
  NumCores: 16
  NumLogicals: 32
  CPUFrequency: 2800
  Memory: 257730
  MemModuleInfo:
    iNumMemSticks: 3
    DIMM 1:
      manufacturer: Microsoft Corporation
      modulePartNo: None
      memType: Unknown
      size: 1
      clkspeed: 0
      moduleVoltage: 0
    DIMM 2:
      manufacturer: Microsoft Corporation
      modulePartNo: None
      memType: Unknown
      size: 59
      clkspeed: 0
      moduleVoltage: 0
    DIMM 3:
      manufacturer: Microsoft Corporation
      modulePartNo: None
      memType: Unknown
      size: 196
      clkspeed: 0
      moduleVoltage: 0
Checksum: B750DC24629DE0177B68F5FA0C279029B8780C9B