---
system-info:
      stress-ng-version: 0.17.08
      run-by: root
      date-yyyy-mm-dd: 2024:06:15
      time-hh-mm-ss: 19:55:18
      epoch-secs: 1718481318
      hostname: 2ec8f8d0fc3c
      sysname: Linux
      nodename: 2ec8f8d0fc3c
      release: 6.8.0-1008-aws
      version: '#8-Ubuntu SMP Sat Apr 20 00:46:25 UTC 2024'
      machine: x86_64
      compiler: 'musl-gcc 13.2.1'
      uptime: 147
      totalram: 1065117110272
      freeram: 1058899136512
      sharedram: 117661696
      bufferram: 110804992
      totalswap: 0
      freeswap: 0
      pagesize: 4096
      cpus: 128
      cpus-online: 128
      ticks-per-second: 100

metrics:
    - stressor: cpu
      bogo-ops: 2433989
      bogo-ops-per-second-usr-sys-time: 951.178988
      bogo-ops-per-second-real-time: 121698.975657
      wall-clock-time: 20.000078
      user-time: 2558.856996
      system-time: 0.060969
      cpu-usage-per-instance: 99.957343
      max-rss: 0

...
