---
system-info:
      stress-ng-version: 0.17.08
      run-by: root
      date-yyyy-mm-dd: 2024:06:09
      time-hh-mm-ss: 17:19:47
      epoch-secs: 1717953587
      hostname: af53ec8ef6e0
      sysname: Linux
      nodename: af53ec8ef6e0
      release: 6.8.0-1008-aws
      version: '#8-Ubuntu SMP Sat Apr 20 00:46:25 UTC 2024'
      machine: x86_64
      compiler: 'musl-gcc 13.2.1'
      uptime: 139
      totalram: 1065117122560
      freeram: 1058590105600
      sharedram: 117661696
      bufferram: 112046080
      totalswap: 0
      freeswap: 0
      pagesize: 4096
      cpus: 128
      cpus-online: 128
      ticks-per-second: 100

metrics:
    - stressor: cpu
      bogo-ops: 1536686
      bogo-ops-per-second-usr-sys-time: 1201.448775
      bogo-ops-per-second-real-time: 153640.576175
      wall-clock-time: 10.001824
      user-time: 1278.853562
      system-time: 0.173919
      cpu-usage-per-instance: 99.905799
      max-rss: 3072

...
