BaselineInfo:
  WebDBID: -1
  TimeStamp: 20250421220615
Version:
  Major: 11
  Minor: 0
  Build: 1002
  SpecialBuildName: ""
  ptArchitecture: aarch64_linux
Results:
  Results Complete: true
  NumTestProcesses: 2
  CPU_INTEGER_MATH: 10400.861000000001
  CPU_FLOATINGPOINT_MATH: 12092.244370107866
  CPU_PRIME: 34.504046780343089
  CPU_SORTING: 9177.6140281695589
  CPU_ENCRYPTION: 372.2469449237492
  CPU_COMPRESSION: 13103.220865184014
  CPU_SINGLETHREAD: 1941.6898719110807
  CPU_PHYSICS: 682.46731740348116
  CPU_MATRIX_MULT_SSE: 1837.2772552624733
  CPU_mm: 226.32269815409049
  CPU_sse: 1444.1146760899583
  CPU_fma: 2230.4398344349884
  CPU_avx: 0
  CPU_avx512: 0
  m_CPU_enc_SHA: 584019488.90029347
  m_CPU_enc_AES: 214257999.80170774
  m_CPU_enc_ECDSA: 372710148.85909438
  ME_ALLOC_S: 3023.028424267889
  ME_READ_S: 19508.791796875001
  ME_READ_L: 19944.818359375
  ME_WRITE: 21296.26171875
  ME_LARGE: 971.08333333333337
  ME_LATENCY: 47.115913421759522
  ME_THREADED: 38757.1015625
  SUMM_CPU: 1986.0825032636087
  SUMM_ME: 1473.7476625417708
SystemInformation:
  OSName: Ubuntu 24.04.2 LTS
  Kernel: 6.8.0-1027-aws
  Device: ""
  Processor: ARM Neoverse-V2 2 Core 0 MHz
  NumSockets: 1
  Manufacturer: ARM
  NumCores: 2
  NumLogicals: 2
  CPUFrequency: 0
  Memory: 7763
Checksum: 3F0002A78EB47BC65D0B96E66D6C15CB4F43803B