BaselineInfo:
  WebDBID: -1
  TimeStamp: 20241108113203
Version:
  Major: 11
  Minor: 0
  Build: 1002
  SpecialBuildName: ""
  ptArchitecture: x86_64_linux
Results:
  Results Complete: true
  NumTestProcesses: 16
  CPU_INTEGER_MATH: 67280.239000000001
  CPU_FLOATINGPOINT_MATH: 34398.715653392726
  CPU_PRIME: 132.6068382966516
  CPU_SORTING: 34864.745796103438
  CPU_ENCRYPTION: 14579.919854479798
  CPU_COMPRESSION: 249033.01453653781
  CPU_SINGLETHREAD: 2428.6474208490513
  CPU_PHYSICS: 2231.9335565726683
  CPU_MATRIX_MULT_SSE: 14092.07048274662
  CPU_mm: 1448.4007760809907
  CPU_sse: 6325.2230495477297
  CPU_fma: 17532.803715572976
  CPU_avx: 12946.898045973901
  CPU_avx512: 19563.357119891873
  m_CPU_enc_SHA: 14687632301.019402
  m_CPU_enc_AES: 22146796810.372231
  m_CPU_enc_ECDSA: 9030033012.6013908
  ME_ALLOC_S: 7997.5816386954984
  ME_READ_S: 24247.611132812501
  ME_READ_L: 12294.982421875
  ME_WRITE: 10888.3212890625
  ME_LARGE: 118576.91666666667
  ME_LATENCY: 51.914056523669863
  ME_THREADED: 90076.37744140625
  SUMM_CPU: 21180.441895671873
  SUMM_ME: 2736.4334375595968
SystemInformation:
  OSName: Ubuntu 24.04.1 LTS
  Kernel: 6.8.0-1017-azure
  Device: ""
  Processor: Intel Xeon Platinum 8370C CPU @ 2.80GHz
  NumSockets: 1
  Manufacturer: GenuineIntel
  NumCores: 8
  NumLogicals: 16
  CPUFrequency: 2800
  Memory: 128808
  MemModuleInfo:
    iNumMemSticks: 3
    DIMM 1:
      manufacturer: Microsoft Corporation
      modulePartNo: None
      memType: Unknown
      size: 1
      clkspeed: 0
      moduleVoltage: 0
    DIMM 2:
      manufacturer: Microsoft Corporation
      modulePartNo: None
      memType: Unknown
      size: 59
      clkspeed: 0
      moduleVoltage: 0
    DIMM 3:
      manufacturer: Microsoft Corporation
      modulePartNo: None
      memType: Unknown
      size: 68
      clkspeed: 0
      moduleVoltage: 0
Checksum: AC53443D0859F5F7AD9052FFDC067D5D079D41A5