BaselineInfo:
  WebDBID: -1
  TimeStamp: 20241109223733
Version:
  Major: 11
  Minor: 0
  Build: 1002
  SpecialBuildName: ""
  ptArchitecture: x86_64_linux
Results:
  Results Complete: true
  NumTestProcesses: 48
  CPU_INTEGER_MATH: 201390.24566666665
  CPU_FLOATINGPOINT_MATH: 102982.05651905089
  CPU_PRIME: 232.49248768315778
  CPU_SORTING: 100150.57480352416
  CPU_ENCRYPTION: 43605.768305143494
  CPU_COMPRESSION: 732912.01064157754
  CPU_SINGLETHREAD: 2372.2499922225215
  CPU_PHYSICS: 3996.3098161554744
  CPU_MATRIX_MULT_SSE: 43127.264292748419
  CPU_mm: 4341.0297959379604
  CPU_sse: 18640.450514248423
  CPU_fma: 51450.791906412349
  CPU_avx: 38734.253492037118
  CPU_avx512: 63683.561258295762
  m_CPU_enc_SHA: 44112752120.17495
  m_CPU_enc_AES: 66180062999.873604
  m_CPU_enc_ECDSA: 26879071198.95393
  ME_ALLOC_S: 21107.906283328146
  ME_READ_S: 24410.528710937499
  ME_READ_L: 12216.06640625
  ME_WRITE: 10748.3447265625
  ME_LARGE: 369296
  ME_LATENCY: 57.250533501203314
  ME_THREADED: 156615.998046875
  SUMM_CPU: 48727.925623400959
  SUMM_ME: 2702.0732110069671
SystemInformation:
  OSName: Ubuntu 24.04.1 LTS
  Kernel: 6.8.0-1016-aws
  Device: ""
  Processor: Intel Xeon Platinum 8375C CPU @ 2.90GHz
  NumSockets: 1
  Manufacturer: GenuineIntel
  NumCores: 24
  NumLogicals: 48
  CPUFrequency: 0
  Memory: 380668
  MemModuleInfo:
    iNumMemSticks: 1
    DIMM 1:
      manufacturer: Not Specified
      modulePartNo: Not Specified
      memType: DDR4
      size: 384
      clkspeed: 1600
      moduleVoltage: 0
Checksum: 74BCAC219D2A94855CBE395C2A26AE6651CA2528