---
system-info:
      stress-ng-version: 0.17.08
      run-by: root
      date-yyyy-mm-dd: 2024:07:09
      time-hh-mm-ss: 18:42:06
      epoch-secs: 1720550526
      hostname: ip-172-31-22-252
      sysname: Linux
      nodename: ip-172-31-22-252
      release: 6.8.0-1009-aws
      version: '#9-Ubuntu SMP Fri May 17 20:15:49 UTC 2024'
      machine: aarch64
      compiler: 'musl-gcc 13.2.1'
      uptime: 126
      totalram: 531280109568
      freeram: 525467435008
      sharedram: 39895040
      bufferram: 133787648
      totalswap: 0
      freeswap: 0
      pagesize: 4096
      cpus: 64
      cpus-online: 64
      ticks-per-second: 100

metrics:
    - stressor: cpu
      bogo-ops: 2181886
      bogo-ops-per-second-usr-sys-time: 1705.070899
      bogo-ops-per-second-real-time: 109093.985238
      wall-clock-time: 20.000058
      user-time: 1279.630330
      system-time: 0.014992
      cpu-usage-per-instance: 99.972002
      max-rss: 512

...
