BaselineInfo:
  WebDBID: -1
  TimeStamp: 20241108055132
Version:
  Major: 11
  Minor: 0
  Build: 1002
  SpecialBuildName: ""
  ptArchitecture: x86_64_linux
Results:
  Results Complete: true
  NumTestProcesses: 16
  CPU_INTEGER_MATH: 57600.643333333333
  CPU_FLOATINGPOINT_MATH: 46886.54780822801
  CPU_PRIME: 142.58225517852415
  CPU_SORTING: 34822.119686711027
  CPU_ENCRYPTION: 7413.7033964397715
  CPU_COMPRESSION: 291946.41462723701
  CPU_SINGLETHREAD: 1796.9390801146842
  CPU_PHYSICS: 2117.4499973111851
  CPU_MATRIX_MULT_SSE: 24593.830618558735
  CPU_mm: 2627.3977840500856
  CPU_sse: 9976.2313269127171
  CPU_fma: 32754.572522219372
  CPU_avx: 22143.459538845222
  CPU_avx512: 33501.059086257635
  m_CPU_enc_SHA: 4076659578.4943404
  m_CPU_enc_AES: 15668091011.24872
  m_CPU_enc_ECDSA: 3576743768.1326284
  ME_ALLOC_S: 10458.391208462775
  ME_READ_S: 21391.437695312499
  ME_READ_L: 11057.2802734375
  ME_WRITE: 9996.6357421875
  ME_LARGE: 54046.416666666664
  ME_LATENCY: 48.909668954141701
  ME_THREADED: 96937.591796875
  SUMM_CPU: 20141.199781312313
  SUMM_ME: 2637.869657103638
SystemInformation:
  OSName: Ubuntu 24.04.1 LTS
  Kernel: 6.8.0-1017-azure
  Device: ""
  Processor: Intel Xeon Platinum 8272CL CPU @ 2.60GHz
  NumSockets: 1
  Manufacturer: GenuineIntel
  NumCores: 16
  NumLogicals: 16
  CPUFrequency: 0
  Memory: 64297
  MemModuleInfo:
    iNumMemSticks: 3
    DIMM 1:
      manufacturer: Microsoft Corporation
      modulePartNo: None
      memType: Unknown
      size: 1
      clkspeed: 0
      moduleVoltage: 0
    DIMM 2:
      manufacturer: Microsoft Corporation
      modulePartNo: None
      memType: Unknown
      size: 60928
      clkspeed: 0
      moduleVoltage: 0
    DIMM 3:
      manufacturer: Microsoft Corporation
      modulePartNo: None
      memType: Unknown
      size: 3584
      clkspeed: 0
      moduleVoltage: 0
Checksum: C2B14E538D8DBA737B2CF4D9BB09A2242167C81F