---
system-info:
      stress-ng-version: 0.17.08
      run-by: root
      date-yyyy-mm-dd: 2024:06:08
      time-hh-mm-ss: 20:40:44
      epoch-secs: 1717879244
      hostname: 1502259d88bb
      sysname: Linux
      nodename: 1502259d88bb
      release: 6.8.0-1008-aws
      version: '#8-Ubuntu SMP Sat Apr 20 02:43:14 UTC 2024'
      machine: aarch64
      compiler: 'musl-gcc 13.2.1'
      uptime: 106
      totalram: 66199490560
      freeram: 61614043136
      sharedram: 35020800
      bufferram: 104673280
      totalswap: 0
      freeswap: 0
      pagesize: 4096
      cpus: 16
      cpus-online: 16
      ticks-per-second: 100

metrics:
    - stressor: cpu
      bogo-ops: 68236
      bogo-ops-per-second-usr-sys-time: 425.045606
      bogo-ops-per-second-real-time: 6793.532023
      wall-clock-time: 10.044260
      user-time: 160.529073
      system-time: 0.008994
      cpu-usage-per-instance: 99.894163
      max-rss: 4136

...
