---
system-info:
      stress-ng-version: 0.17.08
      run-by: root
      date-yyyy-mm-dd: 2024:06:15
      time-hh-mm-ss: 05:20:14
      epoch-secs: 1718428814
      hostname: b21d29026e66
      sysname: Linux
      nodename: b21d29026e66
      release: 6.8.0-1008-aws
      version: '#8-Ubuntu SMP Sat Apr 20 02:43:14 UTC 2024'
      machine: aarch64
      compiler: 'musl-gcc 13.2.1'
      uptime: 113
      totalram: 66199494656
      freeram: 61791293440
      sharedram: 35020800
      bufferram: 107638784
      totalswap: 0
      freeswap: 0
      pagesize: 4096
      cpus: 16
      cpus-online: 16
      ticks-per-second: 100

metrics:
    - stressor: cpu
      bogo-ops: 490109
      bogo-ops-per-second-usr-sys-time: 1533.111208
      bogo-ops-per-second-real-time: 24505.350531
      wall-clock-time: 20.000081
      user-time: 319.672622
      system-time: 0.009993
      cpu-usage-per-instance: 99.900412
      max-rss: 1192

...
