---
system-info:
      stress-ng-version: 0.17.08
      run-by: root
      date-yyyy-mm-dd: 2024:09:16
      time-hh-mm-ss: 23:27:34
      epoch-secs: 1726529254
      hostname: sc-runner
      sysname: Linux
      nodename: sc-runner
      release: 6.8.0-1014-azure
      version: '#16-Ubuntu SMP Thu Aug 15 20:04:41 UTC 2024'
      machine: x86_64
      compiler: 'musl-gcc 13.2.1'
      uptime: 272
      totalram: 135065255936
      freeram: 124610183168
      sharedram: 55029760
      bufferram: 256647168
      totalswap: 0
      freeswap: 0
      pagesize: 4096
      cpus: 16
      cpus-online: 16
      ticks-per-second: 100

metrics:
    - stressor: cpu
      bogo-ops: 310699
      bogo-ops-per-second-usr-sys-time: 971.883720
      bogo-ops-per-second-real-time: 15534.900844
      wall-clock-time: 20.000063
      user-time: 319.668433
      system-time: 0.018988
      cpu-usage-per-instance: 99.902003
      max-rss: 3120

...
