---
system-info:
      stress-ng-version: 0.17.08
      run-by: root
      date-yyyy-mm-dd: 2024:09:17
      time-hh-mm-ss: 05:28:50
      epoch-secs: 1726550930
      hostname: sc-runner
      sysname: Linux
      nodename: sc-runner
      release: 6.8.0-1014-azure
      version: '#16-Ubuntu SMP Thu Aug 15 20:04:41 UTC 2024'
      machine: x86_64
      compiler: 'musl-gcc 13.2.1'
      uptime: 279
      totalram: 270250336256
      freeram: 259403456512
      sharedram: 55177216
      bufferram: 283299840
      totalswap: 0
      freeswap: 0
      pagesize: 4096
      cpus: 32
      cpus-online: 32
      ticks-per-second: 100

metrics:
    - stressor: cpu
      bogo-ops: 619966
      bogo-ops-per-second-usr-sys-time: 969.254664
      bogo-ops-per-second-real-time: 30998.138944
      wall-clock-time: 20.000104
      user-time: 639.596697
      system-time: 0.034994
      cpu-usage-per-instance: 99.941932
      max-rss: 3080

...
