---
system-info:
      stress-ng-version: 0.17.08
      run-by: root
      date-yyyy-mm-dd: 2024:06:07
      time-hh-mm-ss: 23:30:24
      epoch-secs: 1717803024
      hostname: 00f3f5344875
      sysname: Linux
      nodename: 00f3f5344875
      release: 6.8.0-31-generic
      version: '#31-Ubuntu SMP PREEMPT_DYNAMIC Sat Apr 20 02:32:42 UTC 2024'
      machine: aarch64
      compiler: 'musl-gcc 13.2.1'
      uptime: 59
      totalram: 16333471744
      freeram: 12837560320
      sharedram: 6787072
      bufferram: 95776768
      totalswap: 0
      freeswap: 0
      pagesize: 4096
      cpus: 8
      cpus-online: 8
      ticks-per-second: 100

metrics:
    - stressor: cpu
      bogo-ops: 27928
      bogo-ops-per-second-usr-sys-time: 348.166253
      bogo-ops-per-second-real-time: 2777.160609
      wall-clock-time: 10.056314
      user-time: 80.202563
      system-time: 0.011989
      cpu-usage-per-instance: 99.706699
      max-rss: 4008

...
