---
system-info:
      stress-ng-version: 0.17.08
      run-by: root
      date-yyyy-mm-dd: 2024:06:14
      time-hh-mm-ss: 22:03:41
      epoch-secs: 1718402621
      hostname: 3bdc0bb875ca
      sysname: Linux
      nodename: 3bdc0bb875ca
      release: 6.8.0-31-generic
      version: '#31-Ubuntu SMP PREEMPT_DYNAMIC Sat Apr 20 02:32:42 UTC 2024'
      machine: aarch64
      compiler: 'musl-gcc 13.2.1'
      uptime: 66
      totalram: 16333471744
      freeram: 12825473024
      sharedram: 6787072
      bufferram: 109727744
      totalswap: 0
      freeswap: 0
      pagesize: 4096
      cpus: 8
      cpus-online: 8
      ticks-per-second: 100

metrics:
    - stressor: cpu
      bogo-ops: 287994
      bogo-ops-per-second-usr-sys-time: 1808.333207
      bogo-ops-per-second-real-time: 14399.665797
      wall-clock-time: 20.000048
      user-time: 159.254381
      system-time: 0.004985
      cpu-usage-per-instance: 99.536867
      max-rss: 1320

...
