---
system-info:
      stress-ng-version: 0.17.08
      run-by: root
      date-yyyy-mm-dd: 2024:09:11
      time-hh-mm-ss: 19:41:21
      epoch-secs: 1726083681
      hostname: ip-172-31-31-159
      sysname: Linux
      nodename: ip-172-31-31-159
      release: 6.8.0-1014-aws
      version: '#15-Ubuntu SMP Thu Aug  8 19:13:06 UTC 2024'
      machine: x86_64
      compiler: 'musl-gcc 13.2.1'
      uptime: 217
      totalram: 198485151744
      freeram: 188871823360
      sharedram: 78659584
      bufferram: 221601792
      totalswap: 0
      freeswap: 0
      pagesize: 4096
      cpus: 96
      cpus-online: 96
      ticks-per-second: 100

metrics:
    - stressor: cpu
      bogo-ops: 31340
      bogo-ops-per-second-usr-sys-time: 1567.044347
      bogo-ops-per-second-real-time: 1566.998244
      wall-clock-time: 20.000022
      user-time: 19.999434
      system-time: 0.000000
      cpu-usage-per-instance: 99.997058
      max-rss: 768

...
