BaselineInfo:
  WebDBID: -1
  TimeStamp: 20250103145328
Version:
  Major: 11
  Minor: 0
  Build: 1002
  SpecialBuildName: ""
  ptArchitecture: x86_64_linux
Results:
  Results Complete: true
  NumTestProcesses: 32
  CPU_INTEGER_MATH: 152057.57600000003
  CPU_FLOATINGPOINT_MATH: 85054.373673218055
  CPU_PRIME: 243.17423252982792
  CPU_SORTING: 90220.727796842926
  CPU_ENCRYPTION: 38547.241326867392
  CPU_COMPRESSION: 616853.03029692743
  CPU_SINGLETHREAD: 2905.6078984259148
  CPU_PHYSICS: 4557.5550703176787
  CPU_MATRIX_MULT_SSE: 43944.330555039363
  CPU_mm: 4071.3043409735742
  CPU_sse: 17939.303612420568
  CPU_fma: 56250.067952894264
  CPU_avx: 46325.761335609051
  CPU_avx512: 55262.189319233592
  m_CPU_enc_SHA: 53976471691.156471
  m_CPU_enc_AES: 36641790411.17968
  m_CPU_enc_ECDSA: 30640874262.347763
  ME_ALLOC_S: 14902.074565376704
  ME_READ_S: 27844.586523437501
  ME_READ_L: 27529.9453125
  ME_WRITE: 26828.556640625
  ME_LARGE: 246019.33333333334
  ME_LATENCY: 76.567671910200289
  ME_THREADED: 79067.9541015625
  SUMM_CPU: 46700.335132152388
  SUMM_ME: 2775.750666070287
SystemInformation:
  OSName: Ubuntu 24.04.1 LTS
  Kernel: 6.8.0-1017-azure
  Device: ""
  Processor: AMD EPYC 9V74 80-Core Processor
  NumSockets: 1
  Manufacturer: AuthenticAMD
  NumCores: 16
  NumLogicals: 32
  CPUFrequency: 0
  Memory: 257731
  MemModuleInfo:
    iNumMemSticks: 3
    DIMM 1:
      manufacturer: Microsoft Corporation
      modulePartNo: None
      memType: Unknown
      size: 1
      clkspeed: 0
      moduleVoltage: 0
    DIMM 2:
      manufacturer: Microsoft Corporation
      modulePartNo: None
      memType: Unknown
      size: 59
      clkspeed: 0
      moduleVoltage: 0
    DIMM 3:
      manufacturer: Microsoft Corporation
      modulePartNo: None
      memType: Unknown
      size: 196
      clkspeed: 0
      moduleVoltage: 0
Checksum: 2A9BA43F654B8B4A4663250D6CE58FD98063351E