---
system-info:
      stress-ng-version: 0.17.08
      run-by: root
      date-yyyy-mm-dd: 2024:06:21
      time-hh-mm-ss: 10:12:41
      epoch-secs: 1718964761
      hostname: 6afebb47e8e6
      sysname: Linux
      nodename: 6afebb47e8e6
      release: 6.8.0-1008-gcp
      version: '#9-Ubuntu SMP Wed May 22 18:09:04 UTC 2024'
      machine: x86_64
      compiler: 'musl-gcc 13.2.1'
      uptime: 202
      totalram: 54741139456
      freeram: 49571860480
      sharedram: 48623616
      bufferram: 135286784
      totalswap: 0
      freeswap: 0
      pagesize: 4096
      cpus: 8
      cpus-online: 8
      ticks-per-second: 100

metrics:
    - stressor: cpu
      bogo-ops: 22249
      bogo-ops-per-second-usr-sys-time: 1112.594025
      bogo-ops-per-second-real-time: 1112.441553
      wall-clock-time: 20.000152
      user-time: 19.997411
      system-time: 0.000000
      cpu-usage-per-instance: 99.986296
      max-rss: 1104

...
