BaselineInfo:
  WebDBID: -1
  TimeStamp: 20241109030031
Version:
  Major: 11
  Minor: 0
  Build: 1002
  SpecialBuildName: ""
  ptArchitecture: x86_64_linux
Results:
  Results Complete: true
  NumTestProcesses: 48
  CPU_INTEGER_MATH: 199884.95099999997
  CPU_FLOATINGPOINT_MATH: 109811.82436713358
  CPU_PRIME: 289.79542187295289
  CPU_SORTING: 104546.96351716443
  CPU_ENCRYPTION: 51516.842999734625
  CPU_COMPRESSION: 758630.1478990094
  CPU_SINGLETHREAD: 2406.3364892697155
  CPU_PHYSICS: 5382.5387786634283
  CPU_MATRIX_MULT_SSE: 45077.9966710187
  CPU_mm: 5405.9048280340539
  CPU_sse: 22952.22271612017
  CPU_fma: 62586.04899909388
  CPU_avx: 49695.718297842017
  CPU_avx512: 0
  m_CPU_enc_SHA: 74708927092.455963
  m_CPU_enc_AES: 47774719937.354897
  m_CPU_enc_ECDSA: 39574328466.058372
  ME_ALLOC_S: 19812.345841549897
  ME_READ_S: 24516.2373046875
  ME_READ_L: 20707.78515625
  ME_WRITE: 19946.4140625
  ME_LARGE: 374956
  ME_LATENCY: 61.895158724205338
  ME_THREADED: 113215.15771484375
  SUMM_CPU: 51680.814751950558
  SUMM_ME: 2969.8986697979212
SystemInformation:
  OSName: Ubuntu 24.04.1 LTS
  Kernel: 6.8.0-1017-azure
  Device: ""
  Processor: AMD EPYC 7763 64-Core Processor
  NumSockets: 1
  Manufacturer: AuthenticAMD
  NumCores: 24
  NumLogicals: 48
  CPUFrequency: 0
  Memory: 386939
  MemModuleInfo:
    iNumMemSticks: 5
    DIMM 1:
      manufacturer: Microsoft Corporation
      modulePartNo: None
      memType: Unknown
      size: 1
      clkspeed: 0
      moduleVoltage: 0
    DIMM 2:
      manufacturer: Microsoft Corporation
      modulePartNo: None
      memType: Unknown
      size: 60928
      clkspeed: 0
      moduleVoltage: 0
    DIMM 3:
      manufacturer: Microsoft Corporation
      modulePartNo: None
      memType: Unknown
      size: 69120
      clkspeed: 0
      moduleVoltage: 0
    DIMM 4:
      manufacturer: Microsoft Corporation
      modulePartNo: None
      memType: Unknown
      size: 128
      clkspeed: 0
      moduleVoltage: 0
    DIMM 5:
      manufacturer: Microsoft Corporation
      modulePartNo: None
      memType: Unknown
      size: 128
      clkspeed: 0
      moduleVoltage: 0
Checksum: 153184705AC6BF95F776AC239E8A902C85A0F658