BaselineInfo:
  WebDBID: -1
  TimeStamp: 20241110182550
Version:
  Major: 11
  Minor: 0
  Build: 1002
  SpecialBuildName: ""
  ptArchitecture: x86_64_linux
Results:
  Results Complete: true
  NumTestProcesses: 128
  CPU_INTEGER_MATH: 536713.28200000001
  CPU_FLOATINGPOINT_MATH: 274443.83610503242
  CPU_PRIME: 554.19734356412164
  CPU_SORTING: 245674.11465664921
  CPU_ENCRYPTION: 112226.67742219828
  CPU_COMPRESSION: 1871760.8018848463
  CPU_SINGLETHREAD: 2427.7965431598232
  CPU_PHYSICS: 8627.6004757191713
  CPU_MATRIX_MULT_SSE: 107279.15859904974
  CPU_mm: 11101.353467273606
  CPU_sse: 47389.908403828398
  CPU_fma: 125472.3554404326
  CPU_avx: 97127.776334848095
  CPU_avx512: 159126.59421708999
  m_CPU_enc_SHA: 114882263738.90962
  m_CPU_enc_AES: 168343772796.57828
  m_CPU_enc_ECDSA: 69808564978.489059
  ME_ALLOC_S: 30075.869021967632
  ME_READ_S: 23674.383007812499
  ME_READ_L: 10995.6455078125
  ME_WRITE: 10441.0859375
  ME_LARGE: 2032921.5
  ME_LATENCY: 59.452164252378395
  ME_THREADED: 325707.07995605469
  SUMM_CPU: 87072.057577717133
  SUMM_ME: 2613.7499119741474
SystemInformation:
  OSName: Ubuntu 24.04.1 LTS
  Kernel: 6.8.0-1016-aws
  Device: ""
  Processor: Intel Xeon Platinum 8375C CPU @ 2.90GHz
  NumSockets: 2
  Manufacturer: GenuineIntel
  NumCores: 64
  NumLogicals: 128
  CPUFrequency: 0
  Memory: 2047966
  MemModuleInfo:
    iNumMemSticks: 2
    DIMM 1:
      manufacturer: Not Specified
      modulePartNo: Not Specified
      memType: DDR4
      size: 1
      clkspeed: 1600
      moduleVoltage: 0
    DIMM 2:
      manufacturer: Not Specified
      modulePartNo: Not Specified
      memType: DDR4
      size: 1
      clkspeed: 1600
      moduleVoltage: 0
Checksum: 5BA25782A329E6175E271106016772D2936824AB