---
system-info:
      stress-ng-version: 0.17.08
      run-by: root
      date-yyyy-mm-dd: 2024:09:17
      time-hh-mm-ss: 03:52:10
      epoch-secs: 1726545130
      hostname: sc-runner
      sysname: Linux
      nodename: sc-runner
      release: 6.8.0-1014-azure
      version: '#16-Ubuntu SMP Thu Aug 15 20:04:41 UTC 2024'
      machine: x86_64
      compiler: 'musl-gcc 13.2.1'
      uptime: 310
      totalram: 270259834880
      freeram: 259954724864
      sharedram: 42070016
      bufferram: 240697344
      totalswap: 0
      freeswap: 0
      pagesize: 4096
      cpus: 8
      cpus-online: 8
      ticks-per-second: 100

metrics:
    - stressor: cpu
      bogo-ops: 148581
      bogo-ops-per-second-usr-sys-time: 932.281382
      bogo-ops-per-second-real-time: 7429.009650
      wall-clock-time: 20.000109
      user-time: 159.355563
      system-time: 0.017994
      cpu-usage-per-instance: 99.607932
      max-rss: 3152

...
