BaselineInfo:
  WebDBID: -1
  TimeStamp: 20241108210029
Version:
  Major: 11
  Minor: 0
  Build: 1002
  SpecialBuildName: ""
  ptArchitecture: x86_64_linux
Results:
  Results Complete: true
  NumTestProcesses: 16
  CPU_INTEGER_MATH: 67095.662666666671
  CPU_FLOATINGPOINT_MATH: 34301.245063977214
  CPU_PRIME: 136.57561155544633
  CPU_SORTING: 34831.993501282042
  CPU_ENCRYPTION: 14561.26556994517
  CPU_COMPRESSION: 245009.76102382725
  CPU_SINGLETHREAD: 2368.9474251890661
  CPU_PHYSICS: 2353.3481705116287
  CPU_MATRIX_MULT_SSE: 14403.521908720257
  CPU_mm: 1445.3497670548134
  CPU_sse: 6368.1893681512074
  CPU_fma: 17484.859142573572
  CPU_avx: 12909.456378157236
  CPU_avx512: 20851.582745999007
  m_CPU_enc_SHA: 14708514498.076906
  m_CPU_enc_AES: 22059812967.67345
  m_CPU_enc_ECDSA: 9037453353.0621262
  ME_ALLOC_S: 7820.4661027558795
  ME_READ_S: 23370.616406249999
  ME_READ_L: 11365.291015625
  ME_WRITE: 10251.8955078125
  ME_LARGE: 116410.33333333333
  ME_LATENCY: 60.689100439477137
  ME_THREADED: 90979.94189453125
  SUMM_CPU: 21159.704917379862
  SUMM_ME: 2483.4455497832705
SystemInformation:
  OSName: Ubuntu 24.04.1 LTS
  Kernel: 6.8.0-1016-aws
  Device: ""
  Processor: Intel Xeon Platinum 8375C CPU @ 2.90GHz
  NumSockets: 1
  Manufacturer: GenuineIntel
  NumCores: 8
  NumLogicals: 16
  CPUFrequency: 0
  Memory: 126762
  MemModuleInfo:
    iNumMemSticks: 1
    DIMM 1:
      manufacturer: Not Specified
      modulePartNo: Not Specified
      memType: DDR4
      size: 128
      clkspeed: 1600
      moduleVoltage: 0
Checksum: E04B29F02FF6A38CA461F547D1AAEBB636DA3539