BaselineInfo:
  WebDBID: -1
  TimeStamp: 20260404093236
Version:
  Major: 11
  Minor: 0
  Build: 1004
  SpecialBuildName: ""
  ptArchitecture: x86_64_linux
Results:
  Results Complete: true
  NumTestProcesses: 12
  CPU_INTEGER_MATH: 50159.322666666667
  CPU_FLOATINGPOINT_MATH: 25680.169551387033
  CPU_PRIME: 87.434180988202954
  CPU_SORTING: 25354.285583939843
  CPU_ENCRYPTION: 6348.6742347099689
  CPU_COMPRESSION: 184186.48765602111
  CPU_SINGLETHREAD: 2335.6748470556759
  CPU_PHYSICS: 1435.159279881264
  CPU_MATRIX_MULT_SSE: 10436.298361986681
  CPU_mm: 1082.8071928826098
  CPU_sse: 4721.0822779728842
  CPU_fma: 13043.672755216974
  CPU_avx: 9663.7958453827687
  CPU_avx512: 14316.6425693741
  m_CPU_enc_SHA: 1799309472.7987967
  m_CPU_enc_AES: 16532375093.123882
  m_CPU_enc_ECDSA: 1639517737.0830472
  ME_ALLOC_S: 5645.0490698051372
  ME_READ_S: 24046.974804687499
  ME_READ_L: 7300.2529296875
  ME_WRITE: 7478.20703125
  ME_LARGE: 34044.416666666664
  ME_LATENCY: 55.420474599594435
  ME_THREADED: 35090.645263671875
  SUMM_CPU: 14790.004877050338
  SUMM_ME: 2112.4685483986359
SystemInformation:
  OSName: Ubuntu 24.04.4 LTS
  Kernel: 6.8.0-106-generic
  Device: ""
  Processor: Intel(R) Xeon(R) Platinum
  NumSockets: 1
  Manufacturer: GenuineIntel
  NumCores: 6
  NumLogicals: 12
  CPUFrequency: 0
  CPUMaxFrequency: 0
  Memory: 46999
  CPUInfo:
    number: 1
    Family: 6
    Model: 5
    stepping: 4
    features: 529267711
    manufacture: GenuineIntel
    typestring: Intel(R) Xeon(R) Platinum
    iCoresPerPackage: 6
    iThreadsPerPackage: 2
    featuresEx:
      - 529267711
      - 4294586883
      - 739248128
    bHybrid: false
    nPCore: 0
    nLogicalsPerPCore: 0
    nECore: 0
    nLogicalsPerECore: 0
  MemModuleInfo:
    iNumMemSticks: 3
    DIMM 1:
      manufacturer: Alibaba Cloud
      modulePartNo: Not Specified
      memType: RAM
      size: 16
      clkspeed: 0
      moduleVoltage: 0
    DIMM 2:
      manufacturer: Alibaba Cloud
      modulePartNo: Not Specified
      memType: RAM
      size: 16
      clkspeed: 0
      moduleVoltage: 0
    DIMM 3:
      manufacturer: Alibaba Cloud
      modulePartNo: Not Specified
      memType: RAM
      size: 16
      clkspeed: 0
      moduleVoltage: 0
Checksum: A20A46F7F373C9E183912DD60B4703EB2EA13367