---
system-info:
      stress-ng-version: 0.17.08
      run-by: root
      date-yyyy-mm-dd: 2024:09:03
      time-hh-mm-ss: 17:55:09
      epoch-secs: 1725386109
      hostname: sc-runner
      sysname: Linux
      nodename: sc-runner
      release: 6.8.0-1013-azure
      version: '#15-Ubuntu SMP Thu Aug  8 18:40:40 UTC 2024'
      machine: x86_64
      compiler: 'musl-gcc 13.2.1'
      uptime: 367
      totalram: 58969124864
      freeram: 50409447424
      sharedram: 42049536
      bufferram: 218193920
      totalswap: 0
      freeswap: 0
      pagesize: 4096
      cpus: 4
      cpus-online: 4
      ticks-per-second: 100

metrics:
    - stressor: cpu
      bogo-ops: 99228
      bogo-ops-per-second-usr-sys-time: 1245.799110
      bogo-ops-per-second-real-time: 4961.370591
      wall-clock-time: 20.000119
      user-time: 79.633096
      system-time: 0.016985
      cpu-usage-per-instance: 99.562011
      max-rss: 3252

...
