---
system-info:
      stress-ng-version: 0.17.08
      run-by: root
      date-yyyy-mm-dd: 2024:09:16
      time-hh-mm-ss: 16:26:07
      epoch-secs: 1726503967
      hostname: sc-runner
      sysname: Linux
      nodename: sc-runner
      release: 6.8.0-1014-azure
      version: '#16-Ubuntu SMP Thu Aug 15 20:04:41 UTC 2024'
      machine: x86_64
      compiler: 'musl-gcc 13.2.1'
      uptime: 311
      totalram: 58969128960
      freeram: 48845209600
      sharedram: 42049536
      bufferram: 232771584
      totalswap: 0
      freeswap: 0
      pagesize: 4096
      cpus: 4
      cpus-online: 4
      ticks-per-second: 100

metrics:
    - stressor: cpu
      bogo-ops: 99098
      bogo-ops-per-second-usr-sys-time: 1246.272786
      bogo-ops-per-second-real-time: 4954.878219
      wall-clock-time: 20.000088
      user-time: 79.501509
      system-time: 0.013988
      cpu-usage-per-instance: 99.393934
      max-rss: 3124

...
