---
system-info:
      stress-ng-version: 0.17.08
      run-by: root
      date-yyyy-mm-dd: 2024:06:15
      time-hh-mm-ss: 02:20:18
      epoch-secs: 1718418018
      hostname: c2730b907cf6
      sysname: Linux
      nodename: c2730b907cf6
      release: 6.8.0-1008-aws
      version: '#8-Ubuntu SMP Sat Apr 20 00:46:25 UTC 2024'
      machine: x86_64
      compiler: 'musl-gcc 13.2.1'
      uptime: 118
      totalram: 132914012160
      freeram: 128328876032
      sharedram: 60137472
      bufferram: 108154880
      totalswap: 0
      freeswap: 0
      pagesize: 4096
      cpus: 32
      cpus-online: 32
      ticks-per-second: 100

metrics:
    - stressor: cpu
      bogo-ops: 618240
      bogo-ops-per-second-usr-sys-time: 966.564498
      bogo-ops-per-second-real-time: 30911.869552
      wall-clock-time: 20.000084
      user-time: 639.608234
      system-time: 0.017990
      cpu-usage-per-instance: 99.941176
      max-rss: 1032

...
