---
system-info:
      stress-ng-version: 0.17.08
      run-by: root
      date-yyyy-mm-dd: 2024:06:08
      time-hh-mm-ss: 17:54:52
      epoch-secs: 1717869292
      hostname: c088483f3c00
      sysname: Linux
      nodename: c088483f3c00
      release: 6.8.0-1008-aws
      version: '#8-Ubuntu SMP Sat Apr 20 00:46:25 UTC 2024'
      machine: x86_64
      compiler: 'musl-gcc 13.2.1'
      uptime: 99
      totalram: 132914003968
      freeram: 128213569536
      sharedram: 60137472
      bufferram: 104026112
      totalswap: 0
      freeswap: 0
      pagesize: 4096
      cpus: 32
      cpus-online: 32
      ticks-per-second: 100

metrics:
    - stressor: cpu
      bogo-ops: 375848
      bogo-ops-per-second-usr-sys-time: 1175.346512
      bogo-ops-per-second-real-time: 37577.757201
      wall-clock-time: 10.001874
      user-time: 319.727354
      system-time: 0.048981
      cpu-usage-per-instance: 99.911379
      max-rss: 3848

...
