BaselineInfo:
  WebDBID: -1
  TimeStamp: 20260404195315
Version:
  Major: 11
  Minor: 0
  Build: 1004
  SpecialBuildName: ""
  ptArchitecture: x86_64_linux
Results:
  Results Complete: true
  NumTestProcesses: 16
  CPU_INTEGER_MATH: 39261.224999999999
  CPU_FLOATINGPOINT_MATH: 21110.020074085111
  CPU_PRIME: 70.849767429384798
  CPU_SORTING: 23770.65092275224
  CPU_ENCRYPTION: 5450.1191828980855
  CPU_COMPRESSION: 180871.01902147007
  CPU_SINGLETHREAD: 1693.9002423541165
  CPU_PHYSICS: 1252.5388794061073
  CPU_MATRIX_MULT_SSE: 11902.797803108535
  CPU_mm: 1197.7683571452012
  CPU_sse: 4281.2204046513698
  CPU_fma: 14618.972974919319
  CPU_avx: 10333.31296560384
  CPU_avx512: 18377.684867259613
  m_CPU_enc_SHA: 1780486084.9325476
  m_CPU_enc_AES: 13747672526.76297
  m_CPU_enc_ECDSA: 1616433905.2841108
  ME_ALLOC_S: 4308.2586564126714
  ME_READ_S: 19500.0556640625
  ME_READ_L: 6178.490234375
  ME_WRITE: 6678.244140625
  ME_LARGE: 50683.333333333336
  ME_LATENCY: 77.398045001578524
  ME_THREADED: 66743.684814453125
  SUMM_CPU: 12984.675713785642
  SUMM_ME: 1755.8475736156374
SystemInformation:
  OSName: Ubuntu 24.04.4 LTS
  Kernel: 6.8.0-106-generic
  Device: ""
  Processor: Intel(R) Xeon(R) Platinum 8163 CPU @ 2.50GHz
  NumSockets: 1
  Manufacturer: GenuineIntel
  NumCores: 8
  NumLogicals: 16
  CPUFrequency: 2500
  CPUMaxFrequency: 3100
  Memory: 63789
  CPUInfo:
    number: 1
    Family: 6
    Model: 5
    stepping: 4
    features: 529267711
    manufacture: GenuineIntel
    typestring: Intel(R) Xeon(R) Platinum 8163 CPU @ 2.50GHz
    iCoresPerPackage: 8
    iThreadsPerPackage: 2
    featuresEx:
      - 529267711
      - 4294586883
      - 739248128
    bHybrid: false
    nPCore: 0
    nLogicalsPerPCore: 0
    nECore: 0
    nLogicalsPerECore: 0
  MemModuleInfo:
    iNumMemSticks: 4
    DIMM 1:
      manufacturer: Alibaba Cloud
      modulePartNo: Not Specified
      memType: RAM
      size: 16
      clkspeed: 0
      moduleVoltage: 0
    DIMM 2:
      manufacturer: Alibaba Cloud
      modulePartNo: Not Specified
      memType: RAM
      size: 16
      clkspeed: 0
      moduleVoltage: 0
    DIMM 3:
      manufacturer: Alibaba Cloud
      modulePartNo: Not Specified
      memType: RAM
      size: 16
      clkspeed: 0
      moduleVoltage: 0
    DIMM 4:
      manufacturer: Alibaba Cloud
      modulePartNo: Not Specified
      memType: RAM
      size: 16
      clkspeed: 0
      moduleVoltage: 0
Checksum: 67EB3562FA44BBCA17609FD94F834291F62C66D8