BaselineInfo:
  WebDBID: -1
  TimeStamp: 20260403220340
Version:
  Major: 11
  Minor: 0
  Build: 1004
  SpecialBuildName: ""
  ptArchitecture: x86_64_linux
Results:
  Results Complete: true
  NumTestProcesses: 2
  CPU_INTEGER_MATH: 4861.6303333333335
  CPU_FLOATINGPOINT_MATH: 2616.8349421739631
  CPU_PRIME: 12.178468461063948
  CPU_SORTING: 3016.8667908940533
  CPU_ENCRYPTION: 671.46820181362034
  CPU_COMPRESSION: 22638.436033458525
  CPU_SINGLETHREAD: 1592.508864017517
  CPU_PHYSICS: 230.87254969137041
  CPU_MATRIX_MULT_SSE: 1435.7365402084356
  CPU_mm: 148.63200987501671
  CPU_sse: 529.09775560429625
  CPU_fma: 1812.6030251171996
  CPU_avx: 1282.8107914745897
  CPU_avx512: 2118.4345886376568
  m_CPU_enc_SHA: 220543284.18718368
  m_CPU_enc_AES: 1693459898.2698374
  m_CPU_enc_ECDSA: 198253141.09773523
  ME_ALLOC_S: 542.56301679114017
  ME_READ_S: 19014.968359375001
  ME_READ_L: 7098.54296875
  ME_WRITE: 7396.59228515625
  ME_LARGE: 950.83333333333337
  ME_LATENCY: 77.558947983118927
  ME_THREADED: 9711.615234375
  SUMM_CPU: 1819.3355245948812
  SUMM_ME: 932.96167203352434
SystemInformation:
  OSName: Ubuntu 24.04.4 LTS
  Kernel: 6.8.0-106-generic
  Device: ""
  Processor: Intel(R) Xeon(R) Platinum 8269CY CPU @ 2.50GHz
  NumSockets: 1
  Manufacturer: GenuineIntel
  NumCores: 1
  NumLogicals: 2
  CPUFrequency: 2500
  CPUMaxFrequency: 3800
  Memory: 3530
  CPUInfo:
    number: 1
    Family: 6
    Model: 5
    stepping: 7
    features: 529267711
    manufacture: GenuineIntel
    typestring: Intel(R) Xeon(R) Platinum 8269CY CPU @ 2.50GHz
    iCoresPerPackage: 1
    iThreadsPerPackage: 2
    featuresEx:
      - 529267711
      - 4294586883
      - 739248128
    bHybrid: false
    nPCore: 0
    nLogicalsPerPCore: 0
    nECore: 0
    nLogicalsPerECore: 0
  MemModuleInfo:
    iNumMemSticks: 1
    DIMM 1:
      manufacturer: Alibaba Cloud
      modulePartNo: Not Specified
      memType: RAM
      size: 4
      clkspeed: 0
      moduleVoltage: 0
Checksum: 283197739A4159D5F23E9E1901AAF4B644D8692A