BaselineInfo:
  WebDBID: -1
  TimeStamp: 20250818101448
Version:
  Major: 11
  Minor: 0
  Build: 1002
  SpecialBuildName: ""
  ptArchitecture: x86_64_linux
Results:
  Results Complete: true
  NumTestProcesses: 2
  CPU_INTEGER_MATH: 9169.7920000000013
  CPU_FLOATINGPOINT_MATH: 5067.0699015243172
  CPU_PRIME: 21.769948175214481
  CPU_SORTING: 5004.8324824142064
  CPU_ENCRYPTION: 2385.2902867153284
  CPU_COMPRESSION: 35642.843256432679
  CPU_SINGLETHREAD: 2588.0719918599093
  CPU_PHYSICS: 440.97765595117266
  CPU_MATRIX_MULT_SSE: 1933.02241853235
  CPU_mm: 247.777460461815
  CPU_sse: 1044.4578639798783
  CPU_fma: 2870.7488193471568
  CPU_avx: 1883.8605722700154
  CPU_avx512: 0
  m_CPU_enc_SHA: 3449769530.1771722
  m_CPU_enc_AES: 2211021612.9751139
  m_CPU_enc_ECDSA: 1842683299.8961511
  ME_ALLOC_S: 1035.1578179649591
  ME_READ_S: 26285.160937500001
  ME_READ_L: 16766.47265625
  ME_WRITE: 17632.57421875
  ME_LARGE: 627
  ME_LATENCY: 65.165022506261337
  ME_THREADED: 24510.4013671875
  SUMM_CPU: 3459.7507517781723
  SUMM_ME: 1046.2843154039865
SystemInformation:
  OSName: Ubuntu 24.04.2 LTS
  Kernel: 6.14.0-1010-aws
  Device: ""
  Processor: AMD EPYC 7R13 Processor
  NumSockets: 1
  Manufacturer: AuthenticAMD
  NumCores: 1
  NumLogicals: 2
  CPUFrequency: 0
  Memory: 7610
  MemModuleInfo:
    iNumMemSticks: 1
    DIMM 1:
      manufacturer: Not Specified
      modulePartNo: Not Specified
      memType: DDR4
      size: 8
      clkspeed: 1600
      moduleVoltage: 0
Checksum: 92F6A3462C5B1987EB9DB7808B9D60C139E99283