---
system-info:
      stress-ng-version: 0.17.08
      run-by: root
      date-yyyy-mm-dd: 2024:09:22
      time-hh-mm-ss: 14:18:45
      epoch-secs: 1727014725
      hostname: sc-runner
      sysname: Linux
      nodename: sc-runner
      release: 6.8.0-1014-azure
      version: '#16-Ubuntu SMP Thu Aug 15 20:04:41 UTC 2024'
      machine: x86_64
      compiler: 'musl-gcc 13.2.1'
      uptime: 330
      totalram: 168988225536
      freeram: 158093824000
      sharedram: 71819264
      bufferram: 273940480
      totalswap: 0
      freeswap: 0
      pagesize: 4096
      cpus: 20
      cpus-online: 20
      ticks-per-second: 100

metrics:
    - stressor: cpu
      bogo-ops: 538935
      bogo-ops-per-second-usr-sys-time: 1348.809665
      bogo-ops-per-second-real-time: 26946.676021
      wall-clock-time: 20.000055
      user-time: 399.530432
      system-time: 0.032986
      cpu-usage-per-instance: 99.890580
      max-rss: 3128

...
