size_kb,operation,bandwidth_mb_s,latency_ns,latency_stddev_ns,latency_samples,threads,iterations,elapsed_s
16,read,853880.22,0,0,0,16,462963,0.135547
16,write,442057.00,0,0,0,16,409165,0.231398
16,copy,426151.08,0,0,0,16,332889,0.195288
16,latency,0,1.20,0.07,21,1,21,0.263653
64,read,849129.56,0,0,0,16,283446,0.333808
64,write,432215.44,0,0,0,16,178316,0.412563
64,copy,433866.09,0,0,0,16,164257,0.378589
64,latency,0,2.79,0.01,7,1,7,0.703438
256,read,804950.43,0,0,0,16,74515,0.370284
256,write,437732.71,0,0,0,16,52007,0.475240
256,copy,355709.08,0,0,0,16,39878,0.448434
256,latency,0,3.66,0.00,7,1,7,0.712112
512,read,723786.63,0,0,0,16,16336,0.180562
512,write,434817.90,0,0,0,16,23047,0.424030
512,copy,341040.81,0,0,0,16,16992,0.398592
512,latency,0,5.03,0.01,7,1,7,0.700767
1024,read,724260.91,0,0,0,16,16842,0.372065
1024,write,428500.48,0,0,0,16,10749,0.401362
1024,copy,343115.96,0,0,0,16,6880,0.320824
1024,latency,0,8.38,0.02,7,1,7,0.676191
8192,read,89321.52,0,0,0,16,1269,1.818509
8192,write,80023.38,0,0,0,16,1092,1.746689
8192,copy,36802.79,0,0,0,16,588,2.045062
8192,latency,0,13.47,0.06,7,1,7,0.625540
16384,read,73331.11,0,0,0,16,549,1.916567
16384,write,52388.53,0,0,0,16,488,2.384644
16384,copy,30682.23,0,0,0,16,267,2.227739
16384,latency,0,14.67,0.07,7,1,7,0.713923
32768,read,65501.92,0,0,0,16,273,2.133922
32768,write,47315.40,0,0,0,16,213,2.304873
32768,copy,30825.69,0,0,0,16,125,2.076190
32768,latency,0,27.22,3.31,21,1,21,2.529649
65536,read,72247.91,0,0,0,16,135,1.913412
65536,write,45707.71,0,0,0,16,108,2.419548
65536,copy,35449.49,0,0,0,16,62,1.790943
65536,latency,0,83.69,4.66,21,1,21,8.646160
131072,read,59692.91,0,0,0,16,65,2.230081
131072,write,46442.72,0,0,0,16,55,2.425353
131072,copy,32279.94,0,0,0,16,18,1.142010
131072,latency,0,109.80,1.54,7,1,7,9.535552
