BaselineInfo:
  WebDBID: -1
  TimeStamp: 20260403234815
Version:
  Major: 11
  Minor: 0
  Build: 1004
  SpecialBuildName: ""
  ptArchitecture: x86_64_linux
Results:
  Results Complete: true
  NumTestProcesses: 4
  CPU_INTEGER_MATH: 16831.733333333334
  CPU_FLOATINGPOINT_MATH: 8607.3012381516764
  CPU_PRIME: 37.505714201413376
  CPU_SORTING: 8895.4106511458922
  CPU_ENCRYPTION: 3664.4686501804126
  CPU_COMPRESSION: 63000.155725668556
  CPU_SINGLETHREAD: 2368.3678766156054
  CPU_PHYSICS: 740.18924290179768
  CPU_MATRIX_MULT_SSE: 3428.8939965743821
  CPU_mm: 362.68070796724703
  CPU_sse: 1596.1454571799864
  CPU_fma: 4370.2507104320175
  CPU_avx: 3238.8216312118971
  CPU_avx512: 4510.3581874736283
  m_CPU_enc_SHA: 3690476147.3388433
  m_CPU_enc_AES: 5546035955.4485044
  m_CPU_enc_ECDSA: 2290909535.2073798
  ME_ALLOC_S: 2004.9619006850903
  ME_READ_S: 24073.2919921875
  ME_READ_L: 11631.3212890625
  ME_WRITE: 10759.2099609375
  ME_LARGE: 1459.3333333333333
  ME_LATENCY: 60.895890167251309
  ME_THREADED: 29420.31005859375
  SUMM_CPU: 5904.4888083975793
  SUMM_ME: 1509.9106481323577
SystemInformation:
  OSName: Ubuntu 24.04.4 LTS
  Kernel: 6.8.0-106-generic
  Device: ""
  Processor: Intel(R) Xeon(R) Platinum 8369B CPU @ 2.70GHz
  NumSockets: 1
  Manufacturer: GenuineIntel
  NumCores: 2
  NumLogicals: 4
  CPUFrequency: 0
  CPUMaxFrequency: 0
  Memory: 3372
  CPUInfo:
    number: 1
    Family: 6
    Model: 10
    stepping: 6
    features: 529267711
    manufacture: GenuineIntel
    typestring: Intel(R) Xeon(R) Platinum 8369B CPU @ 2.70GHz
    iCoresPerPackage: 2
    iThreadsPerPackage: 2
    featuresEx:
      - 529267711
      - 4277809667
      - 739248128
    bHybrid: false
    nPCore: 0
    nLogicalsPerPCore: 0
    nECore: 0
    nLogicalsPerECore: 0
  MemModuleInfo:
    iNumMemSticks: 1
    DIMM 1:
      manufacturer: Alibaba Cloud
      modulePartNo: Not Specified
      memType: RAM
      size: 4
      clkspeed: 0
      moduleVoltage: 0
Checksum: F72A4465CA2E8C4839D0EED6C943CD29D13556AF