BaselineInfo:
  WebDBID: -1
  TimeStamp: 20251219135227
Version:
  Major: 11
  Minor: 0
  Build: 1002
  SpecialBuildName: ""
  ptArchitecture: aarch64_linux
Results:
  Results Complete: true
  NumTestProcesses: 48
  CPU_INTEGER_MATH: 250283.66199999998
  CPU_FLOATINGPOINT_MATH: 290976.31986135285
  CPU_PRIME: 587.5296931885398
  CPU_SORTING: 221160.82002889589
  CPU_ENCRYPTION: 9130.3261359523713
  CPU_COMPRESSION: 319397.45985880547
  CPU_SINGLETHREAD: 1943.1386444909538
  CPU_PHYSICS: 13488.854776568864
  CPU_MATRIX_MULT_SSE: 44145.142843570509
  CPU_mm: 5471.0323864697712
  CPU_sse: 34650.25300667205
  CPU_fma: 53640.032680468968
  CPU_avx: 0
  CPU_avx512: 0
  m_CPU_enc_SHA: 14473544207.243149
  m_CPU_enc_AES: 5144898652.8944368
  m_CPU_enc_ECDSA: 9103079714.8596077
  ME_ALLOC_S: 47924.580408145346
  ME_READ_S: 18989.599999999999
  ME_READ_L: 20364.111328125
  ME_WRITE: 21295.681640625
  ME_LARGE: 175036.75
  ME_LATENCY: 45.028582338804618
  ME_THREADED: 476217.365234375
  SUMM_CPU: 36212.337357646109
  SUMM_ME: 3338.761281386599
SystemInformation:
  OSName: Ubuntu 24.04.2 LTS
  Kernel: 6.14.0-1018-aws
  Device: ""
  Processor: ARM Neoverse-V2 48 Core 0 MHz
  NumSockets: 1
  Manufacturer: ARM
  NumCores: 48
  NumLogicals: 48
  CPUFrequency: 0
  Memory: 189779
Checksum: 0D64050D3A11A8A53C24F01D15C1F764E6093583