BaselineInfo:
  WebDBID: -1
  TimeStamp: 20241115145104
Version:
  Major: 11
  Minor: 0
  Build: 1002
  SpecialBuildName: ""
  ptArchitecture: x86_64_linux
Results:
  Results Complete: true
  NumTestProcesses: 2
  CPU_INTEGER_MATH: 8247.5020000000004
  CPU_FLOATINGPOINT_MATH: 4575.1067544077869
  CPU_PRIME: 18.711793834153781
  CPU_SORTING: 4527.4790531204744
  CPU_ENCRYPTION: 2140.1896742307813
  CPU_COMPRESSION: 32448.245704701712
  CPU_SINGLETHREAD: 2323.7929402875875
  CPU_PHYSICS: 376.38597053851288
  CPU_MATRIX_MULT_SSE: 1737.2762627971051
  CPU_mm: 222.93650188338654
  CPU_sse: 945.91150293542569
  CPU_fma: 2579.5289132534444
  CPU_avx: 1686.3883722024452
  CPU_avx512: 0
  m_CPU_enc_SHA: 3103341020.1240463
  m_CPU_enc_AES: 1982610362.3090918
  m_CPU_enc_ECDSA: 1646503201.1055093
  ME_ALLOC_S: 880.03862993947473
  ME_READ_S: 24008.653125000001
  ME_READ_L: 17618.1015625
  ME_WRITE: 17091.8828125
  ME_LARGE: 7044
  ME_LATENCY: 68.250791256125908
  ME_THREADED: 22354.8759765625
  SUMM_CPU: 3111.4336711560895
  SUMM_ME: 1938.2793352997655
SystemInformation:
  OSName: Ubuntu 24.04.1 LTS
  Kernel: 6.8.0-1017-azure
  Device: ""
  Processor: AMD EPYC 7763 64-Core Processor
  NumSockets: 1
  Manufacturer: AuthenticAMD
  NumCores: 1
  NumLogicals: 2
  CPUFrequency: 0
  Memory: 15990
  MemModuleInfo:
    iNumMemSticks: 2
    DIMM 1:
      manufacturer: Microsoft Corporation
      modulePartNo: None
      memType: Unknown
      size: 1
      clkspeed: 0
      moduleVoltage: 0
    DIMM 2:
      manufacturer: Microsoft Corporation
      modulePartNo: None
      memType: Unknown
      size: 15
      clkspeed: 0
      moduleVoltage: 0
Checksum: A1F1AC349990FBA4345721831E8B2A7826E8DA2E