BaselineInfo:
  WebDBID: -1
  TimeStamp: 20241114222729
Version:
  Major: 11
  Minor: 0
  Build: 1002
  SpecialBuildName: ""
  ptArchitecture: x86_64_linux
Results:
  Results Complete: true
  NumTestProcesses: 2
  CPU_INTEGER_MATH: 8242.5556666666671
  CPU_FLOATINGPOINT_MATH: 4577.326427927057
  CPU_PRIME: 19.220942858424799
  CPU_SORTING: 4614.5170627002617
  CPU_ENCRYPTION: 2141.1517206487533
  CPU_COMPRESSION: 32497.272299979442
  CPU_SINGLETHREAD: 2330.469592715016
  CPU_PHYSICS: 389.02616276862216
  CPU_MATRIX_MULT_SSE: 1751.9057461077555
  CPU_mm: 222.23755001005264
  CPU_sse: 946.65541941541358
  CPU_fma: 2576.415179646121
  CPU_avx: 1732.6466392617317
  CPU_avx512: 0
  m_CPU_enc_SHA: 3097001387.0200224
  m_CPU_enc_AES: 1985516040.2934279
  m_CPU_enc_ECDSA: 1652963492.5795116
  ME_ALLOC_S: 866.88542541821505
  ME_READ_S: 24092.939062500001
  ME_READ_L: 18358.1328125
  ME_WRITE: 17780.578125
  ME_LARGE: 7035
  ME_LATENCY: 65.624357353776432
  ME_THREADED: 22452.1796875
  SUMM_CPU: 3129.9953546565625
  SUMM_ME: 1977.5277462632266
SystemInformation:
  OSName: Ubuntu 24.04.1 LTS
  Kernel: 6.8.0-1017-azure
  Device: ""
  Processor: AMD EPYC 7763 64-Core Processor
  NumSockets: 1
  Manufacturer: AuthenticAMD
  NumCores: 1
  NumLogicals: 2
  CPUFrequency: 0
  Memory: 15990
  MemModuleInfo:
    iNumMemSticks: 2
    DIMM 1:
      manufacturer: Microsoft Corporation
      modulePartNo: None
      memType: Unknown
      size: 1
      clkspeed: 0
      moduleVoltage: 0
    DIMM 2:
      manufacturer: Microsoft Corporation
      modulePartNo: None
      memType: Unknown
      size: 15
      clkspeed: 0
      moduleVoltage: 0
Checksum: 784A3A61177B783D606592ABECBA023F392224B9