BaselineInfo:
  WebDBID: -1
  TimeStamp: 20241107040643
Version:
  Major: 11
  Minor: 0
  Build: 1002
  SpecialBuildName: ""
  ptArchitecture: x86_64_linux
Results:
  Results Complete: true
  NumTestProcesses: 2
  CPU_INTEGER_MATH: 8257.7023333333327
  CPU_FLOATINGPOINT_MATH: 4572.1540324102916
  CPU_PRIME: 19.586427043580123
  CPU_SORTING: 4634.3798027240682
  CPU_ENCRYPTION: 2146.7988604684974
  CPU_COMPRESSION: 32481.67001743408
  CPU_SINGLETHREAD: 2331.7470321106089
  CPU_PHYSICS: 396.98191922650574
  CPU_MATRIX_MULT_SSE: 1761.9398155736708
  CPU_mm: 223.24026495738389
  CPU_sse: 947.94559948687117
  CPU_fma: 2584.0603027325242
  CPU_avx: 1753.8135445016173
  CPU_avx512: 0
  m_CPU_enc_SHA: 3104650546.9691257
  m_CPU_enc_AES: 1986753080.4232135
  m_CPU_enc_ECDSA: 1661841658.3515062
  ME_ALLOC_S: 900.26816248452565
  ME_READ_S: 24130.596874999999
  ME_READ_L: 16308.3134765625
  ME_WRITE: 17043.322265625
  ME_LARGE: 6106
  ME_LATENCY: 66.676046319494517
  ME_THREADED: 22284.1298828125
  SUMM_CPU: 3139.5450255764131
  SUMM_ME: 1921.2200337729664
SystemInformation:
  OSName: Ubuntu 24.04.1 LTS
  Kernel: 6.8.0-1017-azure
  Device: ""
  Processor: AMD EPYC 7763 64-Core Processor
  NumSockets: 1
  Manufacturer: AuthenticAMD
  NumCores: 1
  NumLogicals: 2
  CPUFrequency: 0
  Memory: 15990
  MemModuleInfo:
    iNumMemSticks: 2
    DIMM 1:
      manufacturer: Microsoft Corporation
      modulePartNo: None
      memType: Unknown
      size: 1
      clkspeed: 0
      moduleVoltage: 0
    DIMM 2:
      manufacturer: Microsoft Corporation
      modulePartNo: None
      memType: Unknown
      size: 15
      clkspeed: 0
      moduleVoltage: 0
Checksum: FB0636A0BCB83939D375E9B2952422684AD263C9