---
system-info:
      stress-ng-version: 0.17.08
      run-by: root
      date-yyyy-mm-dd: 2024:06:15
      time-hh-mm-ss: 19:41:47
      epoch-secs: 1718480507
      hostname: 43e766b4c4c9
      sysname: Linux
      nodename: 43e766b4c4c9
      release: 6.8.0-1008-aws
      version: '#8-Ubuntu SMP Sat Apr 20 00:46:25 UTC 2024'
      machine: x86_64
      compiler: 'musl-gcc 13.2.1'
      uptime: 139
      totalram: 798840684544
      freeram: 792884637696
      sharedram: 116928512
      bufferram: 110436352
      totalswap: 0
      freeswap: 0
      pagesize: 4096
      cpus: 96
      cpus-online: 96
      ticks-per-second: 100

metrics:
    - stressor: cpu
      bogo-ops: 37829
      bogo-ops-per-second-usr-sys-time: 1891.445177
      bogo-ops-per-second-real-time: 1891.445039
      wall-clock-time: 20.000052
      user-time: 20.000051
      system-time: 0.000000
      cpu-usage-per-instance: 99.999993
      max-rss: 768

...
