---
system-info:
      stress-ng-version: 0.17.08
      run-by: root
      date-yyyy-mm-dd: 2024:06:09
      time-hh-mm-ss: 17:18:50
      epoch-secs: 1717953530
      hostname: 27783fc8db4a
      sysname: Linux
      nodename: 27783fc8db4a
      release: 6.8.0-1008-aws
      version: '#8-Ubuntu SMP Sat Apr 20 00:46:25 UTC 2024'
      machine: x86_64
      compiler: 'musl-gcc 13.2.1'
      uptime: 135
      totalram: 798840713216
      freeram: 792865738752
      sharedram: 116928512
      bufferram: 110551040
      totalswap: 0
      freeswap: 0
      pagesize: 4096
      cpus: 96
      cpus-online: 96
      ticks-per-second: 100

metrics:
    - stressor: cpu
      bogo-ops: 16626
      bogo-ops-per-second-usr-sys-time: 1662.235970
      bogo-ops-per-second-real-time: 1662.138883
      wall-clock-time: 10.002774
      user-time: 10.002190
      system-time: 0.000000
      cpu-usage-per-instance: 99.994159
      max-rss: 3072

...
