---
system-info:
      stress-ng-version: 0.17.08
      run-by: root
      date-yyyy-mm-dd: 2024:06:09
      time-hh-mm-ss: 22:39:48
      epoch-secs: 1717972788
      hostname: 52eab562de9d
      sysname: Linux
      nodename: 52eab562de9d
      release: 6.8.0-1008-aws
      version: '#8-Ubuntu SMP Sat Apr 20 02:43:14 UTC 2024'
      machine: aarch64
      compiler: 'musl-gcc 13.2.1'
      uptime: 109
      totalram: 66201268224
      freeram: 61591887872
      sharedram: 35028992
      bufferram: 111919104
      totalswap: 0
      freeswap: 0
      pagesize: 4096
      cpus: 8
      cpus-online: 8
      ticks-per-second: 100

metrics:
    - stressor: cpu
      bogo-ops: 34071
      bogo-ops-per-second-usr-sys-time: 424.884650
      bogo-ops-per-second-real-time: 3391.265026
      wall-clock-time: 10.046693
      user-time: 80.176831
      system-time: 0.011992
      cpu-usage-per-instance: 99.770168
      max-rss: 4136

...
