---
system-info:
      stress-ng-version: 0.17.08
      run-by: root
      date-yyyy-mm-dd: 2024:06:16
      time-hh-mm-ss: 02:51:40
      epoch-secs: 1718506300
      hostname: 56ed5308d3b2
      sysname: Linux
      nodename: 56ed5308d3b2
      release: 6.8.0-1008-aws
      version: '#8-Ubuntu SMP Sat Apr 20 02:43:14 UTC 2024'
      machine: aarch64
      compiler: 'musl-gcc 13.2.1'
      uptime: 110
      totalram: 66201268224
      freeram: 61829685248
      sharedram: 35028992
      bufferram: 107610112
      totalswap: 0
      freeswap: 0
      pagesize: 4096
      cpus: 8
      cpus-online: 8
      ticks-per-second: 100

metrics:
    - stressor: cpu
      bogo-ops: 244801
      bogo-ops-per-second-usr-sys-time: 1532.613945
      bogo-ops-per-second-real-time: 12239.996013
      wall-clock-time: 20.000088
      user-time: 159.719772
      system-time: 0.007993
      cpu-usage-per-instance: 99.829413
      max-rss: 1192

...
