---
system-info:
      stress-ng-version: 0.17.08
      run-by: root
      date-yyyy-mm-dd: 2024:06:07
      time-hh-mm-ss: 21:13:41
      epoch-secs: 1717794821
      hostname: 5615d3ef482b
      sysname: Linux
      nodename: 5615d3ef482b
      release: 6.8.0-31-generic
      version: '#31-Ubuntu SMP PREEMPT_DYNAMIC Sat Apr 20 00:40:06 UTC 2024'
      machine: x86_64
      compiler: 'musl-gcc 13.2.1'
      uptime: 92
      totalram: 8127909888
      freeram: 4712677376
      sharedram: 21233664
      bufferram: 90451968
      totalswap: 0
      freeswap: 0
      pagesize: 4096
      cpus: 4
      cpus-online: 4
      ticks-per-second: 100

metrics:
    - stressor: cpu
      bogo-ops: 43014
      bogo-ops-per-second-usr-sys-time: 1084.738001
      bogo-ops-per-second-real-time: 4300.824060
      wall-clock-time: 10.001339
      user-time: 39.625857
      system-time: 0.027958
      cpu-usage-per-instance: 99.121264
      max-rss: 4048

...
