---
system-info:
      stress-ng-version: 0.17.08
      run-by: root
      date-yyyy-mm-dd: 2024:06:14
      time-hh-mm-ss: 21:50:27
      epoch-secs: 1718401827
      hostname: 9f9b06d98869
      sysname: Linux
      nodename: 9f9b06d98869
      release: 6.8.0-31-generic
      version: '#31-Ubuntu SMP PREEMPT_DYNAMIC Sat Apr 20 00:40:06 UTC 2024'
      machine: x86_64
      compiler: 'musl-gcc 13.2.1'
      uptime: 103
      totalram: 8127901696
      freeram: 4611244032
      sharedram: 21233664
      bufferram: 105848832
      totalswap: 0
      freeswap: 0
      pagesize: 4096
      cpus: 4
      cpus-online: 4
      ticks-per-second: 100

metrics:
    - stressor: cpu
      bogo-ops: 90399
      bogo-ops-per-second-usr-sys-time: 1137.337272
      bogo-ops-per-second-real-time: 4519.906248
      wall-clock-time: 20.000194
      user-time: 79.465039
      system-time: 0.017980
      cpu-usage-per-instance: 99.352812
      max-rss: 1104

...
