---
system-info:
      stress-ng-version: 0.17.08
      run-by: root
      date-yyyy-mm-dd: 2024:07:09
      time-hh-mm-ss: 14:11:32
      epoch-secs: 1720534292
      hostname: c2d-highcpu-32-475268f
      sysname: Linux
      nodename: c2d-highcpu-32-475268f
      release: 6.8.0-1009-gcp
      version: '#10-Ubuntu SMP Wed Jun 12 18:52:23 UTC 2024'
      machine: x86_64
      compiler: 'musl-gcc 13.2.1'
      uptime: 139
      totalram: 67416154112
      freeram: 61748641792
      sharedram: 35213312
      bufferram: 132108288
      totalswap: 0
      freeswap: 0
      pagesize: 4096
      cpus: 32
      cpus-online: 32
      ticks-per-second: 100

metrics:
    - stressor: cpu
      bogo-ops: 938381
      bogo-ops-per-second-usr-sys-time: 1466.857960
      bogo-ops-per-second-real-time: 46918.920990
      wall-clock-time: 20.000055
      user-time: 639.695802
      system-time: 0.025988
      cpu-usage-per-instance: 99.956255
      max-rss: 776

...
