---
system-info:
      stress-ng-version: 0.17.08
      run-by: root
      date-yyyy-mm-dd: 2024:06:08
      time-hh-mm-ss: 08:55:51
      epoch-secs: 1717836951
      hostname: d0f92ecc9851
      sysname: Linux
      nodename: d0f92ecc9851
      release: 6.8.0-1008-aws
      version: '#8-Ubuntu SMP Sat Apr 20 02:43:14 UTC 2024'
      machine: aarch64
      compiler: 'musl-gcc 13.2.1'
      uptime: 125
      totalram: 4018204672
      freeram: 66359296
      sharedram: 35012608
      bufferram: 92950528
      totalswap: 0
      freeswap: 0
      pagesize: 4096
      cpus: 2
      cpus-online: 2
      ticks-per-second: 100

metrics:
    - stressor: cpu
      bogo-ops: 5840
      bogo-ops-per-second-usr-sys-time: 294.937489
      bogo-ops-per-second-real-time: 583.693381
      wall-clock-time: 10.005253
      user-time: 19.796816
      system-time: 0.003990
      cpu-usage-per-instance: 98.952050
      max-rss: 4136

...
