---
system-info:
      stress-ng-version: 0.17.08
      run-by: root
      date-yyyy-mm-dd: 2024:06:13
      time-hh-mm-ss: 21:55:19
      epoch-secs: 1718315719
      hostname: e3a3a9f0461f
      sysname: Linux
      nodename: e3a3a9f0461f
      release: 6.8.0-1008-aws
      version: '#8-Ubuntu SMP Sat Apr 20 02:43:14 UTC 2024'
      machine: aarch64
      compiler: 'musl-gcc 13.2.1'
      uptime: 134
      totalram: 4018208768
      freeram: 140550144
      sharedram: 35012608
      bufferram: 98181120
      totalswap: 0
      freeswap: 0
      pagesize: 4096
      cpus: 2
      cpus-online: 2
      ticks-per-second: 100

metrics:
    - stressor: cpu
      bogo-ops: 60207
      bogo-ops-per-second-usr-sys-time: 1519.113857
      bogo-ops-per-second-real-time: 3010.338642
      wall-clock-time: 20.000075
      user-time: 39.625991
      system-time: 0.006983
      cpu-usage-per-instance: 99.082061
      max-rss: 1192

...
