---
system-info:
      stress-ng-version: 0.17.08
      run-by: root
      date-yyyy-mm-dd: 2024:06:13
      time-hh-mm-ss: 10:22:05
      epoch-secs: 1718274125
      hostname: c6d695a339d6
      sysname: Linux
      nodename: c6d695a339d6
      release: 6.8.0-1008-aws
      version: '#8-Ubuntu SMP Sat Apr 20 00:46:25 UTC 2024'
      machine: x86_64
      compiler: 'musl-gcc 13.2.1'
      uptime: 125
      totalram: 66681192448
      freeram: 62247428096
      sharedram: 40841216
      bufferram: 105570304
      totalswap: 0
      freeswap: 0
      pagesize: 4096
      cpus: 16
      cpus-online: 16
      ticks-per-second: 100

metrics:
    - stressor: cpu
      bogo-ops: 270397
      bogo-ops-per-second-usr-sys-time: 845.967882
      bogo-ops-per-second-real-time: 13519.786983
      wall-clock-time: 20.000093
      user-time: 319.596353
      system-time: 0.033985
      cpu-usage-per-instance: 99.884015
      max-rss: 976

...
