---
system-info:
      stress-ng-version: 0.17.08
      run-by: root
      date-yyyy-mm-dd: 2024:06:07
      time-hh-mm-ss: 18:28:54
      epoch-secs: 1717784934
      hostname: 6115d5a27c29
      sysname: Linux
      nodename: 6115d5a27c29
      release: 6.8.0-1008-aws
      version: '#8-Ubuntu SMP Sat Apr 20 00:46:25 UTC 2024'
      machine: x86_64
      compiler: 'musl-gcc 13.2.1'
      uptime: 137
      totalram: 65976569856
      freeram: 61614116864
      sharedram: 37957632
      bufferram: 93474816
      totalswap: 0
      freeswap: 0
      pagesize: 4096
      cpus: 16
      cpus-online: 16
      ticks-per-second: 100

metrics:
    - stressor: cpu
      bogo-ops: 161347
      bogo-ops-per-second-usr-sys-time: 1009.890173
      bogo-ops-per-second-real-time: 16130.224730
      wall-clock-time: 10.002774
      user-time: 159.723901
      system-time: 0.042977
      cpu-usage-per-instance: 99.826602
      max-rss: 4176

...
