BaselineInfo:
  WebDBID: -1
  TimeStamp: 20241108164352
Version:
  Major: 11
  Minor: 0
  Build: 1002
  SpecialBuildName: ""
  ptArchitecture: x86_64_linux
Results:
  Results Complete: true
  NumTestProcesses: 4
  CPU_INTEGER_MATH: 15003.128333333332
  CPU_FLOATINGPOINT_MATH: 12351.703864669758
  CPU_PRIME: 50.319778592163466
  CPU_SORTING: 9019.1397973450185
  CPU_ENCRYPTION: 1833.278549725846
  CPU_COMPRESSION: 64543.792058530547
  CPU_SINGLETHREAD: 1740.8812134942618
  CPU_PHYSICS: 829.45273609705771
  CPU_MATRIX_MULT_SSE: 5526.0197502030014
  CPU_mm: 687.54241767052588
  CPU_sse: 2245.3123031365294
  CPU_fma: 6369.7859640741253
  CPU_avx: 4919.0125837138121
  CPU_avx512: 8569.9681498875379
  m_CPU_enc_SHA: 911477108.78639603
  m_CPU_enc_AES: 4047822491.3897848
  m_CPU_enc_ECDSA: 807696065.49580526
  ME_ALLOC_S: 3283.5830966276726
  ME_READ_S: 17512.084570312501
  ME_READ_L: 11394.8740234375
  ME_WRITE: 10493.98046875
  ME_LARGE: 102595
  ME_LATENCY: 52.825233076635548
  ME_THREADED: 41415.771484375
  SUMM_CPU: 5746.9956476548959
  SUMM_ME: 2326.6907154407018
SystemInformation:
  OSName: Ubuntu 24.04.1 LTS
  Kernel: 6.8.0-1017-azure
  Device: ""
  Processor: Intel Xeon Platinum 8370C CPU @ 2.80GHz
  NumSockets: 1
  Manufacturer: GenuineIntel
  NumCores: 4
  NumLogicals: 4
  CPUFrequency: 0
  Memory: 112685
  MemModuleInfo:
    iNumMemSticks: 3
    DIMM 1:
      manufacturer: Microsoft Corporation
      modulePartNo: None
      memType: Unknown
      size: 1
      clkspeed: 0
      moduleVoltage: 0
    DIMM 2:
      manufacturer: Microsoft Corporation
      modulePartNo: None
      memType: Unknown
      size: 60928
      clkspeed: 0
      moduleVoltage: 0
    DIMM 3:
      manufacturer: Microsoft Corporation
      modulePartNo: None
      memType: Unknown
      size: 52736
      clkspeed: 0
      moduleVoltage: 0
Checksum: 9544890B5F33B0B00F33F2B5AC3A18E808D9F75B