---
system-info:
      stress-ng-version: 0.17.08
      run-by: root
      date-yyyy-mm-dd: 2024:06:15
      time-hh-mm-ss: 13:00:39
      epoch-secs: 1718456439
      hostname: aa8437f0c3a6
      sysname: Linux
      nodename: aa8437f0c3a6
      release: 6.8.0-1008-aws
      version: '#8-Ubuntu SMP Sat Apr 20 00:46:25 UTC 2024'
      machine: x86_64
      compiler: 'musl-gcc 13.2.1'
      uptime: 106
      totalram: 8158904320
      freeram: 3787685888
      sharedram: 113508352
      bufferram: 108322816
      totalswap: 0
      freeswap: 0
      pagesize: 4096
      cpus: 2
      cpus-online: 2
      ticks-per-second: 100

metrics:
    - stressor: cpu
      bogo-ops: 41186
      bogo-ops-per-second-usr-sys-time: 1036.310028
      bogo-ops-per-second-real-time: 2059.291138
      wall-clock-time: 20.000086
      user-time: 39.735945
      system-time: 0.006988
      cpu-usage-per-instance: 99.356905
      max-rss: 1104

...
