---
system-info:
      stress-ng-version: 0.17.08
      run-by: root
      date-yyyy-mm-dd: 2024:06:09
      time-hh-mm-ss: 10:40:31
      epoch-secs: 1717929631
      hostname: ddcb58c6b3e8
      sysname: Linux
      nodename: ddcb58c6b3e8
      release: 6.8.0-1008-aws
      version: '#8-Ubuntu SMP Sat Apr 20 00:46:25 UTC 2024'
      machine: x86_64
      compiler: 'musl-gcc 13.2.1'
      uptime: 102
      totalram: 8158912512
      freeram: 3691974656
      sharedram: 113508352
      bufferram: 106307584
      totalswap: 0
      freeswap: 0
      pagesize: 4096
      cpus: 2
      cpus-online: 2
      ticks-per-second: 100

metrics:
    - stressor: cpu
      bogo-ops: 27957
      bogo-ops-per-second-usr-sys-time: 1410.170803
      bogo-ops-per-second-real-time: 2794.948904
      wall-clock-time: 10.002687
      user-time: 19.812276
      system-time: 0.012982
      cpu-usage-per-instance: 99.099659
      max-rss: 4176

...
