---
system-info:
      stress-ng-version: 0.17.08
      run-by: root
      date-yyyy-mm-dd: 2024:06:07
      time-hh-mm-ss: 16:48:14
      epoch-secs: 1717778894
      hostname: 34aff48520b7
      sysname: Linux
      nodename: 34aff48520b7
      release: 6.8.0-1008-aws
      version: '#8-Ubuntu SMP Sat Apr 20 00:46:25 UTC 2024'
      machine: x86_64
      compiler: 'musl-gcc 13.2.1'
      uptime: 181
      totalram: 72032935936
      freeram: 67741204480
      sharedram: 22315008
      bufferram: 94433280
      totalswap: 0
      freeswap: 0
      pagesize: 4096
      cpus: 8
      cpus-online: 8
      ticks-per-second: 100

metrics:
    - stressor: cpu
      bogo-ops: 13670
      bogo-ops-per-second-usr-sys-time: 1367.776213
      bogo-ops-per-second-real-time: 1366.943618
      wall-clock-time: 10.000412
      user-time: 9.993301
      system-time: 0.001024
      cpu-usage-per-instance: 99.939128
      max-rss: 3920

...
