---
system-info:
      stress-ng-version: 0.17.08
      run-by: root
      date-yyyy-mm-dd: 2024:06:14
      time-hh-mm-ss: 15:57:01
      epoch-secs: 1718380621
      hostname: 34e87c7834fa
      sysname: Linux
      nodename: 34e87c7834fa
      release: 6.8.0-1008-aws
      version: '#8-Ubuntu SMP Sat Apr 20 00:46:25 UTC 2024'
      machine: x86_64
      compiler: 'musl-gcc 13.2.1'
      uptime: 209
      totalram: 72032931840
      freeram: 67620737024
      sharedram: 22315008
      bufferram: 111013888
      totalswap: 0
      freeswap: 0
      pagesize: 4096
      cpus: 8
      cpus-online: 8
      ticks-per-second: 100

metrics:
    - stressor: cpu
      bogo-ops: 24505
      bogo-ops-per-second-usr-sys-time: 1225.564909
      bogo-ops-per-second-real-time: 1225.245896
      wall-clock-time: 20.000067
      user-time: 19.993838
      system-time: 0.001023
      cpu-usage-per-instance: 99.973970
      max-rss: 1104

...
