BaselineInfo:
  WebDBID: -1
  TimeStamp: 20241106223922
Version:
  Major: 11
  Minor: 0
  Build: 1002
  SpecialBuildName: ""
  ptArchitecture: aarch64_linux
Results:
  Results Complete: true
  NumTestProcesses: 1
  CPU_INTEGER_MATH: 3881.1203333333333
  CPU_FLOATINGPOINT_MATH: 2949.3759611665496
  CPU_PRIME: 7.5853470100511693
  CPU_SORTING: 2751.4874358185048
  CPU_ENCRYPTION: 132.75914453733
  CPU_COMPRESSION: 4085.7938437705998
  CPU_SINGLETHREAD: 995.99721083135478
  CPU_PHYSICS: 161.72620006769066
  CPU_MATRIX_MULT_SSE: 615.48661905590961
  CPU_mm: 102.48168723986204
  CPU_sse: 516.60530370716833
  CPU_fma: 714.36793440465101
  CPU_avx: 0
  CPU_avx512: 0
  m_CPU_enc_SHA: 201464995.89822581
  m_CPU_enc_AES: 93054117.530966327
  m_CPU_enc_ECDSA: 123105044.79793385
  ME_ALLOC_S: 625.64556715430945
  ME_READ_S: 9296.0162109374996
  ME_READ_L: 8996.9501953125
  ME_WRITE: 12316.24609375
  ME_LARGE: 482.5
  ME_LATENCY: 72.42721659139535
  ME_THREADED: 8996.0927734375
  SUMM_CPU: 656.06719881634388
  SUMM_ME: 699.37626285760689
SystemInformation:
  OSName: Ubuntu 24.04.1 LTS
  Kernel: 6.8.0-1016-aws
  Device: ""
  Processor: ARM Neoverse-N1 1 Core 0 MHz
  NumSockets: 1
  Manufacturer: ARM
  NumCores: 1
  NumLogicals: 1
  CPUFrequency: 0
  Memory: 3792
Checksum: D8DABA58FB42C710720951546A45AED2D4629ABD