BaselineInfo:
  WebDBID: -1
  TimeStamp: 20241115105210
Version:
  Major: 11
  Minor: 0
  Build: 1002
  SpecialBuildName: ""
  ptArchitecture: aarch64_linux
Results:
  Results Complete: true
  NumTestProcesses: 1
  CPU_INTEGER_MATH: 3903.4380000000001
  CPU_FLOATINGPOINT_MATH: 2964.7482023743401
  CPU_PRIME: 8.2323836176418972
  CPU_SORTING: 2791.3547581067296
  CPU_ENCRYPTION: 131.57687626124661
  CPU_COMPRESSION: 4122.3839021266913
  CPU_SINGLETHREAD: 1001.7526250113019
  CPU_PHYSICS: 176.32311709802968
  CPU_MATRIX_MULT_SSE: 613.86563973896762
  CPU_mm: 102.83468318527829
  CPU_sse: 512.60562802434981
  CPU_fma: 715.12565145358542
  CPU_avx: 0
  CPU_avx512: 0
  m_CPU_enc_SHA: 199856192.36042786
  m_CPU_enc_AES: 92635708.244478926
  m_CPU_enc_ECDSA: 121413163.20263201
  ME_ALLOC_S: 646.06124042475278
  ME_READ_S: 9339.8438476562496
  ME_READ_L: 8801.86328125
  ME_WRITE: 12353.2177734375
  ME_LARGE: 496.16666666666669
  ME_LATENCY: 72.441893325458395
  ME_THREADED: 9007.7548828125
  SUMM_CPU: 658.21170994571798
  SUMM_ME: 709.50022478243068
SystemInformation:
  OSName: Ubuntu 24.04.1 LTS
  Kernel: 6.8.0-1018-aws
  Device: ""
  Processor: ARM Neoverse-N1 1 Core 0 MHz
  NumSockets: 1
  Manufacturer: ARM
  NumCores: 1
  NumLogicals: 1
  CPUFrequency: 0
  Memory: 3792
Checksum: BF1DA549398A88A4CC34C215E2CC8412B4971FB9