---
system-info:
      stress-ng-version: 0.17.08
      run-by: root
      date-yyyy-mm-dd: 2024:06:14
      time-hh-mm-ss: 21:41:57
      epoch-secs: 1718401317
      hostname: 02e49abe56e9
      sysname: Linux
      nodename: 02e49abe56e9
      release: 6.8.0-1008-aws
      version: '#8-Ubuntu SMP Sat Apr 20 00:46:25 UTC 2024'
      machine: x86_64
      compiler: 'musl-gcc 13.2.1'
      uptime: 122
      totalram: 397194424320
      freeram: 391895879680
      sharedram: 71184384
      bufferram: 108654592
      totalswap: 0
      freeswap: 0
      pagesize: 4096
      cpus: 96
      cpus-online: 96
      ticks-per-second: 100

metrics:
    - stressor: cpu
      bogo-ops: 2865896
      bogo-ops-per-second-usr-sys-time: 1493.465840
      bogo-ops-per-second-real-time: 143294.400281
      wall-clock-time: 20.000056
      user-time: 1918.921535
      system-time: 0.034977
      cpu-usage-per-instance: 99.945373
      max-rss: 768

...
