---
system-info:
      stress-ng-version: 0.17.08
      run-by: root
      date-yyyy-mm-dd: 2024:06:08
      time-hh-mm-ss: 15:41:08
      epoch-secs: 1717861268
      hostname: 9aaabbe87410
      sysname: Linux
      nodename: 9aaabbe87410
      release: 6.8.0-1008-aws
      version: '#8-Ubuntu SMP Sat Apr 20 00:46:25 UTC 2024'
      machine: x86_64
      compiler: 'musl-gcc 13.2.1'
      uptime: 105
      totalram: 397194416128
      freeram: 391672115200
      sharedram: 71184384
      bufferram: 102846464
      totalswap: 0
      freeswap: 0
      pagesize: 4096
      cpus: 96
      cpus-online: 96
      ticks-per-second: 100

metrics:
    - stressor: cpu
      bogo-ops: 1178781
      bogo-ops-per-second-usr-sys-time: 1228.983026
      bogo-ops-per-second-real-time: 117857.167778
      wall-clock-time: 10.001776
      user-time: 959.023647
      system-time: 0.127924
      cpu-usage-per-instance: 99.893880
      max-rss: 3072

...
