---
system-info:
      stress-ng-version: 0.17.08
      run-by: root
      date-yyyy-mm-dd: 2024:06:08
      time-hh-mm-ss: 05:40:43
      epoch-secs: 1717825243
      hostname: 794b08a2b687
      sysname: Linux
      nodename: 794b08a2b687
      release: 6.8.0-1008-aws
      version: '#8-Ubuntu SMP Sat Apr 20 00:46:25 UTC 2024'
      machine: x86_64
      compiler: 'musl-gcc 13.2.1'
      uptime: 120
      totalram: 33265283072
      freeram: 28964876288
      sharedram: 40734720
      bufferram: 97120256
      totalswap: 0
      freeswap: 0
      pagesize: 4096
      cpus: 4
      cpus-online: 4
      ticks-per-second: 100

metrics:
    - stressor: cpu
      bogo-ops: 42266
      bogo-ops-per-second-usr-sys-time: 1063.593645
      bogo-ops-per-second-real-time: 4226.332825
      wall-clock-time: 10.000632
      user-time: 39.724869
      system-time: 0.013992
      cpu-usage-per-instance: 99.340872
      max-rss: 3792

...
