---
system-info:
      stress-ng-version: 0.17.08
      run-by: root
      date-yyyy-mm-dd: 2024:06:13
      time-hh-mm-ss: 18:55:44
      epoch-secs: 1718304944
      hostname: 0495f9e7e560
      sysname: Linux
      nodename: 0495f9e7e560
      release: 6.8.0-1008-aws
      version: '#8-Ubuntu SMP Sat Apr 20 00:46:25 UTC 2024'
      machine: x86_64
      compiler: 'musl-gcc 13.2.1'
      uptime: 158
      totalram: 33265278976
      freeram: 28927180800
      sharedram: 40734720
      bufferram: 105672704
      totalswap: 0
      freeswap: 0
      pagesize: 4096
      cpus: 4
      cpus-online: 4
      ticks-per-second: 100

metrics:
    - stressor: cpu
      bogo-ops: 67186
      bogo-ops-per-second-usr-sys-time: 844.773291
      bogo-ops-per-second-real-time: 3359.284002
      wall-clock-time: 20.000095
      user-time: 79.518416
      system-time: 0.012981
      cpu-usage-per-instance: 99.413773
      max-rss: 1104

...
