---
system-info:
      stress-ng-version: 0.17.08
      run-by: root
      date-yyyy-mm-dd: 2024:08:17
      time-hh-mm-ss: 18:27:50
      epoch-secs: 1723919270
      hostname: ip-172-31-4-204
      sysname: Linux
      nodename: ip-172-31-4-204
      release: 6.8.0-1013-aws
      version: '#14-Ubuntu SMP Thu Jul 25 21:19:24 UTC 2024'
      machine: x86_64
      compiler: 'musl-gcc 13.2.1'
      uptime: 465
      totalram: 803068542976
      freeram: 793556205568
      sharedram: 73453568
      bufferram: 192372736
      totalswap: 0
      freeswap: 0
      pagesize: 4096
      cpus: 96
      cpus-online: 96
      ticks-per-second: 100

metrics:
    - stressor: cpu
      bogo-ops: 1617571
      bogo-ops-per-second-usr-sys-time: 843.019581
      bogo-ops-per-second-real-time: 80878.152773
      wall-clock-time: 20.000098
      user-time: 1918.714272
      system-time: 0.067969
      cpu-usage-per-instance: 99.936084
      max-rss: 768

...
