BaselineInfo:
  WebDBID: -1
  TimeStamp: 20250417231716
Version:
  Major: 11
  Minor: 0
  Build: 1002
  SpecialBuildName: ""
  ptArchitecture: x86_64_linux
Results:
  Results Complete: true
  NumTestProcesses: 32
  CPU_INTEGER_MATH: 153128.94233333331
  CPU_FLOATINGPOINT_MATH: 108542.08593768156
  CPU_PRIME: 319.96354521306762
  CPU_SORTING: 75716.83466357275
  CPU_ENCRYPTION: 33847.050568240877
  CPU_COMPRESSION: 547642.64254716947
  CPU_SINGLETHREAD: 2922.7219355501707
  CPU_PHYSICS: 7362.8071411792853
  CPU_MATRIX_MULT_SSE: 46877.97777888288
  CPU_mm: 4330.8689246377162
  CPU_sse: 18827.493891272723
  CPU_fma: 52515.499296150883
  CPU_avx: 39666.608464403602
  CPU_avx512: 76502.309463704354
  m_CPU_enc_SHA: 35640888056.765343
  m_CPU_enc_AES: 46464138699.942825
  m_CPU_enc_ECDSA: 24368587933.223076
  ME_ALLOC_S: 18132.837360348858
  ME_READ_S: 26846.747656250001
  ME_READ_L: 10789.9814453125
  ME_WRITE: 9847.09375
  ME_LARGE: 118782.5
  ME_LATENCY: 60.480357934820859
  ME_THREADED: 202570.5908203125
  SUMM_CPU: 47388.573536449556
  SUMM_ME: 2585.6528049160752
SystemInformation:
  OSName: Ubuntu 24.04.2 LTS
  Kernel: 6.8.0-1021-azure
  Device: ""
  Processor: INTEL XEON PLATINUM 8573C
  NumSockets: 1
  Manufacturer: GenuineIntel
  NumCores: 16
  NumLogicals: 32
  CPUFrequency: 2300
  Memory: 128802
  MemModuleInfo:
    iNumMemSticks: 3
    DIMM 1:
      manufacturer: Microsoft Corporation
      modulePartNo: None
      memType: Unknown
      size: 1
      clkspeed: 0
      moduleVoltage: 0
    DIMM 2:
      manufacturer: Microsoft Corporation
      modulePartNo: None
      memType: Unknown
      size: 59
      clkspeed: 0
      moduleVoltage: 0
    DIMM 3:
      manufacturer: Microsoft Corporation
      modulePartNo: None
      memType: Unknown
      size: 68
      clkspeed: 0
      moduleVoltage: 0
Checksum: 44C993B9F4503543FCB4EBA5ED40E54F15F919DA