BaselineInfo:
  WebDBID: -1
  TimeStamp: 20260630124056
Version:
  Major: 11
  Minor: 0
  Build: 1004
  SpecialBuildName: ""
  ptArchitecture: x86_64_linux
Results:
  Results Complete: true
  NumTestProcesses: 24
  CPU_INTEGER_MATH: 93588.791999999987
  CPU_FLOATINGPOINT_MATH: 67684.093201051684
  CPU_PRIME: 173.60403536863947
  CPU_SORTING: 54957.009964017874
  CPU_ENCRYPTION: 12058.977304452392
  CPU_COMPRESSION: 462737.2446259468
  CPU_SINGLETHREAD: 1992.9066733994387
  CPU_PHYSICS: 2632.2747446491871
  CPU_MATRIX_MULT_SSE: 34188.611808748436
  CPU_mm: 3915.844876020783
  CPU_sse: 14512.994825825652
  CPU_fma: 46250.654753736191
  CPU_avx: 31312.588653112289
  CPU_avx512: 44678.2090023196
  m_CPU_enc_SHA: 6569092820.270093
  m_CPU_enc_AES: 25578941747.015697
  m_CPU_enc_ECDSA: 5786227990.6946278
  ME_ALLOC_S: 6984.9560784876312
  ME_READ_S: 24318.350781249999
  ME_READ_L: 6460.12060546875
  ME_WRITE: 6862.1572265625
  ME_LARGE: 87534.666666666672
  ME_LATENCY: 81.894684011101575
  ME_THREADED: 109462.35888671875
  SUMM_CPU: 29089.760602364819
  SUMM_ME: 1845.5592849009176
SystemInformation:
  OSName: Ubuntu 24.04.4 LTS
  Kernel: 6.8.0-124-generic
  Device: ""
  Processor: Intel Xeon Processor (Skylake, IBRS)
  NumSockets: 2
  Manufacturer: GenuineIntel
  NumCores: 12
  NumLogicals: 24
  CPUFrequency: 743
  CPUMaxFrequency: 2696
  Memory: 96547
  CPUInfo:
    number: 2
    Family: 6
    Model: 5
    stepping: 4
    features: 395049983
    manufacture: GenuineIntel
    typestring: Intel Xeon Processor (Skylake, IBRS)
    iCoresPerPackage: 6
    iThreadsPerPackage: 2
    featuresEx:
      - 395049983
      - 4294586883
      - 739248128
    bHybrid: false
    nPCore: 0
    nLogicalsPerPCore: 0
    nECore: 0
    nLogicalsPerECore: 0
  MemModuleInfo:
    iNumMemSticks: 6
    DIMM 1:
      manufacturer: QEMU
      modulePartNo: Not Specified
      memType: RAM
      size: 16
      clkspeed: 0
      moduleVoltage: 0
    DIMM 2:
      manufacturer: QEMU
      modulePartNo: Not Specified
      memType: RAM
      size: 16
      clkspeed: 0
      moduleVoltage: 0
    DIMM 3:
      manufacturer: QEMU
      modulePartNo: Not Specified
      memType: RAM
      size: 16
      clkspeed: 0
      moduleVoltage: 0
    DIMM 4:
      manufacturer: QEMU
      modulePartNo: Not Specified
      memType: RAM
      size: 16
      clkspeed: 0
      moduleVoltage: 0
    DIMM 5:
      manufacturer: QEMU
      modulePartNo: Not Specified
      memType: RAM
      size: 16
      clkspeed: 0
      moduleVoltage: 0
    DIMM 6:
      manufacturer: QEMU
      modulePartNo: Not Specified
      memType: RAM
      size: 16
      clkspeed: 0
      moduleVoltage: 0
Checksum: DD944E785F85D7490417824618E064672DD031E9