---
system-info:
      stress-ng-version: 0.17.08
      run-by: root
      date-yyyy-mm-dd: 2024:06:13
      time-hh-mm-ss: 03:55:56
      epoch-secs: 1718250956
      hostname: a48d19439409
      sysname: Linux
      nodename: a48d19439409
      release: 6.8.0-1008-aws
      version: '#8-Ubuntu SMP Sat Apr 20 00:46:25 UTC 2024'
      machine: x86_64
      compiler: 'musl-gcc 13.2.1'
      uptime: 171
      totalram: 257734758400
      freeram: 252757217280
      sharedram: 64557056
      bufferram: 110948352
      totalswap: 0
      freeswap: 0
      pagesize: 4096
      cpus: 36
      cpus-online: 36
      ticks-per-second: 100

metrics:
    - stressor: cpu
      bogo-ops: 373877
      bogo-ops-per-second-usr-sys-time: 519.655315
      bogo-ops-per-second-real-time: 18693.671538
      wall-clock-time: 20.000191
      user-time: 719.455152
      system-time: 0.015985
      cpu-usage-per-instance: 99.925593
      max-rss: 916

...
