---
system-info:
      stress-ng-version: 0.17.08
      run-by: root
      date-yyyy-mm-dd: 2024:06:06
      time-hh-mm-ss: 20:23:47
      epoch-secs: 1717705427
      hostname: b4d0e5c77a90
      sysname: Linux
      nodename: b4d0e5c77a90
      release: 6.8.0-1008-aws
      version: '#8-Ubuntu SMP Sat Apr 20 00:46:25 UTC 2024'
      machine: x86_64
      compiler: 'musl-gcc 13.2.1'
      uptime: 129
      totalram: 257734770688
      freeram: 252923244544
      sharedram: 64557056
      bufferram: 86249472
      totalswap: 0
      freeswap: 0
      pagesize: 4096
      cpus: 36
      cpus-online: 36
      ticks-per-second: 100

metrics:
    - stressor: cpu
      bogo-ops: 294339
      bogo-ops-per-second-usr-sys-time: 818.373751
      bogo-ops-per-second-real-time: 29428.445732
      wall-clock-time: 10.001853
      user-time: 359.603321
      system-time: 0.059974
      cpu-usage-per-instance: 99.887958
      max-rss: 3796

...
