---
system-info:
      stress-ng-version: 0.17.08
      run-by: root
      date-yyyy-mm-dd: 2024:06:08
      time-hh-mm-ss: 17:19:03
      epoch-secs: 1717867143
      hostname: 5dc6b653ef70
      sysname: Linux
      nodename: 5dc6b653ef70
      release: 6.8.0-1008-aws
      version: '#8-Ubuntu SMP Sat Apr 20 00:46:25 UTC 2024'
      machine: x86_64
      compiler: 'musl-gcc 13.2.1'
      uptime: 108
      totalram: 540826705920
      freeram: 533777539072
      sharedram: 117280768
      bufferram: 103673856
      totalswap: 0
      freeswap: 0
      pagesize: 4096
      cpus: 128
      cpus-online: 128
      ticks-per-second: 100

metrics:
    - stressor: cpu
      bogo-ops: 1555811
      bogo-ops-per-second-usr-sys-time: 1216.246747
      bogo-ops-per-second-real-time: 155561.766557
      wall-clock-time: 10.001243
      user-time: 1279.038330
      system-time: 0.151936
      cpu-usage-per-instance: 99.924321
      max-rss: 3072

...
