---
system-info:
      stress-ng-version: 0.17.08
      run-by: root
      date-yyyy-mm-dd: 2024:06:14
      time-hh-mm-ss: 23:42:12
      epoch-secs: 1718408532
      hostname: 5a7b83933157
      sysname: Linux
      nodename: 5a7b83933157
      release: 6.8.0-1008-aws
      version: '#8-Ubuntu SMP Sat Apr 20 00:46:25 UTC 2024'
      machine: x86_64
      compiler: 'musl-gcc 13.2.1'
      uptime: 111
      totalram: 540826714112
      freeram: 534025240576
      sharedram: 117280768
      bufferram: 108728320
      totalswap: 0
      freeswap: 0
      pagesize: 4096
      cpus: 128
      cpus-online: 128
      ticks-per-second: 100

metrics:
    - stressor: cpu
      bogo-ops: 2498363
      bogo-ops-per-second-usr-sys-time: 976.311468
      bogo-ops-per-second-real-time: 124917.680038
      wall-clock-time: 20.000075
      user-time: 2558.935548
      system-time: 0.045967
      cpu-usage-per-instance: 99.959839
      max-rss: 0

...
