---
system-info:
      stress-ng-version: 0.17.08
      run-by: root
      date-yyyy-mm-dd: 2024:07:03
      time-hh-mm-ss: 14:41:56
      epoch-secs: 1720017716
      hostname: n2-standard-128-a572c9c
      sysname: Linux
      nodename: n2-standard-128-a572c9c
      release: 6.8.0-1009-gcp
      version: '#10-Ubuntu SMP Wed Jun 12 18:52:23 UTC 2024'
      machine: x86_64
      compiler: 'musl-gcc 13.2.1'
      uptime: 138
      totalram: 540997574656
      freeram: 534365929472
      sharedram: 115757056
      bufferram: 131878912
      totalswap: 0
      freeswap: 0
      pagesize: 4096
      cpus: 128
      cpus-online: 128
      ticks-per-second: 100

metrics:
    - stressor: cpu
      bogo-ops: 2412983
      bogo-ops-per-second-usr-sys-time: 942.874032
      bogo-ops-per-second-real-time: 120648.594748
      wall-clock-time: 20.000092
      user-time: 2559.139579
      system-time: 0.038973
      cpu-usage-per-instance: 99.967452
      max-rss: 0

...
