---
system-info:
      stress-ng-version: 0.17.08
      run-by: root
      date-yyyy-mm-dd: 2024:07:11
      time-hh-mm-ss: 15:43:11
      epoch-secs: 1720712591
      hostname: ip-172-31-1-13
      sysname: Linux
      nodename: ip-172-31-1-13
      release: 6.8.0-1010-aws
      version: '#10-Ubuntu SMP Thu Jun 13 17:36:15 UTC 2024'
      machine: x86_64
      compiler: 'musl-gcc 13.2.1'
      uptime: 238
      totalram: 32862920704
      freeram: 27379539968
      sharedram: 18087936
      bufferram: 141848576
      totalswap: 0
      freeswap: 0
      pagesize: 4096
      cpus: 8
      cpus-online: 8
      ticks-per-second: 100

metrics:
    - stressor: cpu
      bogo-ops: 15330
      bogo-ops-per-second-usr-sys-time: 766.489231
      bogo-ops-per-second-real-time: 766.493513
      wall-clock-time: 20.000169
      user-time: 20.000281
      system-time: 0.000000
      cpu-usage-per-instance: 100.000559
      max-rss: 1104

...
