BaselineInfo:
  WebDBID: -1
  TimeStamp: 20241115033703
Version:
  Major: 11
  Minor: 0
  Build: 1002
  SpecialBuildName: ""
  ptArchitecture: x86_64_linux
Results:
  Results Complete: true
  NumTestProcesses: 2
  CPU_INTEGER_MATH: 7764.5363333333335
  CPU_FLOATINGPOINT_MATH: 5522.6432566749427
  CPU_PRIME: 16.362976160692632
  CPU_SORTING: 3947.0704246645573
  CPU_ENCRYPTION: 1722.6848534560672
  CPU_COMPRESSION: 29548.147570978676
  CPU_SINGLETHREAD: 2389.7816978634455
  CPU_PHYSICS: 388.67402480312251
  CPU_MATRIX_MULT_SSE: 2048.2038493684722
  CPU_mm: 219.77755014693057
  CPU_sse: 953.08294794673202
  CPU_fma: 2350.7111746411047
  CPU_avx: 1806.1029543379489
  CPU_avx512: 3082.9183205481022
  m_CPU_enc_SHA: 1828477627.366601
  m_CPU_enc_AES: 2348948802.0025568
  m_CPU_enc_ECDSA: 1241671549.3234894
  ME_ALLOC_S: 974.82659722506128
  ME_READ_S: 21650.878320312499
  ME_READ_L: 7163.7919921875
  ME_WRITE: 6972.12548828125
  ME_LARGE: 626
  ME_LATENCY: 73.419123381582423
  ME_THREADED: 11110.623046875
  SUMM_CPU: 3038.594392166201
  SUMM_ME: 858.00582774272493
SystemInformation:
  OSName: Ubuntu 24.04.1 LTS
  Kernel: 6.8.0-1015-gcp
  Device: ""
  Processor: INTEL XEON PLATINUM 8581C CPU @ 2.10GHz
  NumSockets: 1
  Manufacturer: GenuineIntel
  NumCores: 1
  NumLogicals: 2
  CPUFrequency: 0
  Memory: 7938
  MemModuleInfo:
    iNumMemSticks: 1
    DIMM 1:
      manufacturer: ""
      modulePartNo: ""
      memType: RAM
      size: 8
      clkspeed: 0
      moduleVoltage: 0
Checksum: 20E81D9A38E895616A8C02E9FE97AFF535A25BA6