BaselineInfo:
  WebDBID: -1
  TimeStamp: 20241115165334
Version:
  Major: 11
  Minor: 0
  Build: 1002
  SpecialBuildName: ""
  ptArchitecture: x86_64_linux
Results:
  Results Complete: true
  NumTestProcesses: 2
  CPU_INTEGER_MATH: 7529.9996666666666
  CPU_FLOATINGPOINT_MATH: 5410.0951123191871
  CPU_PRIME: 16.192751392822164
  CPU_SORTING: 3875.6926634885326
  CPU_ENCRYPTION: 1695.2046629667473
  CPU_COMPRESSION: 29513.145500159266
  CPU_SINGLETHREAD: 2358.7872419890091
  CPU_PHYSICS: 382.76098133887581
  CPU_MATRIX_MULT_SSE: 1993.2653151764678
  CPU_mm: 216.67319548691279
  CPU_sse: 932.58998526536698
  CPU_fma: 2294.5394845829373
  CPU_avx: 1815.8865131260116
  CPU_avx512: 2930.045277731555
  m_CPU_enc_SHA: 1785773770.2752879
  m_CPU_enc_AES: 2297424102.5437565
  m_CPU_enc_ECDSA: 1249454901.2060161
  ME_ALLOC_S: 1259.1955932688354
  ME_READ_S: 21233.705273437499
  ME_READ_L: 7574.904296875
  ME_WRITE: 7366.810546875
  ME_LARGE: 538.25
  ME_LATENCY: 65.501977145152097
  ME_THREADED: 12473.52099609375
  SUMM_CPU: 2984.9422435979118
  SUMM_ME: 838.10052747418547
SystemInformation:
  OSName: Ubuntu 24.04.1 LTS
  Kernel: 6.8.0-1017-gcp
  Device: ""
  Processor: INTEL XEON PLATINUM 8581C CPU @ 2.10GHz
  NumSockets: 1
  Manufacturer: GenuineIntel
  NumCores: 1
  NumLogicals: 2
  CPUFrequency: 0
  Memory: 7938
  MemModuleInfo:
    iNumMemSticks: 1
    DIMM 1:
      manufacturer: ""
      modulePartNo: ""
      memType: RAM
      size: 8
      clkspeed: 0
      moduleVoltage: 0
Checksum: 02A1BC93708A0118B239B15AA03CB917D28AC88C