BaselineInfo:
  WebDBID: -1
  TimeStamp: 20241107054622
Version:
  Major: 11
  Minor: 0
  Build: 1002
  SpecialBuildName: ""
  ptArchitecture: x86_64_linux
Results:
  Results Complete: true
  NumTestProcesses: 2
  CPU_INTEGER_MATH: 8711.8183333333327
  CPU_FLOATINGPOINT_MATH: 6186.4840857181825
  CPU_PRIME: 17.9055019655626
  CPU_SORTING: 4438.5477635852567
  CPU_ENCRYPTION: 1924.8119073053531
  CPU_COMPRESSION: 33096.09546707385
  CPU_SINGLETHREAD: 2672.9017247274182
  CPU_PHYSICS: 432.52809743191347
  CPU_MATRIX_MULT_SSE: 2534.1118864937243
  CPU_mm: 246.90206230826766
  CPU_sse: 1065.282145400909
  CPU_fma: 3046.219708431563
  CPU_avx: 2251.3118343920814
  CPU_avx512: 3773.6338577503425
  m_CPU_enc_SHA: 2032675527.6758466
  m_CPU_enc_AES: 2633843001.071002
  m_CPU_enc_ECDSA: 1388416182.7970061
  ME_ALLOC_S: 1520.006726764115
  ME_READ_S: 23498.0224609375
  ME_READ_L: 8343.447265625
  ME_WRITE: 8277.0380859375
  ME_LARGE: 593.41666666666663
  ME_LATENCY: 53.769032344385721
  ME_THREADED: 13849.0302734375
  SUMM_CPU: 3443.9824564952792
  SUMM_ME: 943.30886215201292
SystemInformation:
  OSName: Ubuntu 24.04.1 LTS
  Kernel: 6.8.0-1015-gcp
  Device: ""
  Processor: INTEL XEON PLATINUM 8581C CPU @ 2.10GHz
  NumSockets: 1
  Manufacturer: GenuineIntel
  NumCores: 1
  NumLogicals: 2
  CPUFrequency: 0
  Memory: 7938
  MemModuleInfo:
    iNumMemSticks: 1
    DIMM 1:
      manufacturer: ""
      modulePartNo: ""
      memType: RAM
      size: 8
      clkspeed: 0
      moduleVoltage: 0
Checksum: 82EB16A93443E04CB446C2DEC011D5F518E659FF