BaselineInfo:
  WebDBID: -1
  TimeStamp: 20251202213947
Version:
  Major: 11
  Minor: 0
  Build: 1002
  SpecialBuildName: ""
  ptArchitecture: x86_64_linux
Results:
  Results Complete: true
  NumTestProcesses: 192
  CPU_INTEGER_MATH: 1377871.8423333333
  CPU_FLOATINGPOINT_MATH: 1258389.9428035978
  CPU_PRIME: 4142.7795477603331
  CPU_SORTING: 620845.88052289223
  CPU_ENCRYPTION: 266150.39504843572
  CPU_COMPRESSION: 4690874.7044239985
  CPU_SINGLETHREAD: 3815.7633354864015
  CPU_PHYSICS: 56378.60856122338
  CPU_MATRIX_MULT_SSE: 394976.21371226781
  CPU_mm: 46346.202312240464
  CPU_sse: 150095.70989585598
  CPU_fma: 529110.11970314698
  CPU_avx: 304846.8277055248
  CPU_avx512: 595852.19754454354
  m_CPU_enc_SHA: 373865264281.92419
  m_CPU_enc_AES: 240651293106.39212
  m_CPU_enc_ECDSA: 222720192526.60913
  ME_ALLOC_S: 46747.477758871835
  ME_READ_S: 33824.106640625003
  ME_READ_L: 32778.0625
  ME_WRITE: 32765.626953125
  ME_LARGE: 363389.25
  ME_LATENCY: 81.519695471646585
  ME_THREADED: 1348349.8435058594
  SUMM_CPU: 183732.71492461188
  SUMM_ME: 2954.8505417813026
SystemInformation:
  OSName: Ubuntu 24.04.2 LTS
  Kernel: 6.14.0-1017-aws
  Device: ""
  Processor: AMD EPYC 9R45
  NumSockets: 2
  Manufacturer: AuthenticAMD
  NumCores: 192
  NumLogicals: 192
  CPUFrequency: 0
  Memory: 379767
  MemModuleInfo:
    iNumMemSticks: 2
    DIMM 1:
      manufacturer: Not Specified
      modulePartNo: Not Specified
      memType: DDR5
      size: 192
      clkspeed: 3200
      moduleVoltage: 0
    DIMM 2:
      manufacturer: Not Specified
      modulePartNo: Not Specified
      memType: DDR5
      size: 192
      clkspeed: 3200
      moduleVoltage: 0
Checksum: 32623BB66ADC27CBBC0BA603D7FCC0D9E43AC585