---
system-info:
      stress-ng-version: 0.17.08
      run-by: root
      date-yyyy-mm-dd: 2024:06:07
      time-hh-mm-ss: 11:23:50
      epoch-secs: 1717759430
      hostname: 8dc0a36fa995
      sysname: Linux
      nodename: 8dc0a36fa995
      release: 6.8.0-1008-aws
      version: '#8-Ubuntu SMP Sat Apr 20 00:46:25 UTC 2024'
      machine: x86_64
      compiler: 'musl-gcc 13.2.1'
      uptime: 149
      totalram: 128757608448
      freeram: 124383117312
      sharedram: 27664384
      bufferram: 89686016
      totalswap: 0
      freeswap: 0
      pagesize: 4096
      cpus: 16
      cpus-online: 16
      ticks-per-second: 100

metrics:
    - stressor: cpu
      bogo-ops: 132190
      bogo-ops-per-second-usr-sys-time: 828.089679
      bogo-ops-per-second-real-time: 13216.009342
      wall-clock-time: 10.002263
      user-time: 159.604501
      system-time: 0.027968
      cpu-usage-per-instance: 99.747721
      max-rss: 4048

...
