---
system-info:
      stress-ng-version: 0.17.08
      run-by: root
      date-yyyy-mm-dd: 2024:06:14
      time-hh-mm-ss: 13:46:03
      epoch-secs: 1718372763
      hostname: ebfc0e703247
      sysname: Linux
      nodename: ebfc0e703247
      release: 6.8.0-1008-aws
      version: '#8-Ubuntu SMP Sat Apr 20 00:46:25 UTC 2024'
      machine: x86_64
      compiler: 'musl-gcc 13.2.1'
      uptime: 156
      totalram: 128757604352
      freeram: 124281831424
      sharedram: 27664384
      bufferram: 108056576
      totalswap: 0
      freeswap: 0
      pagesize: 4096
      cpus: 16
      cpus-online: 16
      ticks-per-second: 100

metrics:
    - stressor: cpu
      bogo-ops: 177753
      bogo-ops-per-second-usr-sys-time: 556.533445
      bogo-ops-per-second-real-time: 8887.608283
      wall-clock-time: 20.000094
      user-time: 319.373224
      system-time: 0.019980
      cpu-usage-per-instance: 99.809908
      max-rss: 1104

...
