---
system-info:
      stress-ng-version: 0.17.08
      run-by: root
      date-yyyy-mm-dd: 2024:06:06
      time-hh-mm-ss: 13:56:33
      epoch-secs: 1717682193
      hostname: 43120a3f3b1f
      sysname: Linux
      nodename: 43120a3f3b1f
      release: 6.8.0-1008-aws
      version: '#8-Ubuntu SMP Sat Apr 20 00:46:25 UTC 2024'
      machine: x86_64
      compiler: 'musl-gcc 13.2.1'
      uptime: 107
      totalram: 3979272192
      freeram: 199258112
      sharedram: 11788288
      bufferram: 77656064
      totalswap: 0
      freeswap: 0
      pagesize: 4096
      cpus: 2
      cpus-online: 2
      ticks-per-second: 100

metrics:
    - stressor: cpu
      bogo-ops: 17824
      bogo-ops-per-second-usr-sys-time: 1782.434223
      bogo-ops-per-second-real-time: 1782.246859
      wall-clock-time: 10.000859
      user-time: 9.999808
      system-time: 0.000000
      cpu-usage-per-instance: 99.989488
      max-rss: 3920

...
