---
system-info:
      stress-ng-version: 0.17.08
      run-by: root
      date-yyyy-mm-dd: 2024:06:14
      time-hh-mm-ss: 07:40:38
      epoch-secs: 1718350838
      hostname: 6103ae1d55b4
      sysname: Linux
      nodename: 6103ae1d55b4
      release: 6.8.0-1008-aws
      version: '#8-Ubuntu SMP Sat Apr 20 00:46:25 UTC 2024'
      machine: x86_64
      compiler: 'musl-gcc 13.2.1'
      uptime: 127
      totalram: 3979280384
      freeram: 126214144
      sharedram: 11788288
      bufferram: 101642240
      totalswap: 0
      freeswap: 0
      pagesize: 4096
      cpus: 2
      cpus-online: 2
      ticks-per-second: 100

metrics:
    - stressor: cpu
      bogo-ops: 61559
      bogo-ops-per-second-usr-sys-time: 3078.095132
      bogo-ops-per-second-real-time: 3077.943029
      wall-clock-time: 20.000045
      user-time: 19.999057
      system-time: 0.000000
      cpu-usage-per-instance: 99.995059
      max-rss: 1104

...
