---
system-info:
      stress-ng-version: 0.17.08
      run-by: root
      date-yyyy-mm-dd: 2024:06:15
      time-hh-mm-ss: 06:42:46
      epoch-secs: 1718433766
      hostname: a9b5dc36fda2
      sysname: Linux
      nodename: a9b5dc36fda2
      release: 6.8.0-1008-aws
      version: '#8-Ubuntu SMP Sat Apr 20 02:43:14 UTC 2024'
      machine: aarch64
      compiler: 'musl-gcc 13.2.1'
      uptime: 126
      totalram: 3993305088
      freeram: 75542528
      sharedram: 35028992
      bufferram: 102604800
      totalswap: 0
      freeswap: 0
      pagesize: 4096
      cpus: 1
      cpus-online: 1
      ticks-per-second: 100

metrics:
    - stressor: cpu
      bogo-ops: 30333
      bogo-ops-per-second-usr-sys-time: 1532.558571
      bogo-ops-per-second-real-time: 1516.640002
      wall-clock-time: 20.000132
      user-time: 19.790406
      system-time: 0.001986
      cpu-usage-per-instance: 98.961308
      max-rss: 1192

...
