---
system-info:
      stress-ng-version: 0.17.08
      run-by: root
      date-yyyy-mm-dd: 2024:06:08
      time-hh-mm-ss: 21:55:30
      epoch-secs: 1717883730
      hostname: 7c7ed865934d
      sysname: Linux
      nodename: 7c7ed865934d
      release: 6.8.0-1008-aws
      version: '#8-Ubuntu SMP Sat Apr 20 02:43:14 UTC 2024'
      machine: aarch64
      compiler: 'musl-gcc 13.2.1'
      uptime: 112
      totalram: 3993309184
      freeram: 142106624
      sharedram: 35020800
      bufferram: 95547392
      totalswap: 0
      freeswap: 0
      pagesize: 4096
      cpus: 1
      cpus-online: 1
      ticks-per-second: 100

metrics:
    - stressor: cpu
      bogo-ops: 4211
      bogo-ops-per-second-usr-sys-time: 425.579737
      bogo-ops-per-second-real-time: 421.021794
      wall-clock-time: 10.001858
      user-time: 9.892753
      system-time: 0.001985
      cpu-usage-per-instance: 98.929004
      max-rss: 4136

...
