---
system-info:
      stress-ng-version: 0.17.08
      run-by: root
      date-yyyy-mm-dd: 2024:06:14
      time-hh-mm-ss: 04:24:21
      epoch-secs: 1718339061
      hostname: b032956b4c05
      sysname: Linux
      nodename: b032956b4c05
      release: 6.8.0-1008-aws
      version: '#8-Ubuntu SMP Sat Apr 20 00:46:25 UTC 2024'
      machine: x86_64
      compiler: 'musl-gcc 13.2.1'
      uptime: 118
      totalram: 8112062464
      freeram: 3834310656
      sharedram: 11636736
      bufferram: 106799104
      totalswap: 0
      freeswap: 0
      pagesize: 4096
      cpus: 4
      cpus-online: 4
      ticks-per-second: 100

metrics:
    - stressor: cpu
      bogo-ops: 119370
      bogo-ops-per-second-usr-sys-time: 1500.716904
      bogo-ops-per-second-real-time: 5968.475524
      wall-clock-time: 20.000082
      user-time: 79.528998
      system-time: 0.012986
      cpu-usage-per-instance: 99.427072
      max-rss: 1104

...
