---
system-info:
      stress-ng-version: 0.17.08
      run-by: root
      date-yyyy-mm-dd: 2024:06:06
      time-hh-mm-ss: 04:51:30
      epoch-secs: 1717649490
      hostname: 204ebe329aa7
      sysname: Linux
      nodename: 204ebe329aa7
      release: 6.8.0-1008-aws
      version: '#8-Ubuntu SMP Sat Apr 20 00:46:25 UTC 2024'
      machine: x86_64
      compiler: 'musl-gcc 13.2.1'
      uptime: 109
      totalram: 8112058368
      freeram: 4083396608
      sharedram: 11636736
      bufferram: 80281600
      totalswap: 0
      freeswap: 0
      pagesize: 4096
      cpus: 4
      cpus-online: 4
      ticks-per-second: 100

metrics:
    - stressor: cpu
      bogo-ops: 52166
      bogo-ops-per-second-usr-sys-time: 1311.045509
      bogo-ops-per-second-real-time: 5216.122947
      wall-clock-time: 10.000915
      user-time: 39.779627
      system-time: 0.009991
      cpu-usage-per-instance: 99.464948
      max-rss: 4048

...
