---
system-info:
      stress-ng-version: 0.17.08
      run-by: root
      date-yyyy-mm-dd: 2024:09:23
      time-hh-mm-ss: 18:07:18
      epoch-secs: 1727114838
      hostname: sc-runner
      sysname: Linux
      nodename: sc-runner
      release: 6.8.0-1014-azure
      version: '#16-Ubuntu SMP Thu Aug 15 20:04:41 UTC 2024'
      machine: x86_64
      compiler: 'musl-gcc 13.2.1'
      uptime: 280
      totalram: 135059623936
      freeram: 124250533888
      sharedram: 55156736
      bufferram: 250900480
      totalswap: 0
      freeswap: 0
      pagesize: 4096
      cpus: 32
      cpus-online: 32
      ticks-per-second: 100

metrics:
    - stressor: cpu
      bogo-ops: 621322
      bogo-ops-per-second-usr-sys-time: 971.339269
      bogo-ops-per-second-real-time: 31065.990508
      wall-clock-time: 20.000070
      user-time: 639.607000
      system-time: 0.047979
      cpu-usage-per-instance: 99.945738
      max-rss: 1032

...
