BaselineInfo:
  WebDBID: -1
  TimeStamp: 20241109042120
Version:
  Major: 11
  Minor: 0
  Build: 1002
  SpecialBuildName: ""
  ptArchitecture: x86_64_linux
Results:
  Results Complete: true
  NumTestProcesses: 16
  CPU_INTEGER_MATH: 67312.402000000002
  CPU_FLOATINGPOINT_MATH: 34413.352260476815
  CPU_PRIME: 135.39868227631482
  CPU_SORTING: 34866.353566183578
  CPU_ENCRYPTION: 14606.12242228899
  CPU_COMPRESSION: 248551.97995171143
  CPU_SINGLETHREAD: 2433.0797537265257
  CPU_PHYSICS: 2291.293951711029
  CPU_MATRIX_MULT_SSE: 14602.078781070401
  CPU_mm: 1448.4926475371576
  CPU_sse: 6391.0760331148467
  CPU_fma: 17543.677974019964
  CPU_avx: 12952.827797669581
  CPU_avx512: 21520.733319477211
  m_CPU_enc_SHA: 14755037011.210043
  m_CPU_enc_AES: 22228341988.365562
  m_CPU_enc_ECDSA: 8963509275.646698
  ME_ALLOC_S: 7995.5784920512779
  ME_READ_S: 23467.066210937501
  ME_READ_L: 11350.4765625
  ME_WRITE: 10695.73046875
  ME_LARGE: 247349.41666666666
  ME_LATENCY: 53.069417491701039
  ME_THREADED: 93648.62451171875
  SUMM_CPU: 21320.679695740771
  SUMM_ME: 2659.9724295992219
SystemInformation:
  OSName: Ubuntu 24.04.1 LTS
  Kernel: 6.8.0-1017-azure
  Device: ""
  Processor: Intel Xeon Platinum 8370C CPU @ 2.80GHz
  NumSockets: 1
  Manufacturer: GenuineIntel
  NumCores: 8
  NumLogicals: 16
  CPUFrequency: 2800
  Memory: 257736
  MemModuleInfo:
    iNumMemSticks: 3
    DIMM 1:
      manufacturer: Microsoft Corporation
      modulePartNo: None
      memType: Unknown
      size: 1
      clkspeed: 0
      moduleVoltage: 0
    DIMM 2:
      manufacturer: Microsoft Corporation
      modulePartNo: None
      memType: Unknown
      size: 59
      clkspeed: 0
      moduleVoltage: 0
    DIMM 3:
      manufacturer: Microsoft Corporation
      modulePartNo: None
      memType: Unknown
      size: 196
      clkspeed: 0
      moduleVoltage: 0
Checksum: AE9C2BDE4D0A4F825FD794CAB85CD2CF47F9A871