BaselineInfo:
  WebDBID: -1
  TimeStamp: 20251104221904
Version:
  Major: 11
  Minor: 0
  Build: 1002
  SpecialBuildName: ""
  ptArchitecture: x86_64_linux
Results:
  Results Complete: true
  NumTestProcesses: 4
  CPU_INTEGER_MATH: 30563.133333333335
  CPU_FLOATINGPOINT_MATH: 30626.039755817023
  CPU_PRIME: 120.30430923601112
  CPU_SORTING: 17990.561795054004
  CPU_ENCRYPTION: 6356.7807982694467
  CPU_COMPRESSION: 133020.83264606353
  CPU_SINGLETHREAD: 3811.7916266031884
  CPU_PHYSICS: 1886.2591843191383
  CPU_MATRIX_MULT_SSE: 12004.407216154585
  CPU_mm: 1468.91900425163
  CPU_sse: 4412.48516115041
  CPU_fma: 17474.665993822287
  CPU_avx: 8892.8511965738326
  CPU_avx512: 17237.626513071813
  m_CPU_enc_SHA: 8825407989.7059402
  m_CPU_enc_AES: 5526802190.0218801
  m_CPU_enc_ECDSA: 5644493167.2507315
  ME_ALLOC_S: 5260.950242141238
  ME_READ_S: 33898.1982421875
  ME_READ_L: 32143.2890625
  ME_WRITE: 32869.15625
  ME_LARGE: 21786.583333333332
  ME_LATENCY: 83.567612628602504
  ME_THREADED: 52167.595703125
  SUMM_CPU: 13535.382635785072
  SUMM_ME: 2569.2948336794939
SystemInformation:
  OSName: Ubuntu 24.04.2 LTS
  Kernel: 6.14.0-1015-aws
  Device: ""
  Processor: AMD EPYC 9R45
  NumSockets: 1
  Manufacturer: AuthenticAMD
  NumCores: 4
  NumLogicals: 4
  CPUFrequency: 0
  Memory: 31472
  MemModuleInfo:
    iNumMemSticks: 1
    DIMM 1:
      manufacturer: Not Specified
      modulePartNo: Not Specified
      memType: DDR5
      size: 32
      clkspeed: 3200
      moduleVoltage: 0
Checksum: BD2F0A827D67AAE6FA350B5E850F4F1944C2DAE6