---
system-info:
      stress-ng-version: 0.17.08
      run-by: root
      date-yyyy-mm-dd: 2024:09:23
      time-hh-mm-ss: 11:52:16
      epoch-secs: 1727092336
      hostname: sc-runner
      sysname: Linux
      nodename: sc-runner
      release: 6.8.0-1014-azure
      version: '#16-Ubuntu SMP Thu Aug 15 20:04:41 UTC 2024'
      machine: x86_64
      compiler: 'musl-gcc 13.2.1'
      uptime: 335
      totalram: 202597695488
      freeram: 191639928832
      sharedram: 38281216
      bufferram: 251891712
      totalswap: 0
      freeswap: 0
      pagesize: 4096
      cpus: 48
      cpus-online: 48
      ticks-per-second: 100

metrics:
    - stressor: cpu
      bogo-ops: 54055
      bogo-ops-per-second-usr-sys-time: 2702.754324
      bogo-ops-per-second-real-time: 2702.721357
      wall-clock-time: 20.000212
      user-time: 19.998969
      system-time: 0.000999
      cpu-usage-per-instance: 99.998780
      max-rss: 3200

...
