BaselineInfo:
  WebDBID: -1
  TimeStamp: 20260620124305
Version:
  Major: 11
  Minor: 0
  Build: 1004
  SpecialBuildName: ""
  ptArchitecture: x86_64_linux
Results:
  Results Complete: true
  NumTestProcesses: 8
  CPU_INTEGER_MATH: 53448.634333333335
  CPU_FLOATINGPOINT_MATH: 32553.062198215586
  CPU_PRIME: 131.46750657415848
  CPU_SORTING: 25783.506777725961
  CPU_ENCRYPTION: 10717.788671759308
  CPU_COMPRESSION: 195081.86392003228
  CPU_SINGLETHREAD: 3777.4605287249346
  CPU_PHYSICS: 1987.2245597699377
  CPU_MATRIX_MULT_SSE: 15310.530712554268
  CPU_mm: 1464.5824159765602
  CPU_sse: 5476.4661352028279
  CPU_fma: 16493.179855837647
  CPU_avx: 16023.310753472955
  CPU_avx512: 23249.166105703633
  m_CPU_enc_SHA: 13452563496.77984
  m_CPU_enc_AES: 11029745827.877314
  m_CPU_enc_ECDSA: 9232938598.1789055
  ME_ALLOC_S: 5324.1464027417751
  ME_READ_S: 34180.849218750001
  ME_READ_L: 31070.646484375
  ME_WRITE: 30527.888671875
  ME_LARGE: 249233
  ME_LATENCY: 79.587328306687468
  ME_THREADED: 51347.4248046875
  SUMM_CPU: 18926.201818947146
  SUMM_ME: 2733.5607800204452
SystemInformation:
  OSName: Ubuntu 24.04.4 LTS
  Kernel: 6.17.0-1018-azure
  Device: ""
  Processor: "AMD EPYC 9V45 96-Core Processor                "
  NumSockets: 1
  Manufacturer: AuthenticAMD
  NumCores: 4
  NumLogicals: 8
  CPUFrequency: 0
  CPUMaxFrequency: 0
  Memory: 257740
  CPUInfo:
    number: 1
    Family: 15
    Model: 2
    stepping: 1
    features: 395049983
    manufacture: AuthenticAMD
    typestring: "AMD EPYC 9V45 96-Core Processor                "
    iCoresPerPackage: 8
    iThreadsPerPackage: 2
    featuresEx:
      - 395049983
      - 4277809667
      - 802421759
    bHybrid: false
    nPCore: 0
    nLogicalsPerPCore: 0
    nECore: 0
    nLogicalsPerECore: 0
  MemModuleInfo:
    iNumMemSticks: 3
    DIMM 1:
      manufacturer: Microsoft Corporation
      modulePartNo: None
      memType: Unknown
      size: 1
      clkspeed: 0
      moduleVoltage: 0
    DIMM 2:
      manufacturer: Microsoft Corporation
      modulePartNo: None
      memType: Unknown
      size: 59
      clkspeed: 0
      moduleVoltage: 0
    DIMM 3:
      manufacturer: Microsoft Corporation
      modulePartNo: None
      memType: Unknown
      size: 196
      clkspeed: 0
      moduleVoltage: 0
Checksum: 98D0004D6297202FE570715EEA90D073D9B9EB8F