---
system-info:
      stress-ng-version: 0.17.08
      run-by: root
      date-yyyy-mm-dd: 2024:06:16
      time-hh-mm-ss: 02:52:49
      epoch-secs: 1718506369
      hostname: 065a83d84682
      sysname: Linux
      nodename: 065a83d84682
      release: 6.8.0-1008-aws
      version: '#8-Ubuntu SMP Sat Apr 20 02:43:14 UTC 2024'
      machine: aarch64
      compiler: 'musl-gcc 13.2.1'
      uptime: 142
      totalram: 132655845376
      freeram: 128158797824
      sharedram: 34963456
      bufferram: 109387776
      totalswap: 0
      freeswap: 0
      pagesize: 4096
      cpus: 16
      cpus-online: 16
      ticks-per-second: 100

metrics:
    - stressor: cpu
      bogo-ops: 30658
      bogo-ops-per-second-usr-sys-time: 1532.883062
      bogo-ops-per-second-real-time: 1532.894226
      wall-clock-time: 20.000075
      user-time: 20.000221
      system-time: 0.000000
      cpu-usage-per-instance: 100.000728
      max-rss: 1320

...
