---
system-info:
      stress-ng-version: 0.17.08
      run-by: root
      date-yyyy-mm-dd: 2024:06:09
      time-hh-mm-ss: 22:40:37
      epoch-secs: 1717972837
      hostname: c9cbb9dedd9a
      sysname: Linux
      nodename: c9cbb9dedd9a
      release: 6.8.0-1008-aws
      version: '#8-Ubuntu SMP Sat Apr 20 02:43:14 UTC 2024'
      machine: aarch64
      compiler: 'musl-gcc 13.2.1'
      uptime: 129
      totalram: 132655845376
      freeram: 127948906496
      sharedram: 34963456
      bufferram: 112353280
      totalswap: 0
      freeswap: 0
      pagesize: 4096
      cpus: 16
      cpus-online: 16
      ticks-per-second: 100

metrics:
    - stressor: cpu
      bogo-ops: 4267
      bogo-ops-per-second-usr-sys-time: 425.205615
      bogo-ops-per-second-real-time: 425.204643
      wall-clock-time: 10.035168
      user-time: 10.035145
      system-time: 0.000000
      cpu-usage-per-instance: 99.999771
      max-rss: 4008

...
