BaselineInfo:
  WebDBID: -1
  TimeStamp: 20241109085100
Version:
  Major: 11
  Minor: 0
  Build: 1002
  SpecialBuildName: ""
  ptArchitecture: x86_64_linux
Results:
  Results Complete: true
  NumTestProcesses: 64
  CPU_INTEGER_MATH: 165914.74066666665
  CPU_FLOATINGPOINT_MATH: 87399.811906669973
  CPU_PRIME: 147.11135178339364
  CPU_SORTING: 94869.184145998617
  CPU_ENCRYPTION: 51744.047248178511
  CPU_COMPRESSION: 706270.50006183225
  CPU_SINGLETHREAD: 1446.2784824240948
  CPU_PHYSICS: 3432.5458774496974
  CPU_MATRIX_MULT_SSE: 26041.30647240757
  CPU_mm: 4911.1814442092827
  CPU_sse: 19444.183594408045
  CPU_fma: 30030.258888014825
  CPU_avx: 28649.476934799837
  CPU_avx512: 0
  m_CPU_enc_SHA: 73209106752.567291
  m_CPU_enc_AES: 50823812503.589386
  m_CPU_enc_ECDSA: 38739779005.761421
  ME_ALLOC_S: 14940.055947585819
  ME_READ_S: 14939.774707031251
  ME_READ_L: 11500.583984375
  ME_WRITE: 8139.51416015625
  ME_LARGE: 499584
  ME_LATENCY: 62.631745011703167
  ME_THREADED: 106331.84814453125
  SUMM_CPU: 36866.232884336576
  SUMM_ME: 2186.8475090378856
SystemInformation:
  OSName: Ubuntu 24.04.1 LTS
  Kernel: 6.8.0-1016-aws
  Device: ""
  Processor: AMD EPYC 7571
  NumSockets: 1
  Manufacturer: AuthenticAMD
  NumCores: 32
  NumLogicals: 64
  CPUFrequency: 0
  Memory: 511798
  MemModuleInfo:
    iNumMemSticks: 4
    DIMM 1:
      manufacturer: Not Specified
      modulePartNo: Not Specified
      memType: DDR4
      size: 128
      clkspeed: 1333
      moduleVoltage: 0
    DIMM 2:
      manufacturer: Not Specified
      modulePartNo: Not Specified
      memType: DDR4
      size: 128
      clkspeed: 1333
      moduleVoltage: 0
    DIMM 3:
      manufacturer: Not Specified
      modulePartNo: Not Specified
      memType: DDR4
      size: 128
      clkspeed: 1333
      moduleVoltage: 0
    DIMM 4:
      manufacturer: Not Specified
      modulePartNo: Not Specified
      memType: DDR4
      size: 128
      clkspeed: 1333
      moduleVoltage: 0
Checksum: EABEFFDB3D8FBED962F4E029218D5283D39A286E