---
system-info:
      stress-ng-version: 0.17.08
      run-by: root
      date-yyyy-mm-dd: 2024:06:07
      time-hh-mm-ss: 20:41:52
      epoch-secs: 1717792912
      hostname: 85df7bd76799
      sysname: Linux
      nodename: 85df7bd76799
      release: 6.8.0-1008-aws
      version: '#8-Ubuntu SMP Sat Apr 20 00:46:25 UTC 2024'
      machine: x86_64
      compiler: 'musl-gcc 13.2.1'
      uptime: 127
      totalram: 8200847360
      freeram: 3963768832
      sharedram: 40730624
      bufferram: 92471296
      totalswap: 0
      freeswap: 0
      pagesize: 4096
      cpus: 2
      cpus-online: 2
      ticks-per-second: 100

metrics:
    - stressor: cpu
      bogo-ops: 20207
      bogo-ops-per-second-usr-sys-time: 1023.584487
      bogo-ops-per-second-real-time: 2020.562801
      wall-clock-time: 10.000679
      user-time: 19.738414
      system-time: 0.002995
      cpu-usage-per-instance: 98.700343
      max-rss: 3920

...
