---
system-info:
      stress-ng-version: 0.17.08
      run-by: root
      date-yyyy-mm-dd: 2024:06:13
      time-hh-mm-ss: 11:40:50
      epoch-secs: 1718278850
      hostname: 974435a0bb1c
      sysname: Linux
      nodename: 974435a0bb1c
      release: 6.8.0-1008-aws
      version: '#8-Ubuntu SMP Sat Apr 20 00:46:25 UTC 2024'
      machine: x86_64
      compiler: 'musl-gcc 13.2.1'
      uptime: 150
      totalram: 8200847360
      freeram: 3888353280
      sharedram: 40730624
      bufferram: 105676800
      totalswap: 0
      freeswap: 0
      pagesize: 4096
      cpus: 2
      cpus-online: 2
      ticks-per-second: 100

metrics:
    - stressor: cpu
      bogo-ops: 34463
      bogo-ops-per-second-usr-sys-time: 870.553101
      bogo-ops-per-second-real-time: 1723.138394
      wall-clock-time: 20.000135
      user-time: 39.579489
      system-time: 0.007987
      cpu-usage-per-instance: 98.968023
      max-rss: 1104

...
