---
system-info:
      stress-ng-version: 0.17.08
      run-by: root
      date-yyyy-mm-dd: 2024:06:19
      time-hh-mm-ss: 17:12:29
      epoch-secs: 1718817149
      hostname: e47445feaa1e
      sysname: Linux
      nodename: e47445feaa1e
      release: 6.8.0-1008-gcp
      version: '#9-Ubuntu SMP Wed May 22 18:40:57 UTC 2024'
      machine: aarch64
      compiler: 'musl-gcc 13.2.1'
      uptime: 193
      totalram: 4091654144
      freeram: 203071488
      sharedram: 3493888
      bufferram: 119336960
      totalswap: 0
      freeswap: 0
      pagesize: 4096
      cpus: 1
      cpus-online: 1
      ticks-per-second: 100

metrics:
    - stressor: cpu
      bogo-ops: 35135
      bogo-ops-per-second-usr-sys-time: 1811.538347
      bogo-ops-per-second-real-time: 1756.742922
      wall-clock-time: 20.000081
      user-time: 19.383257
      system-time: 0.011861
      cpu-usage-per-instance: 96.975199
      max-rss: 1192

...
