BaselineInfo:
  WebDBID: -1
  TimeStamp: 20241219002608
Version:
  Major: 11
  Minor: 0
  Build: 1002
  SpecialBuildName: ""
  ptArchitecture: x86_64_linux
Results:
  Results Complete: true
  NumTestProcesses: 8
  CPU_INTEGER_MATH: 38317.94266666667
  CPU_FLOATINGPOINT_MATH: 27802.362082871754
  CPU_PRIME: 117.83818882634392
  CPU_SORTING: 22496.584692044406
  CPU_ENCRYPTION: 9335.1317018181289
  CPU_COMPRESSION: 169234.18134131582
  CPU_SINGLETHREAD: 2175.8910193701963
  CPU_PHYSICS: 1470.9460391343757
  CPU_MATRIX_MULT_SSE: 14164.468990318197
  CPU_mm: 1560.4810435367142
  CPU_sse: 6116.4579915034146
  CPU_fma: 20881.707711727169
  CPU_avx: 15495.241267723999
  CPU_avx512: 0
  m_CPU_enc_SHA: 13163710078.644865
  m_CPU_enc_AES: 8443173023.6069498
  m_CPU_enc_ECDSA: 7758902075.8451262
  ME_ALLOC_S: 4456.1549427729951
  ME_READ_S: 25275.641015624999
  ME_READ_L: 7406.46923828125
  ME_WRITE: 7615.041015625
  ME_LARGE: 21126.083333333332
  ME_LATENCY: 153.43448758609452
  ME_THREADED: 32156.84521484375
  SUMM_CPU: 15377.494238646897
  SUMM_ME: 1303.4019730520588
SystemInformation:
  OSName: Ubuntu 24.04.1 LTS
  Kernel: 6.8.0-31-generic
  Device: ""
  Processor: AMD EPYC 7542 32-Core Processor
  NumSockets: 1
  Manufacturer: AuthenticAMD
  NumCores: 8
  NumLogicals: 8
  CPUFrequency: 0
  Memory: 32050
  MemModuleInfo:
    iNumMemSticks: 2
    DIMM 1:
      manufacturer: QEMU
      modulePartNo: Not Specified
      memType: RAM
      size: 16
      clkspeed: 0
      moduleVoltage: 0
    DIMM 2:
      manufacturer: QEMU
      modulePartNo: Not Specified
      memType: RAM
      size: 16
      clkspeed: 0
      moduleVoltage: 0
Checksum: FFBDA01906EB0B97CF00E248EE51CFAA163933C7