---
system-info:
      stress-ng-version: 0.17.08
      run-by: root
      date-yyyy-mm-dd: 2024:07:12
      time-hh-mm-ss: 03:53:50
      epoch-secs: 1720756430
      hostname: ip-172-31-12-43
      sysname: Linux
      nodename: ip-172-31-12-43
      release: 6.8.0-1010-aws
      version: '#10-Ubuntu SMP Thu Jun 13 17:36:15 UTC 2024'
      machine: x86_64
      compiler: 'musl-gcc 13.2.1'
      uptime: 173
      totalram: 269170245632
      freeram: 263816773632
      sharedram: 59904000
      bufferram: 136437760
      totalswap: 0
      freeswap: 0
      pagesize: 4096
      cpus: 8
      cpus-online: 8
      ticks-per-second: 100

metrics:
    - stressor: cpu
      bogo-ops: 154266
      bogo-ops-per-second-usr-sys-time: 965.778876
      bogo-ops-per-second-real-time: 7713.271530
      wall-clock-time: 20.000074
      user-time: 159.713225
      system-time: 0.018991
      cpu-usage-per-instance: 99.832267
      max-rss: 1104

...
