BaselineInfo:
  WebDBID: -1
  TimeStamp: 20250614123747
Version:
  Major: 11
  Minor: 0
  Build: 1002
  SpecialBuildName: ""
  ptArchitecture: x86_64_linux
Results:
  Results Complete: true
  NumTestProcesses: 16
  CPU_INTEGER_MATH: 76004.032666666651
  CPU_FLOATINGPOINT_MATH: 42518.829908213353
  CPU_PRIME: 117.45374020289157
  CPU_SORTING: 45020.936612623875
  CPU_ENCRYPTION: 19297.382195380455
  CPU_COMPRESSION: 309501.53635358991
  CPU_SINGLETHREAD: 2902.4432299939581
  CPU_PHYSICS: 2225.7112183391364
  CPU_MATRIX_MULT_SSE: 21895.780733218613
  CPU_mm: 2036.3377326420559
  CPU_sse: 8947.020685965379
  CPU_fma: 28115.647844452331
  CPU_avx: 23198.023628373365
  CPU_avx512: 27322.430774083383
  m_CPU_enc_SHA: 26976321338.640575
  m_CPU_enc_AES: 18305251869.08886
  m_CPU_enc_ECDSA: 15422742290.980335
  ME_ALLOC_S: 7268.1020088298674
  ME_READ_S: 27878.927929687499
  ME_READ_L: 26337.125
  ME_WRITE: 25622.001953125
  ME_LARGE: 119154.33333333333
  ME_LATENCY: 79.482247357610859
  ME_THREADED: 36768.48046875
  SUMM_CPU: 26168.720144985491
  SUMM_ME: 2544.965051358648
SystemInformation:
  OSName: Ubuntu 24.04.2 LTS
  Kernel: 6.11.0-1015-azure
  Device: ""
  Processor: AMD EPYC 9V74 80-Core Processor
  NumSockets: 1
  Manufacturer: AuthenticAMD
  NumCores: 8
  NumLogicals: 16
  CPUFrequency: 0
  Memory: 128814
  MemModuleInfo:
    iNumMemSticks: 3
    DIMM 1:
      manufacturer: Microsoft Corporation
      modulePartNo: None
      memType: Unknown
      size: 1
      clkspeed: 0
      moduleVoltage: 0
    DIMM 2:
      manufacturer: Microsoft Corporation
      modulePartNo: None
      memType: Unknown
      size: 59
      clkspeed: 0
      moduleVoltage: 0
    DIMM 3:
      manufacturer: Microsoft Corporation
      modulePartNo: None
      memType: Unknown
      size: 68
      clkspeed: 0
      moduleVoltage: 0
Checksum: C5B8CA1B3C8BE36ECC6840BA58D892416D209C3F