---
system-info:
      stress-ng-version: 0.17.08
      run-by: root
      date-yyyy-mm-dd: 2024:06:15
      time-hh-mm-ss: 06:25:17
      epoch-secs: 1718432717
      hostname: 77d18a39b65c
      sysname: Linux
      nodename: 77d18a39b65c
      release: 6.8.0-1008-aws
      version: '#8-Ubuntu SMP Sat Apr 20 02:43:14 UTC 2024'
      machine: aarch64
      compiler: 'musl-gcc 13.2.1'
      uptime: 114
      totalram: 265454899200
      freeram: 260682620928
      sharedram: 35274752
      bufferram: 107380736
      totalswap: 0
      freeswap: 0
      pagesize: 4096
      cpus: 64
      cpus-online: 64
      ticks-per-second: 100

metrics:
    - stressor: cpu
      bogo-ops: 1957295
      bogo-ops-per-second-usr-sys-time: 1529.734749
      bogo-ops-per-second-real-time: 97864.401140
      wall-clock-time: 20.000071
      user-time: 1279.476614
      system-time: 0.022986
      cpu-usage-per-instance: 99.960550
      max-rss: 512

...
