---
system-info:
      stress-ng-version: 0.17.08
      run-by: root
      date-yyyy-mm-dd: 2024:06:08
      time-hh-mm-ss: 21:40:07
      epoch-secs: 1717882807
      hostname: ca1257dbc80a
      sysname: Linux
      nodename: ca1257dbc80a
      release: 6.8.0-1008-aws
      version: '#8-Ubuntu SMP Sat Apr 20 02:43:14 UTC 2024'
      machine: aarch64
      compiler: 'musl-gcc 13.2.1'
      uptime: 106
      totalram: 265454903296
      freeram: 260437295104
      sharedram: 35274752
      bufferram: 105099264
      totalswap: 0
      freeswap: 0
      pagesize: 4096
      cpus: 64
      cpus-online: 64
      ticks-per-second: 100

metrics:
    - stressor: cpu
      bogo-ops: 273002
      bogo-ops-per-second-usr-sys-time: 424.170493
      bogo-ops-per-second-real-time: 27131.518682
      wall-clock-time: 10.062172
      user-time: 643.567867
      system-time: 0.045973
      cpu-usage-per-instance: 99.943298
      max-rss: 3584

...
