---
system-info:
      stress-ng-version: 0.17.08
      run-by: root
      date-yyyy-mm-dd: 2024:07:03
      time-hh-mm-ss: 14:52:25
      epoch-secs: 1720018345
      hostname: n2d-standard-224-f23a063
      sysname: Linux
      nodename: n2d-standard-224-f23a063
      release: 6.8.0-1009-gcp
      version: '#10-Ubuntu SMP Wed Jun 12 18:52:23 UTC 2024'
      machine: x86_64
      compiler: 'musl-gcc 13.2.1'
      uptime: 177
      totalram: 946832928768
      freeram: 939609821184
      sharedram: 70475776
      bufferram: 131571712
      totalswap: 0
      freeswap: 0
      pagesize: 4096
      cpus: 224
      cpus-online: 224
      ticks-per-second: 100

metrics:
    - stressor: cpu
      bogo-ops: 6045805
      bogo-ops-per-second-usr-sys-time: 1350.299198
      bogo-ops-per-second-real-time: 302288.207861
      wall-clock-time: 20.000135
      user-time: 4477.273836
      system-time: 0.107924
      cpu-usage-per-instance: 99.940882
      max-rss: 0

...
