BaselineInfo:
  WebDBID: -1
  TimeStamp: 20241107052125
Version:
  Major: 11
  Minor: 0
  Build: 1002
  SpecialBuildName: ""
  ptArchitecture: x86_64_linux
Results:
  Results Complete: true
  NumTestProcesses: 4
  CPU_INTEGER_MATH: 16558.761999999999
  CPU_FLOATINGPOINT_MATH: 9169.8929757897386
  CPU_PRIME: 38.764680485096775
  CPU_SORTING: 9254.7302552515339
  CPU_ENCRYPTION: 4298.7604090489913
  CPU_COMPRESSION: 63762.597365041351
  CPU_SINGLETHREAD: 2382.1879594651309
  CPU_PHYSICS: 751.30185318182248
  CPU_MATRIX_MULT_SSE: 3603.5847313728691
  CPU_mm: 448.19152347372017
  CPU_sse: 1902.5996653248658
  CPU_fma: 5187.5008735926749
  CPU_avx: 3720.6536552010671
  CPU_avx512: 0
  m_CPU_enc_SHA: 6236364166.778265
  m_CPU_enc_AES: 3989844712.7201066
  m_CPU_enc_ECDSA: 3296522104.5384922
  ME_ALLOC_S: 1808.4818856732668
  ME_READ_S: 24356.140625
  ME_READ_L: 18167.12109375
  ME_WRITE: 18334.984375
  ME_LARGE: 720
  ME_LATENCY: 66.458619063428031
  ME_THREADED: 38426.9833984375
  SUMM_CPU: 6162.668763442467
  SUMM_ME: 1171.7158181003372
SystemInformation:
  OSName: Ubuntu 24.04.1 LTS
  Kernel: 6.8.0-1017-azure
  Device: ""
  Processor: AMD EPYC 7763 64-Core Processor
  NumSockets: 1
  Manufacturer: AuthenticAMD
  NumCores: 2
  NumLogicals: 4
  CPUFrequency: 0
  Memory: 7937
  MemModuleInfo:
    iNumMemSticks: 2
    DIMM 1:
      manufacturer: Microsoft Corporation
      modulePartNo: None
      memType: Unknown
      size: 1
      clkspeed: 0
      moduleVoltage: 0
    DIMM 2:
      manufacturer: Microsoft Corporation
      modulePartNo: None
      memType: Unknown
      size: 7
      clkspeed: 0
      moduleVoltage: 0
Checksum: A39C28C0C5A6037B5AA488422483D59E6CD06B11