BaselineInfo:
  WebDBID: -1
  TimeStamp: 20241115014606
Version:
  Major: 11
  Minor: 0
  Build: 1002
  SpecialBuildName: ""
  ptArchitecture: x86_64_linux
Results:
  Results Complete: true
  NumTestProcesses: 4
  CPU_INTEGER_MATH: 16705.566333333336
  CPU_FLOATINGPOINT_MATH: 9274.8089441496923
  CPU_PRIME: 39.88946559440177
  CPU_SORTING: 9270.5480061296585
  CPU_ENCRYPTION: 4313.4574542993087
  CPU_COMPRESSION: 65413.631307985241
  CPU_SINGLETHREAD: 2415.461236108064
  CPU_PHYSICS: 763.96914660191123
  CPU_MATRIX_MULT_SSE: 3638.7617624483992
  CPU_mm: 449.79499073843141
  CPU_sse: 1903.4798362470933
  CPU_fma: 5199.5830556876554
  CPU_avx: 3813.2223954104502
  CPU_avx512: 0
  m_CPU_enc_SHA: 6270074953.7528973
  m_CPU_enc_AES: 3998076548.2101521
  m_CPU_enc_ECDSA: 3300812388.8350058
  ME_ALLOC_S: 1879.1066352381185
  ME_READ_S: 24698.789843750001
  ME_READ_L: 19760.568359375
  ME_WRITE: 19631.744140625
  ME_LARGE: 732.16666666666663
  ME_LATENCY: 61.295419119826185
  ME_THREADED: 38658.2060546875
  SUMM_CPU: 6238.2926373846003
  SUMM_ME: 1215.275568392695
SystemInformation:
  OSName: Ubuntu 24.04.1 LTS
  Kernel: 6.8.0-1017-azure
  Device: ""
  Processor: AMD EPYC 7763 64-Core Processor
  NumSockets: 1
  Manufacturer: AuthenticAMD
  NumCores: 2
  NumLogicals: 4
  CPUFrequency: 0
  Memory: 7937
  MemModuleInfo:
    iNumMemSticks: 2
    DIMM 1:
      manufacturer: Microsoft Corporation
      modulePartNo: None
      memType: Unknown
      size: 1
      clkspeed: 0
      moduleVoltage: 0
    DIMM 2:
      manufacturer: Microsoft Corporation
      modulePartNo: None
      memType: Unknown
      size: 7
      clkspeed: 0
      moduleVoltage: 0
Checksum: 821BFF1DFB90CF0463023DA885312A52069C010E