BaselineInfo:
  WebDBID: -1
  TimeStamp: 20241115163449
Version:
  Major: 11
  Minor: 0
  Build: 1002
  SpecialBuildName: ""
  ptArchitecture: x86_64_linux
Results:
  Results Complete: true
  NumTestProcesses: 4
  CPU_INTEGER_MATH: 16563.471666666665
  CPU_FLOATINGPOINT_MATH: 9174.3261917320469
  CPU_PRIME: 39.449970714016089
  CPU_SORTING: 9290.9342841789912
  CPU_ENCRYPTION: 4303.7187769275624
  CPU_COMPRESSION: 64279.007891453126
  CPU_SINGLETHREAD: 2392.1562753851563
  CPU_PHYSICS: 751.79753095511558
  CPU_MATRIX_MULT_SSE: 3611.9005269530321
  CPU_mm: 448.40609719282128
  CPU_sse: 1889.5518200026818
  CPU_fma: 5193.283137225375
  CPU_avx: 3752.8666236310396
  CPU_avx512: 0
  m_CPU_enc_SHA: 6244049357.9000816
  m_CPU_enc_AES: 3994301318.2090878
  m_CPU_enc_ECDSA: 3299977984.5976157
  ME_ALLOC_S: 1863.2766351077123
  ME_READ_S: 24385.000390624999
  ME_READ_L: 20542.943359375
  ME_WRITE: 20584.78515625
  ME_LARGE: 697
  ME_LATENCY: 58.462839129863291
  ME_THREADED: 40914.86328125
  SUMM_CPU: 6183.3313685870817
  SUMM_ME: 1199.7367917737188
SystemInformation:
  OSName: Ubuntu 24.04.1 LTS
  Kernel: 6.8.0-1017-azure
  Device: ""
  Processor: AMD EPYC 7763 64-Core Processor
  NumSockets: 1
  Manufacturer: AuthenticAMD
  NumCores: 2
  NumLogicals: 4
  CPUFrequency: 0
  Memory: 7937
  MemModuleInfo:
    iNumMemSticks: 2
    DIMM 1:
      manufacturer: Microsoft Corporation
      modulePartNo: None
      memType: Unknown
      size: 1
      clkspeed: 0
      moduleVoltage: 0
    DIMM 2:
      manufacturer: Microsoft Corporation
      modulePartNo: None
      memType: Unknown
      size: 7
      clkspeed: 0
      moduleVoltage: 0
Checksum: 34E4B07DEADF66381437998320AA658A3A566906