---
system-info:
      stress-ng-version: 0.17.08
      run-by: root
      date-yyyy-mm-dd: 2024:06:06
      time-hh-mm-ss: 15:22:58
      epoch-secs: 1717687378
      hostname: ed04629d1871
      sysname: Linux
      nodename: ed04629d1871
      release: 6.8.0-1008-aws
      version: '#8-Ubuntu SMP Sat Apr 20 02:43:14 UTC 2024'
      machine: aarch64
      compiler: 'musl-gcc 13.2.1'
      uptime: 116
      totalram: 132642869248
      freeram: 128103944192
      sharedram: 34979840
      bufferram: 83996672
      totalswap: 0
      freeswap: 0
      pagesize: 4096
      cpus: 64
      cpus-online: 64
      ticks-per-second: 100

metrics:
    - stressor: cpu
      bogo-ops: 4267
      bogo-ops-per-second-usr-sys-time: 424.888784
      bogo-ops-per-second-real-time: 424.881681
      wall-clock-time: 10.042796
      user-time: 10.042628
      system-time: 0.000000
      cpu-usage-per-instance: 99.998328
      max-rss: 3584

...
