---
system-info:
      stress-ng-version: 0.17.08
      run-by: root
      date-yyyy-mm-dd: 2024:09:17
      time-hh-mm-ss: 03:51:18
      epoch-secs: 1726545078
      hostname: sc-runner
      sysname: Linux
      nodename: sc-runner
      release: 6.8.0-1014-azure
      version: '#16-Ubuntu SMP Thu Aug 15 20:04:41 UTC 2024'
      machine: x86_64
      compiler: 'musl-gcc 13.2.1'
      uptime: 306
      totalram: 270250336256
      freeram: 259446829056
      sharedram: 55013376
      bufferram: 242372608
      totalswap: 0
      freeswap: 0
      pagesize: 4096
      cpus: 32
      cpus-online: 32
      ticks-per-second: 100

metrics:
    - stressor: cpu
      bogo-ops: 38006
      bogo-ops-per-second-usr-sys-time: 1900.266365
      bogo-ops-per-second-real-time: 1900.290961
      wall-clock-time: 20.000095
      user-time: 19.999354
      system-time: 0.001000
      cpu-usage-per-instance: 100.001294
      max-rss: 3080

...
