BaselineInfo:
  WebDBID: -1
  TimeStamp: 20251218055602
Version:
  Major: 11
  Minor: 0
  Build: 1002
  SpecialBuildName: ""
  ptArchitecture: x86_64_linux
Results:
  Results Complete: true
  NumTestProcesses: 8
  CPU_INTEGER_MATH: 30013.522333333334
  CPU_FLOATINGPOINT_MATH: 21191.652573124207
  CPU_PRIME: 90.433980673962083
  CPU_SORTING: 19434.957551170039
  CPU_ENCRYPTION: 2708.4685772542448
  CPU_COMPRESSION: 147187.55635119253
  CPU_SINGLETHREAD: 1899.5099172363448
  CPU_PHYSICS: 1190.576861094743
  CPU_MATRIX_MULT_SSE: 9649.5171904076124
  CPU_mm: 1298.7571005720865
  CPU_sse: 5209.7083838351318
  CPU_fma: 13515.021432609012
  CPU_avx: 10223.821754778692
  CPU_avx512: 0
  m_CPU_enc_SHA: 1889188407.3090959
  m_CPU_enc_AES: 5026822801.3171043
  m_CPU_enc_ECDSA: 1604094231.9626405
  ME_ALLOC_S: 4935.0994188106488
  ME_READ_S: 20477.541796875001
  ME_READ_L: 8015.13525390625
  ME_WRITE: 7849.44580078125
  ME_LARGE: 19501.583333333332
  ME_LATENCY: 60.583436226128221
  ME_THREADED: 45882.498046875
  SUMM_CPU: 10085.081049996714
  SUMM_ME: 2043.0754238090901
SystemInformation:
  OSName: Ubuntu 24.04.2 LTS
  Kernel: 6.8.0-86-generic
  Device: ""
  Processor: Intel Core Processor (Haswell, no TSX)
  NumSockets: 8
  Manufacturer: GenuineIntel
  NumCores: 8
  NumLogicals: 8
  CPUFrequency: 0
  Memory: 29369
  MemModuleInfo:
    iNumMemSticks: 1
    DIMM 1:
      manufacturer: QEMU
      modulePartNo: Not Specified
      memType: RAM
      size: 30000
      clkspeed: 0
      moduleVoltage: 0
Checksum: B3D32FD1AD1F5E458F7270E3722A23215FC998E3