BaselineInfo:
  WebDBID: -1
  TimeStamp: 20241111094707
Version:
  Major: 11
  Minor: 0
  Build: 1002
  SpecialBuildName: ""
  ptArchitecture: x86_64_linux
Results:
  Results Complete: true
  NumTestProcesses: 2
  CPU_INTEGER_MATH: 5607.4143333333323
  CPU_FLOATINGPOINT_MATH: 3015.4573731289665
  CPU_PRIME: 12.094155099047935
  CPU_SORTING: 2925.6732525763477
  CPU_ENCRYPTION: 768.72886449266616
  CPU_COMPRESSION: 24985.307697757042
  CPU_SINGLETHREAD: 1742.4157876595657
  CPU_PHYSICS: 259.01383012819724
  CPU_MATRIX_MULT_SSE: 1429.8065026252434
  CPU_mm: 170.31782720579116
  CPU_sse: 614.94188823672789
  CPU_fma: 1812.7837325695832
  CPU_avx: 1278.4786038750462
  CPU_avx512: 2013.0217858196168
  m_CPU_enc_SHA: 253166059.39946038
  m_CPU_enc_AES: 1941313734.8041687
  m_CPU_enc_ECDSA: 223732119.23915637
  ME_ALLOC_S: 678.93713165586166
  ME_READ_S: 21843.380664062501
  ME_READ_L: 9790.1162109375
  ME_WRITE: 9527.830078125
  ME_LARGE: 5794.583333333333
  ME_LATENCY: 56.047643055217826
  ME_THREADED: 12500.19384765625
  SUMM_CPU: 1992.3235411013636
  SUMM_ME: 1618.4624897491253
SystemInformation:
  OSName: Ubuntu 24.04.1 LTS
  Kernel: 6.8.0-1016-aws
  Device: ""
  Processor: Intel Xeon Platinum 8259CL CPU @ 2.50GHz
  NumSockets: 1
  Manufacturer: GenuineIntel
  NumCores: 1
  NumLogicals: 2
  CPUFrequency: 0
  Memory: 15788
  MemModuleInfo:
    iNumMemSticks: 1
    DIMM 1:
      manufacturer: Not Specified
      modulePartNo: Not Specified
      memType: DDR4
      size: 16
      clkspeed: 1333
      moduleVoltage: 0
Checksum: 28BC4D55B79EC4DAA2B5BF8EF1803E7302470327