BaselineInfo:
  WebDBID: -1
  TimeStamp: 20241108041941
Version:
  Major: 11
  Minor: 0
  Build: 1002
  SpecialBuildName: ""
  ptArchitecture: x86_64_linux
Results:
  Results Complete: true
  NumTestProcesses: 8
  CPU_INTEGER_MATH: 22637.261333333336
  CPU_FLOATINGPOINT_MATH: 12133.799657651107
  CPU_PRIME: 47.034072330701996
  CPU_SORTING: 11968.332974726782
  CPU_ENCRYPTION: 3113.7488662782644
  CPU_COMPRESSION: 100788.36872477307
  CPU_SINGLETHREAD: 1810.5563954815179
  CPU_PHYSICS: 895.78651065788165
  CPU_MATRIX_MULT_SSE: 6056.2544359309177
  CPU_mm: 688.59149820710206
  CPU_sse: 2456.7993800259837
  CPU_fma: 7311.0526163867435
  CPU_avx: 5164.7412453860452
  CPU_avx512: 9292.4245019248956
  m_CPU_enc_SHA: 1022446426.1441429
  m_CPU_enc_AES: 7859678989.5761137
  m_CPU_enc_ECDSA: 912881577.89953363
  ME_ALLOC_S: 2732.0542245497736
  ME_READ_S: 22145.048046874999
  ME_READ_L: 10903.0478515625
  ME_WRITE: 10040.3505859375
  ME_LARGE: 53505.916666666664
  ME_LATENCY: 54.336960158693209
  ME_THREADED: 47921.93359375
  SUMM_CPU: 7702.6308827270796
  SUMM_ME: 2378.2342393133354
SystemInformation:
  OSName: Ubuntu 24.04.1 LTS
  Kernel: 6.8.0-1016-aws
  Device: ""
  Processor: Intel Xeon Platinum 8259CL CPU @ 2.50GHz
  NumSockets: 1
  Manufacturer: GenuineIntel
  NumCores: 4
  NumLogicals: 8
  CPUFrequency: 0
  Memory: 63594
  MemModuleInfo:
    iNumMemSticks: 1
    DIMM 1:
      manufacturer: Not Specified
      modulePartNo: Not Specified
      memType: DDR4
      size: 64
      clkspeed: 1600
      moduleVoltage: 0
Checksum: 91518CD9CD75C232DA62F4B5EF13829E50243958