BaselineInfo:
  WebDBID: -1
  TimeStamp: 20260404052117
Version:
  Major: 11
  Minor: 0
  Build: 1004
  SpecialBuildName: ""
  ptArchitecture: x86_64_linux
Results:
  Results Complete: true
  NumTestProcesses: 8
  CPU_INTEGER_MATH: 33502.391333333333
  CPU_FLOATINGPOINT_MATH: 17143.325791233729
  CPU_PRIME: 64.029638394097717
  CPU_SORTING: 16866.604006506182
  CPU_ENCRYPTION: 7248.9887709852346
  CPU_COMPRESSION: 123134.09911258736
  CPU_SINGLETHREAD: 2341.9353732564632
  CPU_PHYSICS: 1140.6035533794488
  CPU_MATRIX_MULT_SSE: 6947.0935600546709
  CPU_mm: 722.66278865659001
  CPU_sse: 3179.5600720732637
  CPU_fma: 8715.8242805855862
  CPU_avx: 6446.8764424830961
  CPU_avx512: 9446.1134450767368
  m_CPU_enc_SHA: 7240360128.622118
  m_CPU_enc_AES: 11017378178.096399
  m_CPU_enc_ECDSA: 4545608641.8553219
  ME_ALLOC_S: 3793.8243594227883
  ME_READ_S: 24152.889453125001
  ME_READ_L: 7579.50830078125
  ME_WRITE: 7716.5478515625
  ME_LARGE: 3696.3333333333335
  ME_LATENCY: 55.733984291536792
  ME_THREADED: 24693.16064453125
  SUMM_CPU: 11125.787441401706
  SUMM_ME: 1773.2797891463329
SystemInformation:
  OSName: Ubuntu 24.04.4 LTS
  Kernel: 6.8.0-106-generic
  Device: ""
  Processor: Intel(R) Xeon(R) Platinum 8369B CPU @ 2.70GHz
  NumSockets: 1
  Manufacturer: GenuineIntel
  NumCores: 4
  NumLogicals: 8
  CPUFrequency: 0
  CPUMaxFrequency: 0
  Memory: 15069
  CPUInfo:
    number: 1
    Family: 6
    Model: 10
    stepping: 6
    features: 529267711
    manufacture: GenuineIntel
    typestring: Intel(R) Xeon(R) Platinum 8369B CPU @ 2.70GHz
    iCoresPerPackage: 4
    iThreadsPerPackage: 2
    featuresEx:
      - 529267711
      - 4277809667
      - 739248128
    bHybrid: false
    nPCore: 0
    nLogicalsPerPCore: 0
    nECore: 0
    nLogicalsPerECore: 0
  MemModuleInfo:
    iNumMemSticks: 1
    DIMM 1:
      manufacturer: Alibaba Cloud
      modulePartNo: Not Specified
      memType: RAM
      size: 16
      clkspeed: 0
      moduleVoltage: 0
Checksum: FF68AF957565AD562B993A126E73117CF4CF961A