---
system-info:
      stress-ng-version: 0.17.08
      run-by: root
      date-yyyy-mm-dd: 2024:06:04
      time-hh-mm-ss: 17:16:09
      epoch-secs: 1717521369
      hostname: 3152ec75778c
      sysname: Linux
      nodename: 3152ec75778c
      release: 6.8.0-1008-aws
      version: '#8-Ubuntu SMP Sat Apr 20 02:43:14 UTC 2024'
      machine: aarch64
      compiler: 'musl-gcc 13.2.1'
      uptime: 2172
      totalram: 3928203264
      freeram: 1734356992
      sharedram: 3559424
      bufferram: 68194304
      totalswap: 0
      freeswap: 0
      pagesize: 4096
      cpus: 2
      cpus-online: 2
      ticks-per-second: 100

metrics:
    - stressor: cpu
      bogo-ops: 3954
      bogo-ops-per-second-usr-sys-time: 200.455969
      bogo-ops-per-second-real-time: 394.130941
      wall-clock-time: 10.032199
      user-time: 19.716065
      system-time: 0.008965
      cpu-usage-per-instance: 98.308607
      max-rss: 4136

...
