---
system-info:
      stress-ng-version: 0.17.08
      run-by: root
      date-yyyy-mm-dd: 2024:06:04
      time-hh-mm-ss: 21:37:35
      epoch-secs: 1717537055
      hostname: 9dd5e19e2739
      sysname: Linux
      nodename: 9dd5e19e2739
      release: 6.8.0-1008-aws
      version: '#8-Ubuntu SMP Sat Apr 20 02:43:14 UTC 2024'
      machine: aarch64
      compiler: 'musl-gcc 13.2.1'
      uptime: 178
      totalram: 3928203264
      freeram: 164057088
      sharedram: 3555328
      bufferram: 75194368
      totalswap: 0
      freeswap: 0
      pagesize: 4096
      cpus: 2
      cpus-online: 2
      ticks-per-second: 100

metrics:
    - stressor: cpu
      bogo-ops: 4023
      bogo-ops-per-second-usr-sys-time: 204.147187
      bogo-ops-per-second-real-time: 402.077785
      wall-clock-time: 10.005527
      user-time: 19.696407
      system-time: 0.009963
      cpu-usage-per-instance: 98.477425
      max-rss: 4136

...
