---
system-info:
      stress-ng-version: 0.17.08
      run-by: root
      date-yyyy-mm-dd: 2024:06:13
      time-hh-mm-ss: 23:41:48
      epoch-secs: 1718322108
      hostname: a24855696ace
      sysname: Linux
      nodename: a24855696ace
      release: 6.8.0-1008-aws
      version: '#8-Ubuntu SMP Sat Apr 20 02:43:14 UTC 2024'
      machine: aarch64
      compiler: 'musl-gcc 13.2.1'
      uptime: 191
      totalram: 3928203264
      freeram: 112361472
      sharedram: 3555328
      bufferram: 98959360
      totalswap: 0
      freeswap: 0
      pagesize: 4096
      cpus: 2
      cpus-online: 2
      ticks-per-second: 100

metrics:
    - stressor: cpu
      bogo-ops: 58774
      bogo-ops-per-second-usr-sys-time: 1489.981967
      bogo-ops-per-second-real-time: 2938.690436
      wall-clock-time: 20.000065
      user-time: 39.436137
      system-time: 0.009978
      cpu-usage-per-instance: 98.614967
      max-rss: 1320

...
