BaselineInfo:
  WebDBID: -1
  TimeStamp: 20241108030403
Version:
  Major: 11
  Minor: 0
  Build: 1002
  SpecialBuildName: ""
  ptArchitecture: x86_64_linux
Results:
  Results Complete: true
  NumTestProcesses: 16
  CPU_INTEGER_MATH: 41387.982666666678
  CPU_FLOATINGPOINT_MATH: 21837.733369942638
  CPU_PRIME: 38.36284619462679
  CPU_SORTING: 24662.573491575647
  CPU_ENCRYPTION: 12936.976322785942
  CPU_COMPRESSION: 176341.08936608976
  CPU_SINGLETHREAD: 1446.876879844036
  CPU_PHYSICS: 935.64701591647577
  CPU_MATRIX_MULT_SSE: 6554.947433436434
  CPU_mm: 1255.7380823188525
  CPU_sse: 5103.8224324687162
  CPU_fma: 7511.1897348087014
  CPU_avx: 7049.8301330318827
  CPU_avx512: 0
  m_CPU_enc_SHA: 18334029457.354328
  m_CPU_enc_AES: 12690703929.938574
  m_CPU_enc_ECDSA: 9671475266.6318817
  ME_ALLOC_S: 3794.2036935104693
  ME_READ_S: 14888.143749999999
  ME_READ_L: 11742.740234375
  ME_WRITE: 8112.041015625
  ME_LARGE: 53091.416666666664
  ME_LATENCY: 59.259192870945299
  ME_THREADED: 31066.2392578125
  SUMM_CPU: 12643.180165546137
  SUMM_ME: 2045.2265822077334
SystemInformation:
  OSName: Ubuntu 24.04.1 LTS
  Kernel: 6.8.0-1016-aws
  Device: ""
  Processor: AMD EPYC 7571
  NumSockets: 1
  Manufacturer: AuthenticAMD
  NumCores: 8
  NumLogicals: 16
  CPUFrequency: 0
  Memory: 63258
  MemModuleInfo:
    iNumMemSticks: 1
    DIMM 1:
      manufacturer: Not Specified
      modulePartNo: Not Specified
      memType: DDR4
      size: 64
      clkspeed: 1333
      moduleVoltage: 0
Checksum: 535150DCD222AAC35C45D7CD9510BE806B49D3E5