---
system-info:
      stress-ng-version: 0.17.08
      run-by: root
      date-yyyy-mm-dd: 2024:09:17
      time-hh-mm-ss: 13:05:41
      epoch-secs: 1726578341
      hostname: sc-runner
      sysname: Linux
      nodename: sc-runner
      release: 6.8.0-1014-azure
      version: '#16-Ubuntu SMP Thu Aug 15 20:04:41 UTC 2024'
      machine: x86_64
      compiler: 'musl-gcc 13.2.1'
      uptime: 407
      totalram: 405735215104
      freeram: 393651253248
      sharedram: 55185408
      bufferram: 267730944
      totalswap: 0
      freeswap: 0
      pagesize: 4096
      cpus: 48
      cpus-online: 48
      ticks-per-second: 100

metrics:
    - stressor: cpu
      bogo-ops: 13992
      bogo-ops-per-second-usr-sys-time: 699.636941
      bogo-ops-per-second-real-time: 699.587365
      wall-clock-time: 20.000361
      user-time: 19.998944
      system-time: 0.000000
      cpu-usage-per-instance: 99.992914
      max-rss: 3200

...
