---
system-info:
      stress-ng-version: 0.17.08
      run-by: root
      date-yyyy-mm-dd: 2024:09:16
      time-hh-mm-ss: 22:28:25
      epoch-secs: 1726525705
      hostname: sc-runner
      sysname: Linux
      nodename: sc-runner
      release: 6.8.0-1014-azure
      version: '#16-Ubuntu SMP Thu Aug 15 20:04:41 UTC 2024'
      machine: x86_64
      compiler: 'musl-gcc 13.2.1'
      uptime: 304
      totalram: 135066300416
      freeram: 124684734464
      sharedram: 42168320
      bufferram: 254906368
      totalswap: 0
      freeswap: 0
      pagesize: 4096
      cpus: 16
      cpus-online: 16
      ticks-per-second: 100

metrics:
    - stressor: cpu
      bogo-ops: 297932
      bogo-ops-per-second-usr-sys-time: 932.700718
      bogo-ops-per-second-real-time: 14896.536959
      wall-clock-time: 20.000085
      user-time: 319.411378
      system-time: 0.017989
      cpu-usage-per-instance: 99.821255
      max-rss: 1104

...
