---
system-info:
      stress-ng-version: 0.17.08
      run-by: root
      date-yyyy-mm-dd: 2024:06:06
      time-hh-mm-ss: 08:43:26
      epoch-secs: 1717663406
      hostname: 8a4de584bf7e
      sysname: Linux
      nodename: 8a4de584bf7e
      release: 6.8.0-1008-aws
      version: '#8-Ubuntu SMP Sat Apr 20 02:43:14 UTC 2024'
      machine: aarch64
      compiler: 'musl-gcc 13.2.1'
      uptime: 121
      totalram: 16434499584
      freeram: 12316856320
      sharedram: 35016704
      bufferram: 80617472
      totalswap: 0
      freeswap: 0
      pagesize: 4096
      cpus: 8
      cpus-online: 8
      ticks-per-second: 100

metrics:
    - stressor: cpu
      bogo-ops: 23496
      bogo-ops-per-second-usr-sys-time: 293.159462
      bogo-ops-per-second-real-time: 2338.846977
      wall-clock-time: 10.045976
      user-time: 80.135514
      system-time: 0.011993
      cpu-usage-per-instance: 99.725887
      max-rss: 4136

...
