---
system-info:
      stress-ng-version: 0.17.08
      run-by: root
      date-yyyy-mm-dd: 2024:06:13
      time-hh-mm-ss: 22:40:19
      epoch-secs: 1718318419
      hostname: fde72d4aae1a
      sysname: Linux
      nodename: fde72d4aae1a
      release: 6.8.0-1008-aws
      version: '#8-Ubuntu SMP Sat Apr 20 02:43:14 UTC 2024'
      machine: aarch64
      compiler: 'musl-gcc 13.2.1'
      uptime: 128
      totalram: 16434499584
      freeram: 12143108096
      sharedram: 35016704
      bufferram: 105799680
      totalswap: 0
      freeswap: 0
      pagesize: 4096
      cpus: 8
      cpus-online: 8
      ticks-per-second: 100

metrics:
    - stressor: cpu
      bogo-ops: 242553
      bogo-ops-per-second-usr-sys-time: 1519.281711
      bogo-ops-per-second-real-time: 12127.590418
      wall-clock-time: 20.000098
      user-time: 159.642791
      system-time: 0.006995
      cpu-usage-per-instance: 99.780626
      max-rss: 1320

...
