BaselineInfo:
  WebDBID: -1
  TimeStamp: 20241107134336
Version:
  Major: 11
  Minor: 0
  Build: 1002
  SpecialBuildName: ""
  ptArchitecture: aarch64_linux
Results:
  Results Complete: true
  NumTestProcesses: 8
  CPU_INTEGER_MATH: 31583.900333333335
  CPU_FLOATINGPOINT_MATH: 23975.825856849926
  CPU_PRIME: 67.318002272899122
  CPU_SORTING: 22941.355129898173
  CPU_ENCRYPTION: 1084.8068312513828
  CPU_COMPRESSION: 37729.678963303006
  CPU_SINGLETHREAD: 1110.7517967156259
  CPU_PHYSICS: 1173.4196850557014
  CPU_MATRIX_MULT_SSE: 4983.4338142388488
  CPU_mm: 834.51718966615692
  CPU_sse: 4171.8130226152025
  CPU_fma: 5795.0546058624941
  CPU_avx: 0
  CPU_avx512: 0
  m_CPU_enc_SHA: 1609526083.9773202
  m_CPU_enc_AES: 753055968.37681246
  m_CPU_enc_ECDSA: 1049925171.3046174
  ME_ALLOC_S: 5269.7560443017164
  ME_READ_S: 9486.2150390624993
  ME_READ_L: 9211.833984375
  ME_WRITE: 12565.9208984375
  ME_LARGE: 5826.416666666667
  ME_LATENCY: 70.914000191421863
  ME_THREADED: 73068.0869140625
  SUMM_CPU: 5242.3812295654079
  SUMM_ME: 1626.1620518757286
SystemInformation:
  OSName: Ubuntu 24.04.1 LTS
  Kernel: 6.8.0-1016-aws
  Device: ""
  Processor: ARM Neoverse-N1 8 Core 0 MHz
  NumSockets: 1
  Manufacturer: ARM
  NumCores: 8
  NumLogicals: 8
  CPUFrequency: 0
  Memory: 15672
Checksum: F6E714938C32EE8CEB4072F3D13F382162B50917