BaselineInfo:
  WebDBID: -1
  TimeStamp: 20260404001157
Version:
  Major: 11
  Minor: 0
  Build: 1004
  SpecialBuildName: ""
  ptArchitecture: x86_64_linux
Results:
  Results Complete: true
  NumTestProcesses: 8
  CPU_INTEGER_MATH: 33442.775000000001
  CPU_FLOATINGPOINT_MATH: 17116.009904529921
  CPU_PRIME: 73.133442797437993
  CPU_SORTING: 17399.120788575688
  CPU_ENCRYPTION: 4224.3113381365383
  CPU_COMPRESSION: 123436.75541681948
  CPU_SINGLETHREAD: 2346.8385329108037
  CPU_PHYSICS: 1346.8470775567023
  CPU_MATRIX_MULT_SSE: 6910.6015884537992
  CPU_mm: 721.63408168917636
  CPU_sse: 3175.1608009284523
  CPU_fma: 8709.1493037321925
  CPU_avx: 6442.719420721638
  CPU_avx512: 9315.3768284329126
  m_CPU_enc_SHA: 1200237283.1307263
  m_CPU_enc_AES: 10995400458.449255
  m_CPU_enc_ECDSA: 1092896715.513598
  ME_ALLOC_S: 4022.5021800940626
  ME_READ_S: 24069.555078124999
  ME_READ_L: 9855.314453125
  ME_WRITE: 10442.2001953125
  ME_LARGE: 3773.5833333333335
  ME_LATENCY: 53.291316265660008
  ME_THREADED: 32289.1044921875
  SUMM_CPU: 10387.276768905313
  SUMM_ME: 1995.7732116738296
SystemInformation:
  OSName: Ubuntu 24.04.4 LTS
  Kernel: 6.8.0-106-generic
  Device: ""
  Processor: Intel(R) Xeon(R) Platinum
  NumSockets: 1
  Manufacturer: GenuineIntel
  NumCores: 4
  NumLogicals: 8
  CPUFrequency: 0
  CPUMaxFrequency: 0
  Memory: 15069
  CPUInfo:
    number: 1
    Family: 6
    Model: 5
    stepping: 4
    features: 529267711
    manufacture: GenuineIntel
    typestring: Intel(R) Xeon(R) Platinum
    iCoresPerPackage: 4
    iThreadsPerPackage: 2
    featuresEx:
      - 529267711
      - 4294586883
      - 739248128
    bHybrid: false
    nPCore: 0
    nLogicalsPerPCore: 0
    nECore: 0
    nLogicalsPerECore: 0
  MemModuleInfo:
    iNumMemSticks: 1
    DIMM 1:
      manufacturer: Alibaba Cloud
      modulePartNo: Not Specified
      memType: RAM
      size: 16
      clkspeed: 0
      moduleVoltage: 0
Checksum: 7C8E9EC1F2725EC53AC0BE01CFA6E8B20127B7D5