BaselineInfo:
  WebDBID: -1
  TimeStamp: 20250418142629
Version:
  Major: 11
  Minor: 0
  Build: 1002
  SpecialBuildName: ""
  ptArchitecture: x86_64_linux
Results:
  Results Complete: true
  NumTestProcesses: 96
  CPU_INTEGER_MATH: 437228.6026666665
  CPU_FLOATINGPOINT_MATH: 310857.14433367603
  CPU_PRIME: 781.23960308582707
  CPU_SORTING: 215372.99327288181
  CPU_ENCRYPTION: 96301.263269858682
  CPU_COMPRESSION: 1600016.9704606405
  CPU_SINGLETHREAD: 3161.1927505608164
  CPU_PHYSICS: 13199.132904581658
  CPU_MATRIX_MULT_SSE: 120417.74644052412
  CPU_mm: 12310.839009616713
  CPU_sse: 52865.497772490962
  CPU_fma: 131272.0092601894
  CPU_avx: 107256.80443143316
  CPU_avx512: 190276.67429798286
  m_CPU_enc_SHA: 102040277100.02827
  m_CPU_enc_AES: 132050143237.2326
  m_CPU_enc_ECDSA: 68847159966.105179
  ME_ALLOC_S: 35122.570446310892
  ME_READ_S: 27711.431835937499
  ME_READ_L: 10286.4345703125
  ME_WRITE: 9185.142578125
  ME_LARGE: 1947981
  ME_LATENCY: 71.128455668255413
  ME_THREADED: 438722.146484375
  SUMM_CPU: 97234.137664674054
  SUMM_ME: 2401.4653342719721
SystemInformation:
  OSName: Ubuntu 24.04.2 LTS
  Kernel: 6.8.0-1021-azure
  Device: ""
  Processor: Intel Xeon Platinum 8473C
  NumSockets: 2
  Manufacturer: GenuineIntel
  NumCores: 48
  NumLogicals: 96
  CPUFrequency: 2100
  Memory: 1961415
  MemModuleInfo:
    iNumMemSticks: 4
    DIMM 1:
      manufacturer: Microsoft Corporation
      modulePartNo: None
      memType: Unknown
      size: 1
      clkspeed: 0
      moduleVoltage: 0
    DIMM 2:
      manufacturer: Microsoft Corporation
      modulePartNo: None
      memType: Unknown
      size: 59
      clkspeed: 0
      moduleVoltage: 0
    DIMM 3:
      manufacturer: Microsoft Corporation
      modulePartNo: None
      memType: Unknown
      size: 913
      clkspeed: 0
      moduleVoltage: 0
    DIMM 4:
      manufacturer: Microsoft Corporation
      modulePartNo: None
      memType: Unknown
      size: 973
      clkspeed: 0
      moduleVoltage: 0
Checksum: 6EE1EFB53710CCC789A524AB3550AF3287911875