---
system-info:
      stress-ng-version: 0.17.08
      run-by: root
      date-yyyy-mm-dd: 2024:07:01
      time-hh-mm-ss: 22:39:33
      epoch-secs: 1719873573
      hostname: n2d-highcpu-16-0b60bd3
      sysname: Linux
      nodename: n2d-highcpu-16-0b60bd3
      release: 6.8.0-1009-gcp
      version: '#10-Ubuntu SMP Wed Jun 12 18:52:23 UTC 2024'
      machine: x86_64
      compiler: 'musl-gcc 13.2.1'
      uptime: 160
      totalram: 16763076608
      freeram: 11540889600
      sharedram: 35069952
      bufferram: 124506112
      totalswap: 0
      freeswap: 0
      pagesize: 4096
      cpus: 16
      cpus-online: 16
      ticks-per-second: 100

metrics:
    - stressor: cpu
      bogo-ops: 431387
      bogo-ops-per-second-usr-sys-time: 1350.082772
      bogo-ops-per-second-real-time: 21569.279515
      wall-clock-time: 20.000065
      user-time: 319.502344
      system-time: 0.023991
      cpu-usage-per-instance: 99.851653
      max-rss: 1104

...
