---
system-info:
      stress-ng-version: 0.17.08
      run-by: root
      date-yyyy-mm-dd: 2024:08:30
      time-hh-mm-ss: 19:47:08
      epoch-secs: 1725047228
      hostname: sc-runner
      sysname: Linux
      nodename: sc-runner
      release: 6.8.0-1013-azure
      version: '#15-Ubuntu SMP Thu Aug  8 18:40:40 UTC 2024'
      machine: x86_64
      compiler: 'musl-gcc 13.2.1'
      uptime: 336
      totalram: 14652137472
      freeram: 6196490240
      sharedram: 42057728
      bufferram: 205619200
      totalswap: 0
      freeswap: 0
      pagesize: 4096
      cpus: 4
      cpus-online: 4
      ticks-per-second: 100

metrics:
    - stressor: cpu
      bogo-ops: 99261
      bogo-ops-per-second-usr-sys-time: 1246.725009
      bogo-ops-per-second-real-time: 4963.027828
      wall-clock-time: 20.000089
      user-time: 79.600414
      system-time: 0.016983
      cpu-usage-per-instance: 99.521302
      max-rss: 3252

...
