---
system-info:
      stress-ng-version: 0.17.08
      run-by: root
      date-yyyy-mm-dd: 2024:07:09
      time-hh-mm-ss: 17:42:53
      epoch-secs: 1720546973
      hostname: ip-172-31-0-162
      sysname: Linux
      nodename: ip-172-31-0-162
      release: 6.8.0-1009-aws
      version: '#9-Ubuntu SMP Fri May 17 20:15:49 UTC 2024'
      machine: aarch64
      compiler: 'musl-gcc 13.2.1'
      uptime: 185
      totalram: 132655644672
      freeram: 127334039552
      sharedram: 39309312
      bufferram: 134545408
      totalswap: 0
      freeswap: 0
      pagesize: 4096
      cpus: 16
      cpus-online: 16
      ticks-per-second: 100

metrics:
    - stressor: cpu
      bogo-ops: 34132
      bogo-ops-per-second-usr-sys-time: 1706.546329
      bogo-ops-per-second-real-time: 1706.594975
      wall-clock-time: 20.000059
      user-time: 20.000629
      system-time: 0.000000
      cpu-usage-per-instance: 100.002851
      max-rss: 1320

...
