---
system-info:
      stress-ng-version: 0.17.08
      run-by: root
      date-yyyy-mm-dd: 2024:09:17
      time-hh-mm-ss: 06:42:03
      epoch-secs: 1726555323
      hostname: sc-runner
      sysname: Linux
      nodename: sc-runner
      release: 6.8.0-1014-azure
      version: '#16-Ubuntu SMP Thu Aug 15 20:04:41 UTC 2024'
      machine: x86_64
      compiler: 'musl-gcc 13.2.1'
      uptime: 317
      totalram: 135145410560
      freeram: 123556306944
      sharedram: 80093184
      bufferram: 261734400
      totalswap: 0
      freeswap: 0
      pagesize: 4096
      cpus: 64
      cpus-online: 64
      ticks-per-second: 100

metrics:
    - stressor: cpu
      bogo-ops: 1190258
      bogo-ops-per-second-usr-sys-time: 930.537734
      bogo-ops-per-second-real-time: 59512.636518
      wall-clock-time: 20.000089
      user-time: 1279.012755
      system-time: 0.094966
      cpu-usage-per-instance: 99.929848
      max-rss: 3000

...
