BaselineInfo:
  WebDBID: -1
  TimeStamp: 20250828212819
Version:
  Major: 11
  Minor: 0
  Build: 1002
  SpecialBuildName: ""
  ptArchitecture: x86_64_linux
Results:
  Results Complete: true
  NumTestProcesses: 2
  CPU_INTEGER_MATH: 10272.445666666667
  CPU_FLOATINGPOINT_MATH: 7458.2918440194553
  CPU_PRIME: 22.612093495427938
  CPU_SORTING: 5322.5244938788537
  CPU_ENCRYPTION: 2258.8705910806907
  CPU_COMPRESSION: 40472.639936559994
  CPU_SINGLETHREAD: 3237.621738207793
  CPU_PHYSICS: 498.370171231889
  CPU_MATRIX_MULT_SSE: 2691.008222147972
  CPU_mm: 300.53710982882922
  CPU_sse: 1237.376908073531
  CPU_fma: 3250.7857323955686
  CPU_avx: 2594.7782854725565
  CPU_avx512: 3681.0919626502327
  m_CPU_enc_SHA: 2389121103.9706583
  m_CPU_enc_AES: 3105952107.2372541
  m_CPU_enc_ECDSA: 1610719255.531167
  ME_ALLOC_S: 1140.312926282852
  ME_READ_S: 29007.9306640625
  ME_READ_L: 12434.900390625
  ME_WRITE: 10916.279296875
  ME_LARGE: 1104.5
  ME_LATENCY: 76.539475350620805
  ME_THREADED: 17983.3515625
  SUMM_CPU: 4065.4588563354446
  SUMM_ME: 1238.8877345276021
SystemInformation:
  OSName: Ubuntu 24.04.2 LTS
  Kernel: 6.14.0-1011-aws
  Device: ""
  Processor: Intel Xeon 6975P-C
  NumSockets: 1
  Manufacturer: GenuineIntel
  NumCores: 1
  NumLogicals: 2
  CPUFrequency: 0
  Memory: 7781
  MemModuleInfo:
    iNumMemSticks: 1
    DIMM 1:
      manufacturer: Not Specified
      modulePartNo: Not Specified
      memType: DDR5
      size: 8
      clkspeed: 3600
      moduleVoltage: 0
Checksum: 11BEC49C37A09CBCD6EFD9A3BF7D2611FEB7D7B8