BaselineInfo:
  WebDBID: -1
  TimeStamp: 20250526155919
Version:
  Major: 11
  Minor: 0
  Build: 1002
  SpecialBuildName: ""
  ptArchitecture: x86_64_linux
Results:
  Results Complete: true
  NumTestProcesses: 2
  CPU_INTEGER_MATH: 10599.116666666667
  CPU_FLOATINGPOINT_MATH: 7523.1167961358278
  CPU_PRIME: 21.643776894355661
  CPU_SORTING: 5372.1202219129646
  CPU_ENCRYPTION: 2348.5146526297494
  CPU_COMPRESSION: 40323.552578263589
  CPU_SINGLETHREAD: 3206.6959073157832
  CPU_PHYSICS: 522.75373429506033
  CPU_MATRIX_MULT_SSE: 2953.7503833919855
  CPU_mm: 300.20863630877227
  CPU_sse: 1299.1073704155892
  CPU_fma: 3600.0006877375545
  CPU_avx: 2678.1826754237518
  CPU_avx512: 4237.7107999910468
  m_CPU_enc_SHA: 2472286204.0397911
  m_CPU_enc_AES: 3209408140.413455
  m_CPU_enc_ECDSA: 1706093956.7344298
  ME_ALLOC_S: 1778.2492825196821
  ME_READ_S: 29449.498437499999
  ME_READ_L: 10418.5
  ME_WRITE: 9480.0166015625
  ME_LARGE: 74981
  ME_LATENCY: 58.180148080174796
  ME_THREADED: 15846.20458984375
  SUMM_CPU: 4164.6811673635584
  SUMM_ME: 2104.7771583611193
SystemInformation:
  OSName: Ubuntu 24.04.2 LTS
  Kernel: 6.11.0-1015-azure
  Device: ""
  Processor: INTEL XEON PLATINUM 8573C
  NumSockets: 1
  Manufacturer: GenuineIntel
  NumCores: 1
  NumLogicals: 2
  CPUFrequency: 2300
  Memory: 84466
  MemModuleInfo:
    iNumMemSticks: 3
    DIMM 1:
      manufacturer: Microsoft Corporation
      modulePartNo: None
      memType: Unknown
      size: 1
      clkspeed: 0
      moduleVoltage: 0
    DIMM 2:
      manufacturer: Microsoft Corporation
      modulePartNo: None
      memType: Unknown
      size: 59
      clkspeed: 0
      moduleVoltage: 0
    DIMM 3:
      manufacturer: Microsoft Corporation
      modulePartNo: None
      memType: Unknown
      size: 24
      clkspeed: 0
      moduleVoltage: 0
Checksum: 44C3A040A123A68C9978F64441032450C761065C