BaselineInfo:
  WebDBID: -1
  TimeStamp: 20250828215812
Version:
  Major: 11
  Minor: 0
  Build: 1002
  SpecialBuildName: ""
  ptArchitecture: x86_64_linux
Results:
  Results Complete: true
  NumTestProcesses: 4
  CPU_INTEGER_MATH: 20641.806333333334
  CPU_FLOATINGPOINT_MATH: 14969.949449876862
  CPU_PRIME: 46.080278179179054
  CPU_SORTING: 10855.065429849501
  CPU_ENCRYPTION: 4607.8213302916756
  CPU_COMPRESSION: 81269.031537931092
  CPU_SINGLETHREAD: 3274.3286179984457
  CPU_PHYSICS: 1008.147540037461
  CPU_MATRIX_MULT_SSE: 5587.5849873225297
  CPU_mm: 617.30526076606304
  CPU_sse: 2521.6728360621969
  CPU_fma: 6567.3336718363207
  CPU_avx: 5350.1540791602183
  CPU_avx512: 7911.1793622313817
  m_CPU_enc_SHA: 4813358496.4168777
  m_CPU_enc_AES: 6286642290.8160715
  m_CPU_enc_ECDSA: 3394951790.462822
  ME_ALLOC_S: 2853.7337257166237
  ME_READ_S: 27779.219921874999
  ME_READ_L: 12390.3046875
  ME_WRITE: 12500.8671875
  ME_LARGE: 6117.666666666667
  ME_LATENCY: 66.237109144269425
  ME_THREADED: 35563.76513671875
  SUMM_CPU: 8102.8412984601582
  SUMM_ME: 2111.3379392524912
SystemInformation:
  OSName: Ubuntu 24.04.2 LTS
  Kernel: 6.14.0-1011-aws
  Device: ""
  Processor: Intel Xeon 6975P-C
  NumSockets: 1
  Manufacturer: GenuineIntel
  NumCores: 2
  NumLogicals: 4
  CPUFrequency: 0
  Memory: 15706
  MemModuleInfo:
    iNumMemSticks: 1
    DIMM 1:
      manufacturer: Not Specified
      modulePartNo: Not Specified
      memType: DDR5
      size: 16
      clkspeed: 3600
      moduleVoltage: 0
Checksum: 1351772C48A57D1BA6C0259386D47C0FAD2F44C7