BaselineInfo:
  WebDBID: -1
  TimeStamp: 20260612190446
Version:
  Major: 11
  Minor: 0
  Build: 1004
  SpecialBuildName: ""
  ptArchitecture: x86_64_linux
Results:
  Results Complete: true
  NumTestProcesses: 12
  CPU_INTEGER_MATH: 95544.131999999998
  CPU_FLOATINGPOINT_MATH: 57514.727308563502
  CPU_PRIME: 175.528460314445
  CPU_SORTING: 42920.063248614359
  CPU_ENCRYPTION: 18847.932920645395
  CPU_COMPRESSION: 346720.72441833047
  CPU_SINGLETHREAD: 4552.1341607156328
  CPU_PHYSICS: 2805.9865058412911
  CPU_MATRIX_MULT_SSE: 26321.48422203958
  CPU_mm: 2565.1470859839364
  CPU_sse: 9584.6783854521891
  CPU_fma: 28932.493079709915
  CPU_avx: 27903.416341146221
  CPU_avx512: 38865.349081850007
  m_CPU_enc_SHA: 23663931655.467957
  m_CPU_enc_AES: 19450503887.027473
  m_CPU_enc_ECDSA: 16176034788.100571
  ME_ALLOC_S: 8451.5439206848259
  ME_READ_S: 41086.555859375003
  ME_READ_L: 37586.03125
  ME_WRITE: 20846.9140625
  ME_LARGE: 16905.833333333332
  ME_LATENCY: 56.577729990774834
  ME_THREADED: 49904.555908203125
  SUMM_CPU: 31542.863600970184
  SUMM_ME: 3263.1426500503317
SystemInformation:
  OSName: Ubuntu 24.04.4 LTS
  Kernel: 6.8.0-124-generic
  Device: ""
  Processor: "AMD EPYC 4245P 6-Core Processor                "
  NumSockets: 1
  Manufacturer: AuthenticAMD
  NumCores: 6
  NumLogicals: 12
  CPUFrequency: 5484
  CPUMaxFrequency: 5484
  Memory: 31180
  CPUInfo:
    number: 1
    Family: 15
    Model: 4
    stepping: 0
    features: 395049983
    manufacture: AuthenticAMD
    typestring: "AMD EPYC 4245P 6-Core Processor                "
    iCoresPerPackage: 6
    iThreadsPerPackage: 2
    featuresEx:
      - 395049983
      - 2128097795
      - 802421759
    bHybrid: false
    nPCore: 0
    nLogicalsPerPCore: 0
    nECore: 0
    nLogicalsPerECore: 0
  MemModuleInfo:
    iNumMemSticks: 4
    DIMM 1:
      manufacturer: ""
      modulePartNo: ""
      memType: Unknown
      size: 0
      clkspeed: 0
      moduleVoltage: 0
    DIMM 2:
      manufacturer: Micron Technology
      modulePartNo: "MTC10C1084S1EC56BD1 KF        "
      memType: DDR5
      size: 16
      clkspeed: 2800
      moduleVoltage: 1.10000002
    DIMM 3:
      manufacturer: ""
      modulePartNo: ""
      memType: Unknown
      size: 0
      clkspeed: 0
      moduleVoltage: 0
    DIMM 4:
      manufacturer: Micron Technology
      modulePartNo: "MTC10C1084S1EC56BD1 KF        "
      memType: DDR5
      size: 16
      clkspeed: 2800
      moduleVoltage: 1.10000002
Checksum: BAEE4CE4F7BBED89F8E8B1270E81BEDF0D618A69