BaselineInfo:
  WebDBID: -1
  TimeStamp: 20241110143704
Version:
  Major: 11
  Minor: 0
  Build: 1002
  SpecialBuildName: ""
  ptArchitecture: aarch64_linux
Results:
  Results Complete: true
  NumTestProcesses: 192
  CPU_INTEGER_MATH: 713112.30866666615
  CPU_FLOATINGPOINT_MATH: 1122106.0377141214
  CPU_PRIME: 1682.0346152931691
  CPU_SORTING: 803397.05328393332
  CPU_ENCRYPTION: 31878.019393096325
  CPU_COMPRESSION: 1214249.3483088894
  CPU_SINGLETHREAD: 1872.9772741788679
  CPU_PHYSICS: 38059.410595467882
  CPU_MATRIX_MULT_SSE: 138526.38625103407
  CPU_mm: 19529.595474969155
  CPU_sse: 107364.72605831674
  CPU_fma: 169688.04644375129
  CPU_avx: 0
  CPU_avx512: 0
  m_CPU_enc_SHA: 50955703334.33149
  m_CPU_enc_AES: 14881524801.438288
  m_CPU_enc_ECDSA: 34442350053.636253
  ME_ALLOC_S: 46020.452639201008
  ME_READ_S: 20295.942187500001
  ME_READ_L: 18728.177734375
  ME_WRITE: 20567.951171875
  ME_LARGE: 755089.16666666663
  ME_LATENCY: 46.267302012847018
  ME_THREADED: 1025010.9599609375
  SUMM_CPU: 75393.391288457613
  SUMM_ME: 3347.6531823134605
SystemInformation:
  OSName: Ubuntu 24.04.1 LTS
  Kernel: 6.8.0-1016-aws
  Device: ""
  Processor: ARM Neoverse-V2 192 Core 0 MHz
  NumSockets: 2
  Manufacturer: ARM
  NumCores: 192
  NumLogicals: 192
  CPUFrequency: 0
  Memory: 772434
Checksum: 7C0A303E7DDB5B48B1DF5F343D020A59770829E8