---
system-info:
      stress-ng-version: 0.17.08
      run-by: root
      date-yyyy-mm-dd: 2024:06:08
      time-hh-mm-ss: 06:42:40
      epoch-secs: 1717828960
      hostname: 5e45125c20c3
      sysname: Linux
      nodename: 5e45125c20c3
      release: 6.8.0-1008-aws
      version: '#8-Ubuntu SMP Sat Apr 20 02:43:14 UTC 2024'
      machine: aarch64
      compiler: 'musl-gcc 13.2.1'
      uptime: 128
      totalram: 539748093952
      freeram: 534574030848
      sharedram: 36237312
      bufferram: 98177024
      totalswap: 0
      freeswap: 0
      pagesize: 4096
      cpus: 64
      cpus-online: 64
      ticks-per-second: 100

metrics:
    - stressor: cpu
      bogo-ops: 2793
      bogo-ops-per-second-usr-sys-time: 276.696562
      bogo-ops-per-second-real-time: 276.698758
      wall-clock-time: 10.094010
      user-time: 10.094090
      system-time: 0.000000
      cpu-usage-per-instance: 100.000794
      max-rss: 3584

...
