---
system-info:
      stress-ng-version: 0.17.08
      run-by: root
      date-yyyy-mm-dd: 2024:06:13
      time-hh-mm-ss: 19:40:33
      epoch-secs: 1718307633
      hostname: 339d5252a779
      sysname: Linux
      nodename: 339d5252a779
      release: 6.8.0-1008-aws
      version: '#8-Ubuntu SMP Sat Apr 20 02:43:14 UTC 2024'
      machine: aarch64
      compiler: 'musl-gcc 13.2.1'
      uptime: 153
      totalram: 539748102144
      freeram: 534545223680
      sharedram: 36237312
      bufferram: 106569728
      totalswap: 0
      freeswap: 0
      pagesize: 4096
      cpus: 64
      cpus-online: 64
      ticks-per-second: 100

metrics:
    - stressor: cpu
      bogo-ops: 30460
      bogo-ops-per-second-usr-sys-time: 1522.961621
      bogo-ops-per-second-real-time: 1522.997259
      wall-clock-time: 20.000036
      user-time: 19.999505
      system-time: 0.000999
      cpu-usage-per-instance: 100.002340
      max-rss: 512

...
