BaselineInfo:
  WebDBID: -1
  TimeStamp: 20260404122955
Version:
  Major: 11
  Minor: 0
  Build: 1004
  SpecialBuildName: ""
  ptArchitecture: x86_64_linux
Results:
  Results Complete: true
  NumTestProcesses: 8
  CPU_INTEGER_MATH: 27779.767666666667
  CPU_FLOATINGPOINT_MATH: 14934.486721193633
  CPU_PRIME: 56.553840080071119
  CPU_SORTING: 17135.156157197071
  CPU_ENCRYPTION: 3850.5411838054702
  CPU_COMPRESSION: 130260.88416955051
  CPU_SINGLETHREAD: 2341.6379659087361
  CPU_PHYSICS: 982.24747238633245
  CPU_MATRIX_MULT_SSE: 7294.0297315041398
  CPU_mm: 847.30284445531049
  CPU_sse: 3049.9907644394957
  CPU_fma: 8973.804484821434
  CPU_avx: 6342.3803045672457
  CPU_avx512: 10809.94337218838
  m_CPU_enc_SHA: 1259071188.8761306
  m_CPU_enc_AES: 9711567407.9772511
  m_CPU_enc_ECDSA: 1142116620.1966319
  ME_ALLOC_S: 3169.4162470504525
  ME_READ_S: 26815.553906249999
  ME_READ_L: 11014.2119140625
  ME_WRITE: 10180.8916015625
  ME_LARGE: 50087.583333333336
  ME_LATENCY: 48.423817178896996
  ME_THREADED: 46971.455078125
  SUMM_CPU: 9658.5640295112189
  SUMM_ME: 2596.4333924505818
SystemInformation:
  OSName: Ubuntu 24.04.4 LTS
  Kernel: 6.8.0-106-generic
  Device: ""
  Processor: Intel(R) Xeon(R) Platinum 8369HB CPU @ 3.30GHz
  NumSockets: 1
  Manufacturer: GenuineIntel
  NumCores: 4
  NumLogicals: 8
  CPUFrequency: 0
  CPUMaxFrequency: 0
  Memory: 62894
  CPUInfo:
    number: 1
    Family: 6
    Model: 5
    stepping: 11
    features: 529267711
    manufacture: GenuineIntel
    typestring: Intel(R) Xeon(R) Platinum 8369HB CPU @ 3.30GHz
    iCoresPerPackage: 4
    iThreadsPerPackage: 2
    featuresEx:
      - 529267711
      - 4277809667
      - 739248128
    bHybrid: false
    nPCore: 0
    nLogicalsPerPCore: 0
    nECore: 0
    nLogicalsPerECore: 0
  MemModuleInfo:
    iNumMemSticks: 4
    DIMM 1:
      manufacturer: Alibaba Cloud
      modulePartNo: Not Specified
      memType: RAM
      size: 16
      clkspeed: 0
      moduleVoltage: 0
    DIMM 2:
      manufacturer: Alibaba Cloud
      modulePartNo: Not Specified
      memType: RAM
      size: 16
      clkspeed: 0
      moduleVoltage: 0
    DIMM 3:
      manufacturer: Alibaba Cloud
      modulePartNo: Not Specified
      memType: RAM
      size: 16
      clkspeed: 0
      moduleVoltage: 0
    DIMM 4:
      manufacturer: Alibaba Cloud
      modulePartNo: Not Specified
      memType: RAM
      size: 16
      clkspeed: 0
      moduleVoltage: 0
Checksum: BBFA855A794215593627A32E386C037F16236047