---
system-info:
      stress-ng-version: 0.17.08
      run-by: root
      date-yyyy-mm-dd: 2024:06:16
      time-hh-mm-ss: 02:28:03
      epoch-secs: 1718504883
      hostname: 0e3a640d55f9
      sysname: Linux
      nodename: 0e3a640d55f9
      release: 6.8.0-1008-aws
      version: '#8-Ubuntu SMP Sat Apr 20 02:43:14 UTC 2024'
      machine: aarch64
      compiler: 'musl-gcc 13.2.1'
      uptime: 134
      totalram: 539744817152
      freeram: 534575214592
      sharedram: 35405824
      bufferram: 109539328
      totalswap: 0
      freeswap: 0
      pagesize: 4096
      cpus: 64
      cpus-online: 64
      ticks-per-second: 100

metrics:
    - stressor: cpu
      bogo-ops: 30705
      bogo-ops-per-second-usr-sys-time: 1535.294907
      bogo-ops-per-second-real-time: 1535.242826
      wall-clock-time: 20.000093
      user-time: 19.999415
      system-time: 0.000000
      cpu-usage-per-instance: 99.996608
      max-rss: 512

...
