---
system-info:
      stress-ng-version: 0.17.08
      run-by: root
      date-yyyy-mm-dd: 2024:06:09
      time-hh-mm-ss: 21:56:05
      epoch-secs: 1717970165
      hostname: 682d294479a5
      sysname: Linux
      nodename: 682d294479a5
      release: 6.8.0-1008-aws
      version: '#8-Ubuntu SMP Sat Apr 20 02:43:14 UTC 2024'
      machine: aarch64
      compiler: 'musl-gcc 13.2.1'
      uptime: 119
      totalram: 539744825344
      freeram: 534441267200
      sharedram: 35405824
      bufferram: 112025600
      totalswap: 0
      freeswap: 0
      pagesize: 4096
      cpus: 64
      cpus-online: 64
      ticks-per-second: 100

metrics:
    - stressor: cpu
      bogo-ops: 4267
      bogo-ops-per-second-usr-sys-time: 425.738555
      bogo-ops-per-second-real-time: 425.732235
      wall-clock-time: 10.022732
      user-time: 10.020584
      system-time: 0.001999
      cpu-usage-per-instance: 99.998516
      max-rss: 3584

...
