---
system-info:
      stress-ng-version: 0.17.08
      run-by: root
      date-yyyy-mm-dd: 2024:06:12
      time-hh-mm-ss: 21:54:55
      epoch-secs: 1718229295
      hostname: f645c9e1291a
      sysname: Linux
      nodename: f645c9e1291a
      release: 6.8.0-1008-aws
      version: '#8-Ubuntu SMP Sat Apr 20 00:46:25 UTC 2024'
      machine: x86_64
      compiler: 'musl-gcc 13.2.1'
      uptime: 124
      totalram: 43209891840
      freeram: 38727282688
      sharedram: 29306880
      bufferram: 111374336
      totalswap: 0
      freeswap: 0
      pagesize: 4096
      cpus: 16
      cpus-online: 16
      ticks-per-second: 100

metrics:
    - stressor: cpu
      bogo-ops: 296457
      bogo-ops-per-second-usr-sys-time: 927.694091
      bogo-ops-per-second-real-time: 14822.777773
      wall-clock-time: 20.000097
      user-time: 319.542327
      system-time: 0.020989
      cpu-usage-per-instance: 99.863050
      max-rss: 1164

...
