---
system-info:
      stress-ng-version: 0.17.08
      run-by: root
      date-yyyy-mm-dd: 2024:06:05
      time-hh-mm-ss: 22:52:04
      epoch-secs: 1717627924
      hostname: f60eff68db1d
      sysname: Linux
      nodename: f60eff68db1d
      release: 6.8.0-1008-aws
      version: '#8-Ubuntu SMP Sat Apr 20 00:46:25 UTC 2024'
      machine: x86_64
      compiler: 'musl-gcc 13.2.1'
      uptime: 121
      totalram: 43209883648
      freeram: 38994259968
      sharedram: 29306880
      bufferram: 79433728
      totalswap: 0
      freeswap: 0
      pagesize: 4096
      cpus: 16
      cpus-online: 16
      ticks-per-second: 100

metrics:
    - stressor: cpu
      bogo-ops: 175775
      bogo-ops-per-second-usr-sys-time: 1100.267456
      bogo-ops-per-second-real-time: 17574.154752
      wall-clock-time: 10.001904
      user-time: 159.721623
      system-time: 0.034988
      cpu-usage-per-instance: 99.828879
      max-rss: 3920

...
