---
system-info:
      stress-ng-version: 0.17.08
      run-by: root
      date-yyyy-mm-dd: 2024:09:11
      time-hh-mm-ss: 12:25:50
      epoch-secs: 1726057550
      hostname: ip-172-31-27-63
      sysname: Linux
      nodename: ip-172-31-27-63
      release: 6.8.0-1014-aws
      version: '#15-Ubuntu SMP Thu Aug  8 19:13:06 UTC 2024'
      machine: x86_64
      compiler: 'musl-gcc 13.2.1'
      uptime: 189
      totalram: 535167873024
      freeram: 526385041408
      sharedram: 29208576
      bufferram: 220827648
      totalswap: 0
      freeswap: 0
      pagesize: 4096
      cpus: 16
      cpus-online: 16
      ticks-per-second: 100

metrics:
    - stressor: cpu
      bogo-ops: 37446
      bogo-ops-per-second-usr-sys-time: 1872.310766
      bogo-ops-per-second-real-time: 1872.293460
      wall-clock-time: 20.000070
      user-time: 19.999885
      system-time: 0.000000
      cpu-usage-per-instance: 99.999076
      max-rss: 1104

...
