---
system-info:
      stress-ng-version: 0.17.08
      run-by: root
      date-yyyy-mm-dd: 2024:09:09
      time-hh-mm-ss: 06:57:40
      epoch-secs: 1725865060
      hostname: ip-172-31-23-143
      sysname: Linux
      nodename: ip-172-31-23-143
      release: 6.8.0-1014-aws
      version: '#15-Ubuntu SMP Thu Aug  8 19:13:06 UTC 2024'
      machine: x86_64
      compiler: 'musl-gcc 13.2.1'
      uptime: 205
      totalram: 535167877120
      freeram: 526378262528
      sharedram: 29208576
      bufferram: 225845248
      totalswap: 0
      freeswap: 0
      pagesize: 4096
      cpus: 16
      cpus-online: 16
      ticks-per-second: 100

metrics:
    - stressor: cpu
      bogo-ops: 37439
      bogo-ops-per-second-usr-sys-time: 1871.952808
      bogo-ops-per-second-real-time: 1871.941074
      wall-clock-time: 20.000095
      user-time: 19.998971
      system-time: 0.000999
      cpu-usage-per-instance: 99.999373
      max-rss: 1104

...
