BaselineInfo:
  WebDBID: -1
  TimeStamp: 20260621010927
Version:
  Major: 11
  Minor: 0
  Build: 1004
  SpecialBuildName: ""
  ptArchitecture: x86_64_linux
Results:
  Results Complete: true
  NumTestProcesses: 128
  CPU_INTEGER_MATH: 797309.71766666684
  CPU_FLOATINGPOINT_MATH: 469031.30806379544
  CPU_PRIME: 1073.7838322925036
  CPU_SORTING: 313814.73132966633
  CPU_ENCRYPTION: 149343.13036927028
  CPU_COMPRESSION: 2398118.1330837104
  CPU_SINGLETHREAD: 3840.9759478236165
  CPU_PHYSICS: 19319.625379078843
  CPU_MATRIX_MULT_SSE: 156651.8626979258
  CPU_mm: 16318.416163955364
  CPU_sse: 62831.034092363974
  CPU_fma: 171690.7237333903
  CPU_avx: 166658.56431067389
  CPU_avx512: 225427.12865527486
  m_CPU_enc_SHA: 194094397461.04941
  m_CPU_enc_AES: 154601080297.80771
  m_CPU_enc_ECDSA: 121097389051.40668
  ME_ALLOC_S: 39692.971227561749
  ME_READ_S: 34088.155859375001
  ME_READ_L: 31218.4921875
  ME_WRITE: 30730.818359375
  ME_LARGE: 245890.41666666666
  ME_LATENCY: 76.906193917242149
  ME_THREADED: 463824.1572265625
  SUMM_CPU: 133227.17136870977
  SUMM_ME: 3040.0729488150719
SystemInformation:
  OSName: Ubuntu 24.04.4 LTS
  Kernel: 6.17.0-1018-azure
  Device: ""
  Processor: "AMD EPYC 9V45 96-Core Processor                "
  NumSockets: 1
  Manufacturer: AuthenticAMD
  NumCores: 64
  NumLogicals: 128
  CPUFrequency: 0
  CPUMaxFrequency: 0
  Memory: 257888
  CPUInfo:
    number: 1
    Family: 15
    Model: 2
    stepping: 1
    features: 395049983
    manufacture: AuthenticAMD
    typestring: "AMD EPYC 9V45 96-Core Processor                "
    iCoresPerPackage: 64
    iThreadsPerPackage: 2
    featuresEx:
      - 395049983
      - 4277809667
      - 802421759
    bHybrid: false
    nPCore: 0
    nLogicalsPerPCore: 0
    nECore: 0
    nLogicalsPerECore: 0
  MemModuleInfo:
    iNumMemSticks: 4
    DIMM 1:
      manufacturer: Microsoft Corporation
      modulePartNo: None
      memType: Unknown
      size: 1
      clkspeed: 0
      moduleVoltage: 0
    DIMM 2:
      manufacturer: Microsoft Corporation
      modulePartNo: None
      memType: Unknown
      size: 59
      clkspeed: 0
      moduleVoltage: 0
    DIMM 3:
      manufacturer: Microsoft Corporation
      modulePartNo: None
      memType: Unknown
      size: 68
      clkspeed: 0
      moduleVoltage: 0
    DIMM 4:
      manufacturer: Microsoft Corporation
      modulePartNo: None
      memType: Unknown
      size: 128
      clkspeed: 0
      moduleVoltage: 0
Checksum: F301BD4AA0BF7BD53E305B891488FE7B7398A9F9