size_kb,operation,bandwidth_mb_s,latency_ns,latency_stddev_ns,latency_samples,threads,iterations,elapsed_s
32,read,1782883.41,0,0,0,16,696378,0.195295
32,write,1595946.80,0,0,0,16,661375,0.207205
32,copy,1494797.00,0,0,0,16,602409,0.201502
32,latency,0,1.83,0.00,7,1,7,0.263118
128,read,1437823.43,0,0,0,16,158127,0.219953
128,write,1596531.33,0,0,0,16,195924,0.245437
128,copy,1206042.46,0,0,0,16,125754,0.208540
128,latency,0,2.11,0.00,7,1,7,0.586903
1024,read,1324330.37,0,0,0,16,21331,0.257712
1024,write,1590264.66,0,0,0,16,24818,0.249699
1024,copy,468297.03,0,0,0,16,15048,0.514135
1024,latency,0,4.68,0.00,7,1,7,0.704962
2048,read,770792.08,0,0,0,16,10648,0.442060
2048,write,1120631.35,0,0,0,16,12263,0.350174
2048,copy,202807.64,0,0,0,16,5492,0.866555
2048,latency,0,9.66,0.01,7,1,7,0.698259
4096,read,279295.41,0,0,0,16,4231,0.969525
4096,write,406334.53,0,0,0,16,5225,0.822967
4096,copy,145823.05,0,0,0,16,2263,0.993204
4096,latency,0,16.18,0.02,7,1,7,0.701644
16384,read,238460.08,0,0,0,16,579,0.621588
16384,write,214942.28,0,0,0,16,1036,1.233894
16384,copy,88871.61,0,0,0,16,447,1.287610
16384,latency,0,22.68,0.03,7,1,7,0.770277
32768,read,196906.63,0,0,0,16,255,0.663055
32768,write,189588.10,0,0,0,16,443,1.196362
32768,copy,83718.95,0,0,0,16,205,1.253718
32768,latency,0,24.14,0.38,7,1,7,0.932118
65536,read,183056.45,0,0,0,16,139,0.777553
65536,write,183351.33,0,0,0,16,253,1.412981
65536,copy,82702.90,0,0,0,16,110,1.361984
65536,latency,0,54.11,2.54,7,1,7,2.372299
131072,read,176791.31,0,0,0,16,68,0.787731
131072,write,174864.52,0,0,0,16,118,1.382007
131072,copy,83818.19,0,0,0,16,54,1.319427
131072,latency,0,72.80,0.51,7,1,7,6.569847
262144,read,175597.54,0,0,0,16,34,0.793086
262144,write,172696.64,0,0,0,16,63,1.494227
262144,copy,82490.30,0,0,0,8,27,0.670333
262144,latency,0,81.83,0.59,7,1,7,14.800221
