---
system-info:
      stress-ng-version: 0.17.08
      run-by: root
      date-yyyy-mm-dd: 2024:06:26
      time-hh-mm-ss: 18:34:34
      epoch-secs: 1719426874
      hostname: c3d-standard-8-a140cf5
      sysname: Linux
      nodename: c3d-standard-8-a140cf5
      release: 6.8.0-1009-gcp
      version: '#10-Ubuntu SMP Wed Jun 12 18:52:23 UTC 2024'
      machine: x86_64
      compiler: 'musl-gcc 13.2.1'
      uptime: 117
      totalram: 33652191232
      freeram: 28707667968
      sharedram: 35000320
      bufferram: 123551744
      totalswap: 0
      freeswap: 0
      pagesize: 4096
      cpus: 8
      cpus-online: 8
      ticks-per-second: 100

metrics:
    - stressor: cpu
      bogo-ops: 229637
      bogo-ops-per-second-usr-sys-time: 1439.329083
      bogo-ops-per-second-real-time: 11481.816859
      wall-clock-time: 20.000058
      user-time: 159.515491
      system-time: 0.028982
      cpu-usage-per-instance: 99.715008
      max-rss: 1104

...
