BaselineInfo:
  WebDBID: -1
  TimeStamp: 20260707205154
Version:
  Major: 11
  Minor: 0
  Build: 1004
  SpecialBuildName: ""
  ptArchitecture: x86_64_linux
Results:
  Results Complete: true
  NumTestProcesses: 1
  CPU_INTEGER_MATH: 7560.8373333333329
  CPU_FLOATINGPOINT_MATH: 7500.9753374138454
  CPU_PRIME: 28.468043145419294
  CPU_SORTING: 4507.7930976610915
  CPU_ENCRYPTION: 1561.5791719924464
  CPU_COMPRESSION: 32437.726809163247
  CPU_SINGLETHREAD: 3609.8705014883458
  CPU_PHYSICS: 484.24308717578788
  CPU_MATRIX_MULT_SSE: 2715.4272083975811
  CPU_mm: 360.97971691068653
  CPU_sse: 1097.204596813473
  CPU_fma: 4327.1239203964324
  CPU_avx: 2183.3027845607721
  CPU_avx512: 3254.0775318196461
  m_CPU_enc_SHA: 2159840585.4079499
  m_CPU_enc_AES: 1364093063.31896
  m_CPU_enc_ECDSA: 1388369676.8265445
  ME_ALLOC_S: 1467.3342391112517
  ME_READ_S: 33148.571875000001
  ME_READ_L: 29113.333984375
  ME_WRITE: 29756.15234375
  ME_LARGE: 570
  ME_LATENCY: 84.09936751794163
  ME_THREADED: 29090.328125
  SUMM_CPU: 3427.2223606966381
  SUMM_ME: 1007.8302165845935
SystemInformation:
  OSName: Ubuntu 24.04.4 LTS
  Kernel: 6.17.0-1018-azure
  Device: ""
  Processor: "AMD EPYC 9V45 96-Core Processor                "
  NumSockets: 1
  Manufacturer: AuthenticAMD
  NumCores: 1
  NumLogicals: 1
  CPUFrequency: 0
  CPUMaxFrequency: 0
  Memory: 1899
  CPUInfo:
    number: 1
    Family: 15
    Model: 2
    stepping: 1
    features: 395049983
    manufacture: AuthenticAMD
    typestring: "AMD EPYC 9V45 96-Core Processor                "
    iCoresPerPackage: 8
    iThreadsPerPackage: 1
    featuresEx:
      - 395049983
      - 4277809667
      - 802421759
    bHybrid: false
    nPCore: 0
    nLogicalsPerPCore: 0
    nECore: 0
    nLogicalsPerECore: 0
  MemModuleInfo:
    iNumMemSticks: 2
    DIMM 1:
      manufacturer: Microsoft Corporation
      modulePartNo: None
      memType: Unknown
      size: 1
      clkspeed: 0
      moduleVoltage: 0
    DIMM 2:
      manufacturer: Microsoft Corporation
      modulePartNo: None
      memType: Unknown
      size: 1
      clkspeed: 0
      moduleVoltage: 0
Checksum: 2099117D65909AF37B4662DD4582D8352F3C2644