BaselineInfo:
  WebDBID: -1
  TimeStamp: 20241107062110
Version:
  Major: 11
  Minor: 0
  Build: 1002
  SpecialBuildName: ""
  ptArchitecture: x86_64_linux
Results:
  Results Complete: true
  NumTestProcesses: 2
  CPU_INTEGER_MATH: 8395.2766666666648
  CPU_FLOATINGPOINT_MATH: 6004.5015692067282
  CPU_PRIME: 18.905695326071054
  CPU_SORTING: 4339.9572714107708
  CPU_ENCRYPTION: 1880.1271753983137
  CPU_COMPRESSION: 32458.880523565756
  CPU_SINGLETHREAD: 2547.3930194516838
  CPU_PHYSICS: 425.89225804952218
  CPU_MATRIX_MULT_SSE: 2240.4716775981669
  CPU_mm: 234.00297949469004
  CPU_sse: 1026.2499992964495
  CPU_fma: 2673.6429353190333
  CPU_avx: 1967.394616714022
  CPU_avx512: 3294.5991590631629
  m_CPU_enc_SHA: 1968426117.5720432
  m_CPU_enc_AES: 2554866536.1644087
  m_CPU_enc_ECDSA: 1391076045.4749351
  ME_ALLOC_S: 1324.9428691520638
  ME_READ_S: 23017.188671874999
  ME_READ_L: 7876.22607421875
  ME_WRITE: 7404.2587890625
  ME_LARGE: 675
  ME_LATENCY: 66.550148371792616
  ME_THREADED: 12407.05126953125
  SUMM_CPU: 3324.3392866395143
  SUMM_ME: 941.67043913777047
SystemInformation:
  OSName: Ubuntu 24.04.1 LTS
  Kernel: 6.8.0-1015-gcp
  Device: ""
  Processor: INTEL XEON PLATINUM 8581C CPU @ 2.30GHz
  NumSockets: 1
  Manufacturer: GenuineIntel
  NumCores: 1
  NumLogicals: 2
  CPUFrequency: 0
  Memory: 6930
  MemModuleInfo:
    iNumMemSticks: 1
    DIMM 1:
      manufacturer: ""
      modulePartNo: ""
      memType: RAM
      size: 7
      clkspeed: 0
      moduleVoltage: 0
Checksum: C698A14340E3B68AF99A80972E4E8684E154361D