---
system-info:
      stress-ng-version: 0.17.08
      run-by: root
      date-yyyy-mm-dd: 2024:09:03
      time-hh-mm-ss: 03:05:16
      epoch-secs: 1725332716
      hostname: sc-runner
      sysname: Linux
      nodename: sc-runner
      release: 6.8.0-1013-azure
      version: '#15-Ubuntu SMP Thu Aug  8 18:40:40 UTC 2024'
      machine: x86_64
      compiler: 'musl-gcc 13.2.1'
      uptime: 479
      totalram: 8323641344
      freeram: 333205504
      sharedram: 21344256
      bufferram: 207081472
      totalswap: 0
      freeswap: 0
      pagesize: 4096
      cpus: 2
      cpus-online: 2
      ticks-per-second: 100

metrics:
    - stressor: cpu
      bogo-ops: 38555
      bogo-ops-per-second-usr-sys-time: 1927.860852
      bogo-ops-per-second-real-time: 1927.746898
      wall-clock-time: 20.000032
      user-time: 19.996839
      system-time: 0.002011
      cpu-usage-per-instance: 99.994089
      max-rss: 3152

...
