---
system-info:
      stress-ng-version: 0.17.08
      run-by: root
      date-yyyy-mm-dd: 2024:06:14
      time-hh-mm-ss: 04:55:48
      epoch-secs: 1718340948
      hostname: 8a4a6ff9f248
      sysname: Linux
      nodename: 8a4a6ff9f248
      release: 6.8.0-1008-aws
      version: '#8-Ubuntu SMP Sat Apr 20 02:43:14 UTC 2024'
      machine: aarch64
      compiler: 'musl-gcc 13.2.1'
      uptime: 144
      totalram: 66195951616
      freeram: 61640237056
      sharedram: 34963456
      bufferram: 108183552
      totalswap: 0
      freeswap: 0
      pagesize: 4096
      cpus: 32
      cpus-online: 32
      ticks-per-second: 100

metrics:
    - stressor: cpu
      bogo-ops: 30398
      bogo-ops-per-second-usr-sys-time: 1519.887309
      bogo-ops-per-second-real-time: 1519.895760
      wall-clock-time: 20.000056
      user-time: 20.000167
      system-time: 0.000000
      cpu-usage-per-instance: 100.000556
      max-rss: 1024

...
