---
system-info:
      stress-ng-version: 0.17.08
      run-by: root
      date-yyyy-mm-dd: 2024:06:06
      time-hh-mm-ss: 07:31:23
      epoch-secs: 1717659083
      hostname: 7005933196d4
      sysname: Linux
      nodename: 7005933196d4
      release: 6.8.0-1008-aws
      version: '#8-Ubuntu SMP Sat Apr 20 02:43:14 UTC 2024'
      machine: aarch64
      compiler: 'musl-gcc 13.2.1'
      uptime: 128
      totalram: 66195955712
      freeram: 61909196800
      sharedram: 34963456
      bufferram: 80523264
      totalswap: 0
      freeswap: 0
      pagesize: 4096
      cpus: 32
      cpus-online: 32
      ticks-per-second: 100

metrics:
    - stressor: cpu
      bogo-ops: 2940
      bogo-ops-per-second-usr-sys-time: 292.738210
      bogo-ops-per-second-real-time: 292.733763
      wall-clock-time: 10.043256
      user-time: 10.039104
      system-time: 0.003999
      cpu-usage-per-instance: 99.998481
      max-rss: 3840

...
