BaselineInfo:
  WebDBID: -1
  TimeStamp: 20250614161204
Version:
  Major: 11
  Minor: 0
  Build: 1002
  SpecialBuildName: ""
  ptArchitecture: x86_64_linux
Results:
  Results Complete: true
  NumTestProcesses: 32
  CPU_INTEGER_MATH: 153290.82233333332
  CPU_FLOATINGPOINT_MATH: 108612.61886529578
  CPU_PRIME: 314.7074131303109
  CPU_SORTING: 75633.864512546337
  CPU_ENCRYPTION: 33806.497853059394
  CPU_COMPRESSION: 555579.48390926153
  CPU_SINGLETHREAD: 2919.6445553310969
  CPU_PHYSICS: 7275.0184215323661
  CPU_MATRIX_MULT_SSE: 46153.053346172936
  CPU_mm: 4336.261939662636
  CPU_sse: 18749.027608545402
  CPU_fma: 49513.35879347234
  CPU_avx: 39378.064167444405
  CPU_avx512: 76971.762815229638
  m_CPU_enc_SHA: 35660723125.971474
  m_CPU_enc_AES: 46495608912.277603
  m_CPU_enc_ECDSA: 24189714840.059765
  ME_ALLOC_S: 17813.502888574669
  ME_READ_S: 26613.078125
  ME_READ_L: 10234.7109375
  ME_WRITE: 9653.33203125
  ME_LARGE: 247323.16666666666
  ME_LATENCY: 58.122241197010418
  ME_THREADED: 193005.953125
  SUMM_CPU: 47381.540764451209
  SUMM_ME: 2600.5107708152113
SystemInformation:
  OSName: Ubuntu 24.04.2 LTS
  Kernel: 6.11.0-1015-azure
  Device: ""
  Processor: INTEL XEON PLATINUM 8573C
  NumSockets: 1
  Manufacturer: GenuineIntel
  NumCores: 16
  NumLogicals: 32
  CPUFrequency: 2300
  Memory: 257736
  MemModuleInfo:
    iNumMemSticks: 3
    DIMM 1:
      manufacturer: Microsoft Corporation
      modulePartNo: None
      memType: Unknown
      size: 1
      clkspeed: 0
      moduleVoltage: 0
    DIMM 2:
      manufacturer: Microsoft Corporation
      modulePartNo: None
      memType: Unknown
      size: 59
      clkspeed: 0
      moduleVoltage: 0
    DIMM 3:
      manufacturer: Microsoft Corporation
      modulePartNo: None
      memType: Unknown
      size: 196
      clkspeed: 0
      moduleVoltage: 0
Checksum: 6D68DD0F967D84D4FB74B8E69B5A8BC951B94893