BaselineInfo:
  WebDBID: -1
  TimeStamp: 20260612131725
Version:
  Major: 11
  Minor: 0
  Build: 1004
  SpecialBuildName: ""
  ptArchitecture: x86_64_linux
Results:
  Results Complete: true
  NumTestProcesses: 8
  CPU_INTEGER_MATH: 29418.542333333338
  CPU_FLOATINGPOINT_MATH: 18111.839357110486
  CPU_PRIME: 32.430480266805326
  CPU_SORTING: 16353.336768794026
  CPU_ENCRYPTION: 4059.7187562688505
  CPU_COMPRESSION: 132597.29389043187
  CPU_SINGLETHREAD: 2597.5621848637575
  CPU_PHYSICS: 717.17077159341397
  CPU_MATRIX_MULT_SSE: 7322.0526448014452
  CPU_mm: 937.69242226871665
  CPU_sse: 3517.6215110799048
  CPU_fma: 10955.440198387445
  CPU_avx: 7493.0962249369832
  CPU_avx512: 0
  m_CPU_enc_SHA: 1331841230.7321265
  m_CPU_enc_AES: 10249194029.945028
  m_CPU_enc_ECDSA: 1189735703.0429449
  ME_ALLOC_S: 3949.1174904968125
  ME_READ_S: 29435.197656249999
  ME_READ_L: 16543.98046875
  ME_WRITE: 13390.6533203125
  ME_LARGE: 23620.416666666668
  ME_LATENCY: 32.53254432173231
  ME_THREADED: 29258.66943359375
  SUMM_CPU: 9737.7999935094376
  SUMM_ME: 3192.3136798435935
SystemInformation:
  OSName: Ubuntu 24.04.4 LTS
  Kernel: 6.8.0-124-generic
  Device: ""
  Processor: Intel(R) Xeon(R) CPU E3-1270 v6 @ 3.80GHz
  NumSockets: 1
  Manufacturer: GenuineIntel
  NumCores: 4
  NumLogicals: 8
  CPUFrequency: 3800
  CPUMaxFrequency: 4200
  Memory: 31920
  CPUInfo:
    number: 1
    Family: 6
    Model: 14
    stepping: 9
    features: 3219913727
    manufacture: GenuineIntel
    typestring: Intel(R) Xeon(R) CPU E3-1270 v6 @ 3.80GHz
    iCoresPerPackage: 4
    iThreadsPerPackage: 2
    featuresEx:
      - 3219913727
      - 2147154935
      - 739248128
    bHybrid: false
    nPCore: 0
    nLogicalsPerPCore: 0
    nECore: 0
    nLogicalsPerECore: 0
  MemModuleInfo:
    iNumMemSticks: 4
    DIMM 1:
      manufacturer: ""
      modulePartNo: ""
      memType: Unknown
      size: 0
      clkspeed: 0
      moduleVoltage: 0
    DIMM 2:
      manufacturer: Micron
      modulePartNo: "18ADF2G72AZ-2G3B1   "
      memType: DDR4
      size: 16
      clkspeed: 1200
      moduleVoltage: 1.20000005
    DIMM 3:
      manufacturer: ""
      modulePartNo: ""
      memType: Unknown
      size: 0
      clkspeed: 0
      moduleVoltage: 0
    DIMM 4:
      manufacturer: Micron
      modulePartNo: "18ADF2G72AZ-2G3B1   "
      memType: DDR4
      size: 16
      clkspeed: 1200
      moduleVoltage: 1.20000005
Checksum: 1CB8D9A5A588401B41D89FDA3749A9706DF6311E