BaselineInfo:
  WebDBID: -1
  TimeStamp: 20241108194318
Version:
  Major: 11
  Minor: 0
  Build: 1002
  SpecialBuildName: ""
  ptArchitecture: x86_64_linux
Results:
  Results Complete: true
  NumTestProcesses: 20
  CPU_INTEGER_MATH: 62312.463666666663
  CPU_FLOATINGPOINT_MATH: 33447.010079058287
  CPU_PRIME: 102.94097540007901
  CPU_SORTING: 32176.458880279402
  CPU_ENCRYPTION: 8571.4825698507211
  CPU_COMPRESSION: 276446.03607160749
  CPU_SINGLETHREAD: 2021.4993858435976
  CPU_PHYSICS: 1838.16590882534
  CPU_MATRIX_MULT_SSE: 18053.631344948411
  CPU_mm: 1890.1241084322801
  CPU_sse: 6839.8181121524804
  CPU_fma: 21796.417484586389
  CPU_avx: 15398.151553391212
  CPU_avx512: 28180.138229663578
  m_CPU_enc_SHA: 2818648914.6542659
  m_CPU_enc_AES: 21619370176.87019
  m_CPU_enc_ECDSA: 2525533629.9669099
  ME_ALLOC_S: 7262.7581051961506
  ME_READ_S: 23734.739453124999
  ME_READ_L: 11036.318359375
  ME_WRITE: 10590.7568359375
  ME_LARGE: 150578.33333333334
  ME_LATENCY: 48.281737842606503
  ME_THREADED: 95787.84716796875
  SUMM_CPU: 19266.39802039948
  SUMM_ME: 2741.2884743118816
SystemInformation:
  OSName: Ubuntu 24.04.1 LTS
  Kernel: 6.8.0-1017-azure
  Device: ""
  Processor: Intel Xeon Platinum 8272CL CPU @ 2.60GHz
  NumSockets: 1
  Manufacturer: GenuineIntel
  NumCores: 10
  NumLogicals: 20
  CPUFrequency: 0
  Memory: 160967
  MemModuleInfo:
    iNumMemSticks: 3
    DIMM 1:
      manufacturer: Microsoft Corporation
      modulePartNo: None
      memType: Unknown
      size: 1
      clkspeed: 0
      moduleVoltage: 0
    DIMM 2:
      manufacturer: Microsoft Corporation
      modulePartNo: None
      memType: Unknown
      size: 60928
      clkspeed: 0
      moduleVoltage: 0
    DIMM 3:
      manufacturer: Microsoft Corporation
      modulePartNo: None
      memType: Unknown
      size: 101888
      clkspeed: 0
      moduleVoltage: 0
Checksum: 829DF5E284EB66D9A6C9E53B6213DFE5AACB4AED