---
system-info:
      stress-ng-version: 0.17.08
      run-by: root
      date-yyyy-mm-dd: 2024:09:16
      time-hh-mm-ss: 09:42:22
      epoch-secs: 1726479742
      hostname: sc-runner
      sysname: Linux
      nodename: sc-runner
      release: 6.8.0-1014-azure
      version: '#16-Ubuntu SMP Thu Aug 15 20:04:41 UTC 2024'
      machine: x86_64
      compiler: 'musl-gcc 13.2.1'
      uptime: 301
      totalram: 33651290112
      freeram: 23530102784
      sharedram: 54906880
      bufferram: 232144896
      totalswap: 0
      freeswap: 0
      pagesize: 4096
      cpus: 4
      cpus-online: 4
      ticks-per-second: 100

metrics:
    - stressor: cpu
      bogo-ops: 37962
      bogo-ops-per-second-usr-sys-time: 1898.088422
      bogo-ops-per-second-real-time: 1898.090678
      wall-clock-time: 20.000098
      user-time: 19.997123
      system-time: 0.002999
      cpu-usage-per-instance: 100.000119
      max-rss: 3152

...
