BaselineInfo:
  WebDBID: -1
  TimeStamp: 20241107194151
Version:
  Major: 11
  Minor: 0
  Build: 1002
  SpecialBuildName: ""
  ptArchitecture: x86_64_linux
Results:
  Results Complete: true
  NumTestProcesses: 4
  CPU_INTEGER_MATH: 16663.415999999997
  CPU_FLOATINGPOINT_MATH: 8525.9731103354334
  CPU_PRIME: 35.698060759445646
  CPU_SORTING: 8745.3869640272751
  CPU_ENCRYPTION: 3606.0369537234692
  CPU_COMPRESSION: 62697.113871399706
  CPU_SINGLETHREAD: 2359.2732658690029
  CPU_PHYSICS: 713.92240521388533
  CPU_MATRIX_MULT_SSE: 3393.3945653825367
  CPU_mm: 359.60158419850904
  CPU_sse: 1582.0049195465988
  CPU_fma: 4346.7005846440134
  CPU_avx: 3210.9075581897864
  CPU_avx512: 4433.9651991497458
  m_CPU_enc_SHA: 3639984934.2307978
  m_CPU_enc_AES: 5498795265.5136156
  m_CPU_enc_ECDSA: 2204831214.6182079
  ME_ALLOC_S: 1962.2886372820872
  ME_READ_S: 23603.270703124999
  ME_READ_L: 10379.482421875
  ME_WRITE: 9717.5693359375
  ME_LARGE: 21561.25
  ME_LATENCY: 63.911944777422924
  ME_THREADED: 28632.626953125
  SUMM_CPU: 5830.3808463043788
  SUMM_ME: 2073.9807683337881
SystemInformation:
  OSName: Ubuntu 24.04.1 LTS
  Kernel: 6.8.0-1016-aws
  Device: ""
  Processor: Intel Xeon Platinum 8375C CPU @ 2.90GHz
  NumSockets: 1
  Manufacturer: GenuineIntel
  NumCores: 2
  NumLogicals: 4
  CPUFrequency: 0
  Memory: 31558
  MemModuleInfo:
    iNumMemSticks: 1
    DIMM 1:
      manufacturer: Not Specified
      modulePartNo: Not Specified
      memType: DDR4
      size: 32
      clkspeed: 1600
      moduleVoltage: 0
Checksum: 8CB8AB129E2C445FDD69AD82035A3D34A716C812