size_kb,operation,bandwidth_mb_s,latency_ns,latency_stddev_ns,latency_samples,threads,iterations,elapsed_s
16,read,602431.18,0,0,0,16,347705,0.144292
16,write,373277.66,0,0,0,16,321750,0.215490
16,copy,279988.17,0,0,0,16,321750,0.287289
16,latency,0,2.25,0.05,7,1,7,0.164584
64,read,448999.67,0,0,0,16,134264,0.299029
64,write,257929.30,0,0,0,16,92148,0.357261
64,copy,177227.72,0,0,0,16,66418,0.374761
64,latency,0,4.04,0.05,7,1,7,0.546567
2048,read,184812.60,0,0,0,16,3096,0.536067
2048,write,116365.18,0,0,0,16,2098,0.576942
2048,copy,11589.53,0,0,0,16,531,1.466151
2048,latency,0,16.12,0.06,7,1,7,0.693080
4096,read,37640.32,0,0,0,16,1409,2.395729
4096,write,18194.25,0,0,0,16,1032,3.630157
4096,copy,8607.24,0,0,0,16,291,2.163761
4096,latency,0,14.40,0.41,7,1,7,0.586408
8192,read,22505.30,0,0,0,16,529,3.008714
8192,write,13843.13,0,0,0,16,382,3.532148
8192,copy,7975.03,0,0,0,16,113,1.813661
8192,latency,0,14.65,0.08,7,1,7,0.688188
16384,read,20285.18,0,0,0,16,130,1.640607
16384,write,13058.56,0,0,0,16,105,2.058420
16384,copy,8216.70,0,0,0,16,51,1.588959
16384,latency,0,27.33,2.07,21,1,21,1.965263
32768,read,20467.04,0,0,0,16,51,1.275807
32768,write,13596.43,0,0,0,16,42,1.581591
32768,copy,8165.17,0,0,0,16,27,1.693044
32768,latency,0,60.14,2.03,7,1,7,1.419720
65536,read,20757.99,0,0,0,16,23,1.134599
65536,write,13321.72,0,0,0,16,21,1.614206
65536,copy,8387.46,0,0,0,16,14,1.709217
65536,latency,0,80.51,3.78,10,1,10,4.623262
