BaselineInfo:
  WebDBID: -1
  TimeStamp: 20241110071721
Version:
  Major: 11
  Minor: 0
  Build: 1002
  SpecialBuildName: ""
  ptArchitecture: x86_64_linux
Results:
  Results Complete: true
  NumTestProcesses: 48
  CPU_INTEGER_MATH: 289518.2383333334
  CPU_FLOATINGPOINT_MATH: 255317.07516733158
  CPU_PRIME: 944.52429532687131
  CPU_SORTING: 181564.33843208305
  CPU_ENCRYPTION: 62809.050040437491
  CPU_COMPRESSION: 1261693.3268597901
  CPU_SINGLETHREAD: 2889.413473094658
  CPU_PHYSICS: 16811.446089597637
  CPU_MATRIX_MULT_SSE: 119488.82868951031
  CPU_mm: 12497.965277627763
  CPU_sse: 55699.538462231314
  CPU_fma: 162988.55138433
  CPU_avx: 140380.65965707731
  CPU_avx512: 118886.56525440274
  m_CPU_enc_SHA: 86624482742.58374
  m_CPU_enc_AES: 54944720204.65033
  m_CPU_enc_ECDSA: 56010984418.371239
  ME_ALLOC_S: 31962.367881301281
  ME_READ_S: 27842.530859375001
  ME_READ_L: 27136.66015625
  ME_WRITE: 26454.18359375
  ME_LARGE: 745055.08333333337
  ME_LATENCY: 75.582972446177578
  ME_THREADED: 1083558.673828125
  SUMM_CPU: 82074.591354602569
  SUMM_ME: 2925.1002853616892
SystemInformation:
  OSName: Ubuntu 24.04.1 LTS
  Kernel: 6.8.0-1016-aws
  Device: ""
  Processor: AMD EPYC 9R14
  NumSockets: 2
  Manufacturer: AuthenticAMD
  NumCores: 48
  NumLogicals: 48
  CPUFrequency: 0
  Memory: 757820
  MemModuleInfo:
    iNumMemSticks: 2
    DIMM 1:
      manufacturer: Not Specified
      modulePartNo: Not Specified
      memType: DDR5
      size: 384
      clkspeed: 2400
      moduleVoltage: 0
    DIMM 2:
      manufacturer: Not Specified
      modulePartNo: Not Specified
      memType: DDR5
      size: 384
      clkspeed: 2400
      moduleVoltage: 0
Checksum: A87035B233F12D3E062B7493C3851357A7117B86