BaselineInfo:
  WebDBID: -1
  TimeStamp: 20241108053847
Version:
  Major: 11
  Minor: 0
  Build: 1002
  SpecialBuildName: ""
  ptArchitecture: x86_64_linux
Results:
  Results Complete: true
  NumTestProcesses: 8
  CPU_INTEGER_MATH: 33027.117333333335
  CPU_FLOATINGPOINT_MATH: 17705.239337569903
  CPU_PRIME: 61.086772406662156
  CPU_SORTING: 16890.90817478433
  CPU_ENCRYPTION: 4552.3482741531807
  CPU_COMPRESSION: 147545.13793644795
  CPU_SINGLETHREAD: 2632.8514923656267
  CPU_PHYSICS: 1042.3141541791774
  CPU_MATRIX_MULT_SSE: 8487.0399601146255
  CPU_mm: 1003.2156863336635
  CPU_sse: 3622.3428539423994
  CPU_fma: 10335.310355046717
  CPU_avx: 7295.2163775727986
  CPU_avx512: 12695.290253896585
  m_CPU_enc_SHA: 1491359119.0889282
  m_CPU_enc_AES: 11495266759.91576
  m_CPU_enc_ECDSA: 1333823552.7506444
  ME_ALLOC_S: 3418.035972015623
  ME_READ_S: 30778.237695312499
  ME_READ_L: 11778.9482421875
  ME_WRITE: 11250.7890625
  ME_LARGE: 21355.166666666668
  ME_LATENCY: 49.797953789379477
  ME_THREADED: 51879.4501953125
  SUMM_CPU: 11012.220881541713
  SUMM_ME: 2660.9402317630743
SystemInformation:
  OSName: Ubuntu 24.04.1 LTS
  Kernel: 6.8.0-1016-aws
  Device: ""
  Processor: Intel Xeon Platinum 8252C CPU @ 3.80GHz
  NumSockets: 1
  Manufacturer: GenuineIntel
  NumCores: 4
  NumLogicals: 8
  CPUFrequency: 0
  Memory: 31386
  MemModuleInfo:
    iNumMemSticks: 1
    DIMM 1:
      manufacturer: Not Specified
      modulePartNo: Not Specified
      memType: DDR4
      size: 32
      clkspeed: 1466
      moduleVoltage: 0
Checksum: 1943574B9E433878454A172D6290B270AEF974FB