BaselineInfo:
  WebDBID: -1
  TimeStamp: 20260630122301
Version:
  Major: 11
  Minor: 0
  Build: 1004
  SpecialBuildName: ""
  ptArchitecture: x86_64_linux
Results:
  Results Complete: true
  NumTestProcesses: 32
  CPU_INTEGER_MATH: 171839.90366666665
  CPU_FLOATINGPOINT_MATH: 118805.6461024584
  CPU_PRIME: 425.67336023272685
  CPU_SORTING: 92596.474393451994
  CPU_ENCRYPTION: 39771.173674683501
  CPU_COMPRESSION: 662061.25989282678
  CPU_SINGLETHREAD: 2814.8173280122801
  CPU_PHYSICS: 6208.7995732934523
  CPU_MATRIX_MULT_SSE: 41910.244736516448
  CPU_mm: 4906.9074493699263
  CPU_sse: 20568.522521653747
  CPU_fma: 58939.156887615049
  CPU_avx: 46223.054800280581
  CPU_avx512: 0
  m_CPU_enc_SHA: 56860356148.44677
  m_CPU_enc_AES: 36238232628.866768
  m_CPU_enc_ECDSA: 32010705844.001236
  ME_ALLOC_S: 14798.938893042214
  ME_READ_S: 28004.868750000001
  ME_READ_L: 17016.87109375
  ME_WRITE: 17298.44140625
  ME_LARGE: 55347.583333333336
  ME_LATENCY: 60.061675577968238
  ME_THREADED: 142354.75341796875
  SUMM_CPU: 51157.145652168147
  SUMM_ME: 2954.3929997904597
SystemInformation:
  OSName: Ubuntu 24.04.4 LTS
  Kernel: 6.8.0-124-generic
  Device: ""
  Processor: AMD EPYC-Rome Processor
  NumSockets: 2
  Manufacturer: AuthenticAMD
  NumCores: 16
  NumLogicals: 32
  CPUFrequency: 0
  CPUMaxFrequency: 0
  Memory: 64288
  CPUInfo:
    number: 2
    Family: 15
    Model: 1
    stepping: 0
    features: 395049983
    manufacture: AuthenticAMD
    typestring: AMD EPYC-Rome Processor
    iCoresPerPackage: 8
    iThreadsPerPackage: 2
    featuresEx:
      - 395049983
      - 4277678595
      - 802421759
    bHybrid: false
    nPCore: 0
    nLogicalsPerPCore: 0
    nECore: 0
    nLogicalsPerECore: 0
  MemModuleInfo:
    iNumMemSticks: 4
    DIMM 1:
      manufacturer: QEMU
      modulePartNo: Not Specified
      memType: RAM
      size: 16
      clkspeed: 0
      moduleVoltage: 0
    DIMM 2:
      manufacturer: QEMU
      modulePartNo: Not Specified
      memType: RAM
      size: 16
      clkspeed: 0
      moduleVoltage: 0
    DIMM 3:
      manufacturer: QEMU
      modulePartNo: Not Specified
      memType: RAM
      size: 16
      clkspeed: 0
      moduleVoltage: 0
    DIMM 4:
      manufacturer: QEMU
      modulePartNo: Not Specified
      memType: RAM
      size: 16
      clkspeed: 0
      moduleVoltage: 0
Checksum: BDB95A20F3C259892CEB92AC803DB593EE05812A