BaselineInfo:
  WebDBID: -1
  TimeStamp: 20260617051220
Version:
  Major: 11
  Minor: 0
  Build: 1004
  SpecialBuildName: ""
  ptArchitecture: x86_64_linux
Results:
  Results Complete: true
  NumTestProcesses: 2
  CPU_INTEGER_MATH: 5828.5793333333331
  CPU_FLOATINGPOINT_MATH: 3135.9888690893331
  CPU_PRIME: 15.134295836548858
  CPU_SORTING: 3625.7288045967498
  CPU_ENCRYPTION: 807.40074120879467
  CPU_COMPRESSION: 26969.181182660257
  CPU_SINGLETHREAD: 1948.2837152281379
  CPU_PHYSICS: 282.93497830782042
  CPU_MATRIX_MULT_SSE: 1510.1248245406523
  CPU_mm: 176.91422167512098
  CPU_sse: 635.98001362464106
  CPU_fma: 1963.6949959906181
  CPU_avx: 1384.5858002017321
  CPU_avx512: 2056.238488345618
  m_CPU_enc_SHA: 262901739.99591872
  m_CPU_enc_AES: 2040408314.2521191
  m_CPU_enc_ECDSA: 236553064.59322131
  ME_ALLOC_S: 729.60612658926902
  ME_READ_S: 22705.77734375
  ME_READ_L: 9854.7021484375
  ME_WRITE: 9672.0966796875
  ME_LARGE: 2803.1666666666665
  ME_LATENCY: 53.915064248559929
  ME_THREADED: 12596.7041015625
  SUMM_CPU: 2151.5696525763419
  SUMM_ME: 1515.4856269324421
SystemInformation:
  OSName: Ubuntu 24.04.4 LTS
  Kernel: 6.8.0-117-generic
  Device: ""
  Processor: Intel(R) Xeon(R) Platinum 8269CY CPU @ 2.50GHz
  NumSockets: 1
  Manufacturer: GenuineIntel
  NumCores: 1
  NumLogicals: 2
  CPUFrequency: 2500
  CPUMaxFrequency: 3800
  Memory: 7288
  CPUInfo:
    number: 1
    Family: 6
    Model: 5
    stepping: 7
    features: 529267711
    manufacture: GenuineIntel
    typestring: Intel(R) Xeon(R) Platinum 8269CY CPU @ 2.50GHz
    iCoresPerPackage: 0
    iThreadsPerPackage: 0
    featuresEx:
      - 529267711
      - 4277809667
      - 739248128
    bHybrid: false
    nPCore: 0
    nLogicalsPerPCore: 0
    nECore: 0
    nLogicalsPerECore: 0
  MemModuleInfo:
    iNumMemSticks: 1
    DIMM 1:
      manufacturer: Alibaba Cloud
      modulePartNo: Not Specified
      memType: RAM
      size: 8
      clkspeed: 0
      moduleVoltage: 0
Checksum: 69DD0D8ACEC58D2BD8DDB65F4DE130B2A9635CA6