BaselineInfo:
  WebDBID: -1
  TimeStamp: 20250117000542
Version:
  Major: 11
  Minor: 0
  Build: 1002
  SpecialBuildName: ""
  ptArchitecture: x86_64_linux
Results:
  Results Complete: true
  NumTestProcesses: 48
  CPU_INTEGER_MATH: 240404.86399999997
  CPU_FLOATINGPOINT_MATH: 171105.83003628935
  CPU_PRIME: 377.45033434518018
  CPU_SORTING: 115630.45754770748
  CPU_ENCRYPTION: 52772.612785307341
  CPU_COMPRESSION: 857088.24389953411
  CPU_SINGLETHREAD: 3093.268522354228
  CPU_PHYSICS: 7668.927848340466
  CPU_MATRIX_MULT_SSE: 66839.976592223233
  CPU_mm: 6794.0288787617919
  CPU_sse: 29495.008262817315
  CPU_fma: 71210.379190701307
  CPU_avx: 59960.698642014184
  CPU_avx512: 106693.82027336014
  m_CPU_enc_SHA: 55975751148.368546
  m_CPU_enc_AES: 72619308226.972946
  m_CPU_enc_ECDSA: 37413226296.557755
  ME_ALLOC_S: 24374.114899397402
  ME_READ_S: 26700.676953124999
  ME_READ_L: 9414.3779296875
  ME_WRITE: 13317.1748046875
  ME_LARGE: 176993.5
  ME_LATENCY: 72.298790101236548
  ME_THREADED: 226585.75244140625
  SUMM_CPU: 65038.345994348034
  SUMM_ME: 2394.9310510012624
SystemInformation:
  OSName: Ubuntu 24.04.1 LTS
  Kernel: 6.8.0-1021-aws
  Device: ""
  Processor: Intel Xeon Platinum 8488C
  NumSockets: 1
  Manufacturer: GenuineIntel
  NumCores: 24
  NumLogicals: 48
  CPUFrequency: 0
  Memory: 190156
  MemModuleInfo:
    iNumMemSticks: 1
    DIMM 1:
      manufacturer: Not Specified
      modulePartNo: Not Specified
      memType: DDR5
      size: 192
      clkspeed: 2400
      moduleVoltage: 0
Checksum: 5F335953E42CE638BF80AE96B9A1DC3BEA08C79A