---
system-info:
      stress-ng-version: 0.17.08
      run-by: root
      date-yyyy-mm-dd: 2024:06:13
      time-hh-mm-ss: 07:41:26
      epoch-secs: 1718264486
      hostname: ab1063e1aa77
      sysname: Linux
      nodename: ab1063e1aa77
      release: 6.8.0-1008-aws
      version: '#8-Ubuntu SMP Sat Apr 20 00:46:25 UTC 2024'
      machine: x86_64
      compiler: 'musl-gcc 13.2.1'
      uptime: 171
      totalram: 128684679168
      freeram: 124140371968
      sharedram: 48574464
      bufferram: 107159552
      totalswap: 0
      freeswap: 0
      pagesize: 4096
      cpus: 16
      cpus-online: 16
      ticks-per-second: 100

metrics:
    - stressor: cpu
      bogo-ops: 17655
      bogo-ops-per-second-usr-sys-time: 882.773261
      bogo-ops-per-second-real-time: 882.747569
      wall-clock-time: 20.000055
      user-time: 19.999473
      system-time: 0.000000
      cpu-usage-per-instance: 99.997090
      max-rss: 1104

...
