---
system-info:
      stress-ng-version: 0.17.08
      run-by: root
      date-yyyy-mm-dd: 2024:06:07
      time-hh-mm-ss: 11:28:29
      epoch-secs: 1717759709
      hostname: efaa02958b27
      sysname: Linux
      nodename: efaa02958b27
      release: 6.8.0-1008-aws
      version: '#8-Ubuntu SMP Sat Apr 20 00:46:25 UTC 2024'
      machine: x86_64
      compiler: 'musl-gcc 13.2.1'
      uptime: 147
      totalram: 128684683264
      freeram: 124270112768
      sharedram: 48574464
      bufferram: 90394624
      totalswap: 0
      freeswap: 0
      pagesize: 4096
      cpus: 16
      cpus-online: 16
      ticks-per-second: 100

metrics:
    - stressor: cpu
      bogo-ops: 11754
      bogo-ops-per-second-usr-sys-time: 1175.124786
      bogo-ops-per-second-real-time: 1175.138345
      wall-clock-time: 10.002227
      user-time: 10.002342
      system-time: 0.000000
      cpu-usage-per-instance: 100.001154
      max-rss: 4048

...
