BaselineInfo:
  WebDBID: -1
  TimeStamp: 20241109094454
Version:
  Major: 11
  Minor: 0
  Build: 1002
  SpecialBuildName: ""
  ptArchitecture: x86_64_linux
Results:
  Results Complete: true
  NumTestProcesses: 48
  CPU_INTEGER_MATH: 147448.7766666667
  CPU_FLOATINGPOINT_MATH: 79746.163808116689
  CPU_PRIME: 167.26580936577122
  CPU_SORTING: 66347.884228054623
  CPU_ENCRYPTION: 18026.362784289711
  CPU_COMPRESSION: 591743.90768518811
  CPU_SINGLETHREAD: 2115.2876984607215
  CPU_PHYSICS: 2518.3870050130049
  CPU_MATRIX_MULT_SSE: 37359.251441625558
  CPU_mm: 3844.3370394381568
  CPU_sse: 13869.591168881521
  CPU_fma: 44283.848642703007
  CPU_avx: 32243.489498068313
  CPU_avx512: 59040.076456849405
  m_CPU_enc_SHA: 6101335015.0101357
  m_CPU_enc_AES: 45139563486.734909
  m_CPU_enc_ECDSA: 5465135646.9530735
  ME_ALLOC_S: 15582.992224288815
  ME_READ_S: 24494.963281249999
  ME_READ_L: 11230.8515625
  ME_WRITE: 10438.6357421875
  ME_LARGE: 181832.66666666666
  ME_LATENCY: 48.095475687020119
  ME_THREADED: 106582.9130859375
  SUMM_CPU: 35712.263630642934
  SUMM_ME: 2813.2068218764371
SystemInformation:
  OSName: Ubuntu 24.04.1 LTS
  Kernel: 6.8.0-1017-azure
  Device: ""
  Processor: Intel Xeon Platinum 8272CL CPU @ 2.60GHz
  NumSockets: 1
  Manufacturer: GenuineIntel
  NumCores: 24
  NumLogicals: 48
  CPUFrequency: 0
  Memory: 193212
  MemModuleInfo:
    iNumMemSticks: 3
    DIMM 1:
      manufacturer: Microsoft Corporation
      modulePartNo: None
      memType: Unknown
      size: 1
      clkspeed: 0
      moduleVoltage: 0
    DIMM 2:
      manufacturer: Microsoft Corporation
      modulePartNo: None
      memType: Unknown
      size: 60928
      clkspeed: 0
      moduleVoltage: 0
    DIMM 3:
      manufacturer: Microsoft Corporation
      modulePartNo: None
      memType: Unknown
      size: 134656
      clkspeed: 0
      moduleVoltage: 0
Checksum: 4119B5F5E805CFD6566DF8FB7CF129E0486DAA11