BaselineInfo:
  WebDBID: -1
  TimeStamp: 20260619181237
Version:
  Major: 11
  Minor: 0
  Build: 1004
  SpecialBuildName: ""
  ptArchitecture: x86_64_linux
Results:
  Results Complete: true
  NumTestProcesses: 4
  CPU_INTEGER_MATH: 21587.502666666667
  CPU_FLOATINGPOINT_MATH: 15652.189939682667
  CPU_PRIME: 46.989206099597183
  CPU_SORTING: 11204.697716060515
  CPU_ENCRYPTION: 4822.9281144371025
  CPU_COMPRESSION: 86319.942994423429
  CPU_SINGLETHREAD: 3419.7656631466598
  CPU_PHYSICS: 1015.8749483114887
  CPU_MATRIX_MULT_SSE: 5479.8358507636867
  CPU_mm: 597.34188492779776
  CPU_sse: 2611.8795036592028
  CPU_fma: 6816.4281807579791
  CPU_avx: 5139.8425252962934
  CPU_avx512: 7351.1931933412716
  m_CPU_enc_SHA: 5040481261.8049088
  m_CPU_enc_AES: 6573885382.80867
  m_CPU_enc_ECDSA: 3557253366.9584188
  ME_ALLOC_S: 2151.7110683929573
  ME_READ_S: 30281.8330078125
  ME_READ_L: 18987.36328125
  ME_WRITE: 8167.38037109375
  ME_LARGE: 23841
  ME_LATENCY: 79.012230335465333
  ME_THREADED: 52585.1015625
  SUMM_CPU: 8394.9957313510822
  SUMM_ME: 2168.9666534295616
SystemInformation:
  OSName: Ubuntu 24.04.4 LTS
  Kernel: 6.17.0-1018-azure
  Device: ""
  Processor: Intel(R) Xeon(R) 6973P-C
  NumSockets: 1
  Manufacturer: GenuineIntel
  NumCores: 2
  NumLogicals: 4
  CPUFrequency: 2600
  CPUMaxFrequency: 2600
  Memory: 32092
  CPUInfo:
    number: 1
    Family: 6
    Model: 13
    stepping: 1
    features: 529267711
    manufacture: GenuineIntel
    typestring: Intel(R) Xeon(R) 6973P-C
    iCoresPerPackage: 2
    iThreadsPerPackage: 2
    featuresEx:
      - 529267711
      - 4294586915
      - 739248128
    bHybrid: false
    nPCore: 0
    nLogicalsPerPCore: 0
    nECore: 0
    nLogicalsPerECore: 0
  MemModuleInfo:
    iNumMemSticks: 2
    DIMM 1:
      manufacturer: Microsoft Corporation
      modulePartNo: None
      memType: Unknown
      size: 1
      clkspeed: 0
      moduleVoltage: 0
    DIMM 2:
      manufacturer: Microsoft Corporation
      modulePartNo: None
      memType: Unknown
      size: 31
      clkspeed: 0
      moduleVoltage: 0
Checksum: DF658D34E433CB90B48ED62F7303393DF2203CD9