BaselineInfo:
  WebDBID: -1
  TimeStamp: 20241108211953
Version:
  Major: 11
  Minor: 0
  Build: 1002
  SpecialBuildName: ""
  ptArchitecture: x86_64_linux
Results:
  Results Complete: true
  NumTestProcesses: 48
  CPU_INTEGER_MATH: 199359.92966666666
  CPU_FLOATINGPOINT_MATH: 109576.14204617015
  CPU_PRIME: 290.55129163299654
  CPU_SORTING: 105175.46055240216
  CPU_ENCRYPTION: 51471.879204206482
  CPU_COMPRESSION: 757261.88018390222
  CPU_SINGLETHREAD: 2394.8975139788849
  CPU_PHYSICS: 5335.2582330711975
  CPU_MATRIX_MULT_SSE: 44986.612579968365
  CPU_mm: 5392.7641730210362
  CPU_sse: 22913.41206103703
  CPU_fma: 62498.984047783415
  CPU_avx: 49547.441631084643
  CPU_avx512: 0
  m_CPU_enc_SHA: 74596821475.637741
  m_CPU_enc_AES: 47686050730.695236
  m_CPU_enc_ECDSA: 39633659418.957062
  ME_ALLOC_S: 20323.092937458936
  ME_READ_S: 24461.5927734375
  ME_READ_L: 20171.927734375
  ME_WRITE: 19485.609375
  ME_LARGE: 181919.75
  ME_LATENCY: 63.353979433898466
  ME_THREADED: 125334.1015625
  SUMM_CPU: 51568.067184128719
  SUMM_ME: 2917.8245111970264
SystemInformation:
  OSName: Ubuntu 24.04.1 LTS
  Kernel: 6.8.0-1017-azure
  Device: ""
  Processor: AMD EPYC 7763 64-Core Processor
  NumSockets: 1
  Manufacturer: AuthenticAMD
  NumCores: 24
  NumLogicals: 48
  CPUFrequency: 0
  Memory: 193212
  MemModuleInfo:
    iNumMemSticks: 3
    DIMM 1:
      manufacturer: Microsoft Corporation
      modulePartNo: None
      memType: Unknown
      size: 1
      clkspeed: 0
      moduleVoltage: 0
    DIMM 2:
      manufacturer: Microsoft Corporation
      modulePartNo: None
      memType: Unknown
      size: 59
      clkspeed: 0
      moduleVoltage: 0
    DIMM 3:
      manufacturer: Microsoft Corporation
      modulePartNo: None
      memType: Unknown
      size: 132
      clkspeed: 0
      moduleVoltage: 0
Checksum: 2FB19C0136310A0933DB3B3102154E1D52F39330