BaselineInfo:
  WebDBID: -1
  TimeStamp: 20241108203458
Version:
  Major: 11
  Minor: 0
  Build: 1002
  SpecialBuildName: ""
  ptArchitecture: x86_64_linux
Results:
  Results Complete: true
  NumTestProcesses: 32
  CPU_INTEGER_MATH: 157772.86299999998
  CPU_FLOATINGPOINT_MATH: 111188.46212723965
  CPU_PRIME: 275.76258490359112
  CPU_SORTING: 76310.24697109191
  CPU_ENCRYPTION: 34473.762863477648
  CPU_COMPRESSION: 562292.19074684661
  CPU_SINGLETHREAD: 3081.786728364425
  CPU_PHYSICS: 5626.2702951381434
  CPU_MATRIX_MULT_SSE: 40712.007231186974
  CPU_mm: 4432.0746738529733
  CPU_sse: 19112.52697768811
  CPU_fma: 43944.308851141912
  CPU_avx: 37023.329134060106
  CPU_avx512: 62767.86396185778
  m_CPU_enc_SHA: 36262717967.570801
  m_CPU_enc_AES: 47492887480.94001
  m_CPU_enc_ECDSA: 24689475656.491001
  ME_ALLOC_S: 16314.404941139497
  ME_READ_S: 27800.9345703125
  ME_READ_L: 8982.638671875
  ME_WRITE: 12493.0400390625
  ME_LARGE: 115892.5
  ME_LATENCY: 82.944813647193186
  ME_THREADED: 162962.27734375
  SUMM_CPU: 47332.257078913848
  SUMM_ME: 2187.9722957948525
SystemInformation:
  OSName: Ubuntu 24.04.1 LTS
  Kernel: 6.8.0-1016-aws
  Device: ""
  Processor: Intel Xeon Platinum 8488C
  NumSockets: 1
  Manufacturer: GenuineIntel
  NumCores: 16
  NumLogicals: 32
  CPUFrequency: 0
  Memory: 126756
  MemModuleInfo:
    iNumMemSticks: 1
    DIMM 1:
      manufacturer: Not Specified
      modulePartNo: Not Specified
      memType: DDR5
      size: 128
      clkspeed: 2400
      moduleVoltage: 0
Checksum: FD7148478DD8C146768A7C3A05C2639357553104