---
system-info:
      stress-ng-version: 0.17.08
      run-by: root
      date-yyyy-mm-dd: 2024:06:14
      time-hh-mm-ss: 09:41:01
      epoch-secs: 1718358061
      hostname: 7ac5fac897a5
      sysname: Linux
      nodename: 7ac5fac897a5
      release: 6.8.0-1008-aws
      version: '#8-Ubuntu SMP Sat Apr 20 02:43:14 UTC 2024'
      machine: aarch64
      compiler: 'musl-gcc 13.2.1'
      uptime: 147
      totalram: 1920217088
      freeram: 178257920
      sharedram: 35020800
      bufferram: 98017280
      totalswap: 0
      freeswap: 0
      pagesize: 4096
      cpus: 1
      cpus-online: 1
      ticks-per-second: 100

metrics:
    - stressor: cpu
      bogo-ops: 30233
      bogo-ops-per-second-usr-sys-time: 1532.330641
      bogo-ops-per-second-real-time: 1511.639512
      wall-clock-time: 20.000139
      user-time: 19.730076
      system-time: 0.000000
      cpu-usage-per-instance: 98.649696
      max-rss: 1192

...
