---
system-info:
      stress-ng-version: 0.17.08
      run-by: root
      date-yyyy-mm-dd: 2024:06:06
      time-hh-mm-ss: 15:41:29
      epoch-secs: 1717688489
      hostname: 6b816cd5ff52
      sysname: Linux
      nodename: 6b816cd5ff52
      release: 6.8.0-1008-aws
      version: '#8-Ubuntu SMP Sat Apr 20 02:43:14 UTC 2024'
      machine: aarch64
      compiler: 'musl-gcc 13.2.1'
      uptime: 124
      totalram: 1920221184
      freeram: 130695168
      sharedram: 35020800
      bufferram: 71798784
      totalswap: 0
      freeswap: 0
      pagesize: 4096
      cpus: 1
      cpus-online: 1
      ticks-per-second: 100

metrics:
    - stressor: cpu
      bogo-ops: 4202
      bogo-ops-per-second-usr-sys-time: 424.894833
      bogo-ops-per-second-real-time: 420.181587
      wall-clock-time: 10.000438
      user-time: 9.887520
      system-time: 0.001986
      cpu-usage-per-instance: 98.890726
      max-rss: 4264

...
