---
system-info:
      stress-ng-version: 0.17.08
      run-by: root
      date-yyyy-mm-dd: 2024:09:20
      time-hh-mm-ss: 02:18:50
      epoch-secs: 1726798730
      hostname: sc-runner
      sysname: Linux
      nodename: sc-runner
      release: 6.8.0-1014-azure
      version: '#16-Ubuntu SMP Thu Aug 15 20:04:41 UTC 2024'
      machine: x86_64
      compiler: 'musl-gcc 13.2.1'
      uptime: 295
      totalram: 8323645440
      freeram: 334442496
      sharedram: 38100992
      bufferram: 237182976
      totalswap: 0
      freeswap: 0
      pagesize: 4096
      cpus: 2
      cpus-online: 2
      ticks-per-second: 100

metrics:
    - stressor: cpu
      bogo-ops: 53823
      bogo-ops-per-second-usr-sys-time: 1357.996937
      bogo-ops-per-second-real-time: 2691.146006
      wall-clock-time: 20.000030
      user-time: 39.625132
      system-time: 0.008978
      cpu-usage-per-instance: 99.085128
      max-rss: 1104

...
