BaselineInfo:
  WebDBID: -1
  TimeStamp: 20260708003039
Version:
  Major: 11
  Minor: 0
  Build: 1004
  SpecialBuildName: ""
  ptArchitecture: x86_64_linux
Results:
  Results Complete: true
  NumTestProcesses: 2
  CPU_INTEGER_MATH: 12380.483
  CPU_FLOATINGPOINT_MATH: 7634.2143153522484
  CPU_PRIME: 32.316401806802276
  CPU_SORTING: 6263.2228126129103
  CPU_ENCRYPTION: 2520.3456331123507
  CPU_COMPRESSION: 47965.420495305611
  CPU_SINGLETHREAD: 3537.0984761598315
  CPU_PHYSICS: 656.35647234812404
  CPU_MATRIX_MULT_SSE: 3691.0320737398465
  CPU_mm: 362.27488127676594
  CPU_sse: 1357.7541694288236
  CPU_fma: 4139.6360258796212
  CPU_avx: 4066.105996467385
  CPU_avx512: 5200.632103183556
  m_CPU_enc_SHA: 3170095275.2393341
  m_CPU_enc_AES: 2570690742.9315281
  m_CPU_enc_ECDSA: 2187535809.588387
  ME_ALLOC_S: 1359.4278476020274
  ME_READ_S: 32250.773242187501
  ME_READ_L: 28586.740234375
  ME_WRITE: 28808.708984375
  ME_LARGE: 1859
  ME_LATENCY: 83.090557355564798
  ME_THREADED: 41978.57421875
  SUMM_CPU: 4812.9991375815862
  SUMM_ME: 1692.107825937599
SystemInformation:
  OSName: Ubuntu 24.04.4 LTS
  Kernel: 6.17.0-1018-azure
  Device: ""
  Processor: "AMD EPYC 9V45 96-Core Processor                "
  NumSockets: 1
  Manufacturer: AuthenticAMD
  NumCores: 1
  NumLogicals: 2
  CPUFrequency: 0
  CPUMaxFrequency: 0
  Memory: 3912
  CPUInfo:
    number: 1
    Family: 15
    Model: 2
    stepping: 1
    features: 395049983
    manufacture: AuthenticAMD
    typestring: "AMD EPYC 9V45 96-Core Processor                "
    iCoresPerPackage: 8
    iThreadsPerPackage: 2
    featuresEx:
      - 395049983
      - 4277809667
      - 802421759
    bHybrid: false
    nPCore: 0
    nLogicalsPerPCore: 0
    nECore: 0
    nLogicalsPerECore: 0
  MemModuleInfo:
    iNumMemSticks: 2
    DIMM 1:
      manufacturer: Microsoft Corporation
      modulePartNo: None
      memType: Unknown
      size: 1
      clkspeed: 0
      moduleVoltage: 0
    DIMM 2:
      manufacturer: Microsoft Corporation
      modulePartNo: None
      memType: Unknown
      size: 3
      clkspeed: 0
      moduleVoltage: 0
Checksum: 32723DBA55A201D527FFA3D33B10020C418D9C0E