---
system-info:
      stress-ng-version: 0.17.08
      run-by: root
      date-yyyy-mm-dd: 2024:06:07
      time-hh-mm-ss: 13:32:14
      epoch-secs: 1717767134
      hostname: dca2f27bd8ae
      sysname: Linux
      nodename: dca2f27bd8ae
      release: 6.8.0-1008-aws
      version: '#8-Ubuntu SMP Sat Apr 20 02:43:14 UTC 2024'
      machine: aarch64
      compiler: 'musl-gcc 13.2.1'
      uptime: 140
      totalram: 534444892160
      freeram: 529712771072
      sharedram: 35008512
      bufferram: 90439680
      totalswap: 0
      freeswap: 0
      pagesize: 4096
      cpus: 64
      cpus-online: 64
      ticks-per-second: 100

metrics:
    - stressor: cpu
      bogo-ops: 2940
      bogo-ops-per-second-usr-sys-time: 293.125928
      bogo-ops-per-second-real-time: 293.133725
      wall-clock-time: 10.029552
      user-time: 10.027820
      system-time: 0.001999
      cpu-usage-per-instance: 100.002660
      max-rss: 3584

...
