---
system-info:
      stress-ng-version: 0.17.08
      run-by: root
      date-yyyy-mm-dd: 2024:06:16
      time-hh-mm-ss: 08:56:24
      epoch-secs: 1718528184
      hostname: db0706f28a33
      sysname: Linux
      nodename: db0706f28a33
      release: 6.8.0-1008-aws
      version: '#8-Ubuntu SMP Sat Apr 20 02:43:14 UTC 2024'
      machine: aarch64
      compiler: 'musl-gcc 13.2.1'
      uptime: 164
      totalram: 534444896256
      freeram: 529578426368
      sharedram: 35008512
      bufferram: 110891008
      totalswap: 0
      freeswap: 0
      pagesize: 4096
      cpus: 64
      cpus-online: 64
      ticks-per-second: 100

metrics:
    - stressor: cpu
      bogo-ops: 30381
      bogo-ops-per-second-usr-sys-time: 1519.011873
      bogo-ops-per-second-real-time: 1519.048117
      wall-clock-time: 20.000025
      user-time: 20.000502
      system-time: 0.000000
      cpu-usage-per-instance: 100.002386
      max-rss: 512

...
