---
system-info:
      stress-ng-version: 0.17.08
      run-by: root
      date-yyyy-mm-dd: 2024:09:03
      time-hh-mm-ss: 17:53:52
      epoch-secs: 1725386032
      hostname: sc-runner
      sysname: Linux
      nodename: sc-runner
      release: 6.8.0-1013-azure
      version: '#15-Ubuntu SMP Thu Aug  8 18:40:40 UTC 2024'
      machine: x86_64
      compiler: 'musl-gcc 13.2.1'
      uptime: 328
      totalram: 67422388224
      freeram: 58757398528
      sharedram: 54935552
      bufferram: 214765568
      totalswap: 0
      freeswap: 0
      pagesize: 4096
      cpus: 8
      cpus-online: 8
      ticks-per-second: 100

metrics:
    - stressor: cpu
      bogo-ops: 155195
      bogo-ops-per-second-usr-sys-time: 972.009520
      bogo-ops-per-second-real-time: 7759.718364
      wall-clock-time: 20.000082
      user-time: 159.643083
      system-time: 0.020991
      cpu-usage-per-instance: 99.789639
      max-rss: 3128

...
