---
system-info:
      stress-ng-version: 0.17.08
      run-by: root
      date-yyyy-mm-dd: 2024:09:16
      time-hh-mm-ss: 16:14:19
      epoch-secs: 1726503259
      hostname: sc-runner
      sysname: Linux
      nodename: sc-runner
      release: 6.8.0-1014-azure
      version: '#16-Ubuntu SMP Thu Aug 15 20:04:41 UTC 2024'
      machine: x86_64
      compiler: 'musl-gcc 13.2.1'
      uptime: 277
      totalram: 67422388224
      freeram: 57212346368
      sharedram: 54935552
      bufferram: 228888576
      totalswap: 0
      freeswap: 0
      pagesize: 4096
      cpus: 8
      cpus-online: 8
      ticks-per-second: 100

metrics:
    - stressor: cpu
      bogo-ops: 155050
      bogo-ops-per-second-usr-sys-time: 971.168412
      bogo-ops-per-second-real-time: 7752.467296
      wall-clock-time: 20.000084
      user-time: 159.629056
      system-time: 0.023995
      cpu-usage-per-instance: 99.782736
      max-rss: 3152

...
