size_kb,operation,bandwidth_mb_s,latency_ns,latency_stddev_ns,latency_samples,threads,iterations,elapsed_s
32,read,5178134.88,0,0,0,96,510203,0.295591
32,write,3600795.78,0,0,0,96,462107,0.385004
32,copy,2747361.71,0,0,0,96,499002,0.544889
32,latency,0,0.99,0.00,7,1,7,0.141690
128,read,5231128.12,0,0,0,96,211685,0.485597
128,write,4716806.08,0,0,0,96,160051,0.407185
128,copy,3209726.35,0,0,0,96,106202,0.397051
128,latency,0,2.73,0.00,7,1,7,0.704529
512,read,4598690.48,0,0,0,96,56740,0.592238
512,write,4681488.50,0,0,0,96,40199,0.412166
512,copy,2156473.81,0,0,0,96,18063,0.402056
512,latency,0,3.73,0.07,7,1,7,0.651388
1024,read,4216828.55,0,0,0,96,21280,0.484459
1024,write,4144102.80,0,0,0,96,17868,0.413920
1024,copy,1745200.83,0,0,0,96,6918,0.380545
1024,latency,0,5.63,0.01,7,1,7,0.658665
2048,read,3494398.33,0,0,0,96,6626,0.364066
2048,write,3112281.86,0,0,0,96,7033,0.433873
2048,copy,731421.04,0,0,0,96,6507,1.708105
2048,latency,0,10.06,0.01,7,1,7,0.699041
8192,read,691800.58,0,0,0,96,1338,1.485376
8192,write,551371.48,0,0,0,96,1299,1.809365
8192,copy,122603.22,0,0,0,96,740,4.635441
8192,latency,0,11.44,0.03,7,1,7,0.700408
16384,read,343772.77,0,0,0,96,1194,5.334873
16384,write,201261.60,0,0,0,96,592,4.518060
16384,copy,105460.94,0,0,0,96,321,4.675248
16384,latency,0,11.94,0.01,7,1,7,0.673101
32768,read,290050.66,0,0,0,96,316,3.346836
32768,write,159567.19,0,0,0,96,238,4.581995
32768,copy,106142.09,0,0,0,96,137,3.965100
32768,latency,0,14.38,0.29,7,1,7,0.781752
65536,read,273663.69,0,0,0,96,152,3.412539
65536,write,158635.24,0,0,0,96,107,4.144149
65536,copy,102406.65,0,0,0,96,63,3.779754
65536,latency,0,72.19,0.36,7,1,7,3.120380
131072,read,272247.30,0,0,0,96,72,3.249751
131072,write,159788.93,0,0,0,96,49,3.768171
131072,copy,101532.34,0,0,0,96,34,4.114866
131072,latency,0,97.18,0.34,7,1,7,8.383498
