BaselineInfo:
  WebDBID: -1
  TimeStamp: 20250421192637
Version:
  Major: 11
  Minor: 0
  Build: 1002
  SpecialBuildName: ""
  ptArchitecture: aarch64_linux
Results:
  Results Complete: true
  NumTestProcesses: 48
  CPU_INTEGER_MATH: 250387.13266666664
  CPU_FLOATINGPOINT_MATH: 290966.50799790747
  CPU_PRIME: 507.4825524626545
  CPU_SORTING: 219286.50360790818
  CPU_ENCRYPTION: 9066.9790757891078
  CPU_COMPRESSION: 319120.83200195554
  CPU_SINGLETHREAD: 1941.2833880418684
  CPU_PHYSICS: 11868.802022659382
  CPU_MATRIX_MULT_SSE: 43768.616289825884
  CPU_mm: 5453.9085700043224
  CPU_sse: 34509.220805043769
  CPU_fma: 53028.011774607978
  CPU_avx: 0
  CPU_avx512: 0
  m_CPU_enc_SHA: 14149793139.885647
  m_CPU_enc_AES: 5161635445.9768829
  m_CPU_enc_ECDSA: 9210821368.2613907
  ME_ALLOC_S: 46214.801127025312
  ME_READ_S: 21126.707617187501
  ME_READ_L: 19181.408203125
  ME_WRITE: 21174.037109375
  ME_LARGE: 82872.166666666672
  ME_LATENCY: 50.82271603934678
  ME_THREADED: 388274.6103515625
  SUMM_CPU: 35960.683174540711
  SUMM_ME: 3204.0612719735454
SystemInformation:
  OSName: Ubuntu 24.04.2 LTS
  Kernel: 6.8.0-1027-aws
  Device: ""
  Processor: ARM Neoverse-V2 48 Core 0 MHz
  NumSockets: 1
  Manufacturer: ARM
  NumCores: 48
  NumLogicals: 48
  CPUFrequency: 0
  Memory: 94812
Checksum: 062186940174B642BB98E3F9E9CC5C8AC94ED2F0