---
system-info:
      stress-ng-version: 0.17.08
      run-by: root
      date-yyyy-mm-dd: 2024:06:08
      time-hh-mm-ss: 19:54:58
      epoch-secs: 1717876498
      hostname: ff27cc86fb8f
      sysname: Linux
      nodename: ff27cc86fb8f
      release: 6.8.0-1008-aws
      version: '#8-Ubuntu SMP Sat Apr 20 00:46:25 UTC 2024'
      machine: x86_64
      compiler: 'musl-gcc 13.2.1'
      uptime: 116
      totalram: 132207271936
      freeram: 127572058112
      sharedram: 37105664
      bufferram: 105648128
      totalswap: 0
      freeswap: 0
      pagesize: 4096
      cpus: 32
      cpus-online: 32
      ticks-per-second: 100

metrics:
    - stressor: cpu
      bogo-ops: 17885
      bogo-ops-per-second-usr-sys-time: 1788.434364
      bogo-ops-per-second-real-time: 1788.426234
      wall-clock-time: 10.000412
      user-time: 9.999367
      system-time: 0.001000
      cpu-usage-per-instance: 99.999545
      max-rss: 3848

...
