---
system-info:
      stress-ng-version: 0.17.08
      run-by: root
      date-yyyy-mm-dd: 2024:06:15
      time-hh-mm-ss: 04:43:38
      epoch-secs: 1718426618
      hostname: 3f08457bdd59
      sysname: Linux
      nodename: 3f08457bdd59
      release: 6.8.0-1008-aws
      version: '#8-Ubuntu SMP Sat Apr 20 00:46:25 UTC 2024'
      machine: x86_64
      compiler: 'musl-gcc 13.2.1'
      uptime: 134
      totalram: 132207263744
      freeram: 127646375936
      sharedram: 37105664
      bufferram: 110182400
      totalswap: 0
      freeswap: 0
      pagesize: 4096
      cpus: 32
      cpus-online: 32
      ticks-per-second: 100

metrics:
    - stressor: cpu
      bogo-ops: 61501
      bogo-ops-per-second-usr-sys-time: 3075.103507
      bogo-ops-per-second-real-time: 3075.034164
      wall-clock-time: 20.000103
      user-time: 19.998653
      system-time: 0.000999
      cpu-usage-per-instance: 99.997745
      max-rss: 1032

...
