BaselineInfo:
  WebDBID: -1
  TimeStamp: 20241108082324
Version:
  Major: 11
  Minor: 0
  Build: 1002
  SpecialBuildName: ""
  ptArchitecture: x86_64_linux
Results:
  Results Complete: true
  NumTestProcesses: 20
  CPU_INTEGER_MATH: 67301.657333333336
  CPU_FLOATINGPOINT_MATH: 39998.030300083621
  CPU_PRIME: 176.78902286357825
  CPU_SORTING: 39164.824180469477
  CPU_ENCRYPTION: 21223.178741929143
  CPU_COMPRESSION: 298503.51038848853
  CPU_SINGLETHREAD: 2105.4436659286298
  CPU_PHYSICS: 2785.1160271666035
  CPU_MATRIX_MULT_SSE: 17594.643036304213
  CPU_mm: 1997.3196337299823
  CPU_sse: 8052.2791681419985
  CPU_fma: 25334.396206201054
  CPU_avx: 19397.253734569582
  CPU_avx512: 0
  m_CPU_enc_SHA: 29968722975.277428
  m_CPU_enc_AES: 20532324320.204937
  m_CPU_enc_ECDSA: 16261300322.008921
  ME_ALLOC_S: 6826.4909960401783
  ME_READ_S: 24678.080273437499
  ME_READ_L: 12513.337890625
  ME_WRITE: 10977.7626953125
  ME_LARGE: 150287.91666666666
  ME_LATENCY: 50.988568518121724
  ME_THREADED: 103553.36694335938
  SUMM_CPU: 24051.112457073334
  SUMM_ME: 2786.7161782580311
SystemInformation:
  OSName: Ubuntu 24.04.1 LTS
  Kernel: 6.8.0-1017-azure
  Device: ""
  Processor: AMD EPYC 7452 32-Core Processor
  NumSockets: 1
  Manufacturer: AuthenticAMD
  NumCores: 10
  NumLogicals: 20
  CPUFrequency: 0
  Memory: 161159
  MemModuleInfo:
    iNumMemSticks: 7
    DIMM 1:
      manufacturer: Microsoft Corporation
      modulePartNo: None
      memType: Unknown
      size: 1
      clkspeed: 0
      moduleVoltage: 0
    DIMM 2:
      manufacturer: Microsoft Corporation
      modulePartNo: None
      memType: Unknown
      size: 31
      clkspeed: 0
      moduleVoltage: 0
    DIMM 3:
      manufacturer: Microsoft Corporation
      modulePartNo: None
      memType: Unknown
      size: 29184
      clkspeed: 0
      moduleVoltage: 0
    DIMM 4:
      manufacturer: Microsoft Corporation
      modulePartNo: None
      memType: Unknown
      size: 3584
      clkspeed: 0
      moduleVoltage: 0
    DIMM 5:
      manufacturer: Microsoft Corporation
      modulePartNo: None
      memType: Unknown
      size: 32
      clkspeed: 0
      moduleVoltage: 0
    DIMM 6:
      manufacturer: Microsoft Corporation
      modulePartNo: None
      memType: Unknown
      size: 32
      clkspeed: 0
      moduleVoltage: 0
    DIMM 7:
      manufacturer: Microsoft Corporation
      modulePartNo: None
      memType: Unknown
      size: 32
      clkspeed: 0
      moduleVoltage: 0
Checksum: 18E922252976B2F561F055B29A7CF7B5900D26D6