BaselineInfo:
  WebDBID: -1
  TimeStamp: 20241112120429
Version:
  Major: 11
  Minor: 0
  Build: 1002
  SpecialBuildName: ""
  ptArchitecture: x86_64_linux
Results:
  Results Complete: true
  NumTestProcesses: 128
  CPU_INTEGER_MATH: 527928.9253333332
  CPU_FLOATINGPOINT_MATH: 376020.95124107826
  CPU_PRIME: 845.79255922356947
  CPU_SORTING: 259730.27983078791
  CPU_ENCRYPTION: 116411.32579230225
  CPU_COMPRESSION: 1935135.168944888
  CPU_SINGLETHREAD: 3156.7517508770784
  CPU_PHYSICS: 13464.89241943394
  CPU_MATRIX_MULT_SSE: 136404.77387972493
  CPU_mm: 14443.052171371903
  CPU_sse: 62916.336226465966
  CPU_fma: 156923.73468012843
  CPU_avx: 122812.55342943293
  CPU_avx512: 202966.47118287274
  m_CPU_enc_SHA: 123041826126.03
  m_CPU_enc_AES: 159641729895.36935
  m_CPU_enc_ECDSA: 83514811040.568069
  ME_ALLOC_S: 34375.014191108523
  ME_READ_S: 27929.227929687499
  ME_READ_L: 10900.4912109375
  ME_WRITE: 9526.6025390625
  ME_LARGE: 1017330.0833333334
  ME_LATENCY: 69.334473312601631
  ME_THREADED: 422716.1845703125
  SUMM_CPU: 106632.43084000479
  SUMM_ME: 2473.0749041291447
SystemInformation:
  OSName: Ubuntu 24.04.1 LTS
  Kernel: 6.8.0-1017-azure
  Device: ""
  Processor: Intel Xeon Platinum 8473C
  NumSockets: 2
  Manufacturer: GenuineIntel
  NumCores: 64
  NumLogicals: 128
  CPUFrequency: 2100
  Memory: 1032029
  MemModuleInfo:
    iNumMemSticks: 4
    DIMM 1:
      manufacturer: Microsoft Corporation
      modulePartNo: None
      memType: Unknown
      size: 1
      clkspeed: 0
      moduleVoltage: 0
    DIMM 2:
      manufacturer: Microsoft Corporation
      modulePartNo: None
      memType: Unknown
      size: 59
      clkspeed: 0
      moduleVoltage: 0
    DIMM 3:
      manufacturer: Microsoft Corporation
      modulePartNo: None
      memType: Unknown
      size: 452
      clkspeed: 0
      moduleVoltage: 0
    DIMM 4:
      manufacturer: Microsoft Corporation
      modulePartNo: None
      memType: Unknown
      size: 512
      clkspeed: 0
      moduleVoltage: 0
Checksum: 9B9081269FB0B2B1C0FACF46BEBCF5BF3AB77575