BaselineInfo:
  WebDBID: -1
  TimeStamp: 20241108170035
Version:
  Major: 11
  Minor: 0
  Build: 1002
  SpecialBuildName: ""
  ptArchitecture: aarch64_linux
Results:
  Results Complete: true
  NumTestProcesses: 48
  CPU_INTEGER_MATH: 221146.65833333338
  CPU_FLOATINGPOINT_MATH: 168399.734314598
  CPU_PRIME: 214.5107014613059
  CPU_SORTING: 154092.39148396169
  CPU_ENCRYPTION: 7685.5604781053698
  CPU_COMPRESSION: 266749.45891507273
  CPU_SINGLETHREAD: 1333.9333426074265
  CPU_PHYSICS: 3516.3284114276162
  CPU_MATRIX_MULT_SSE: 34861.890237640044
  CPU_mm: 5852.3560752180338
  CPU_sse: 29068.691214248247
  CPU_fma: 40655.089261031848
  CPU_avx: 0
  CPU_avx512: 0
  m_CPU_enc_SHA: 11533723892.307755
  m_CPU_enc_AES: 5315842604.3966532
  m_CPU_enc_ECDSA: 7327116294.965045
  ME_ALLOC_S: 21371.015463603675
  ME_READ_S: 11370.114941406249
  ME_READ_L: 9097.6005859375
  ME_WRITE: 15012.6630859375
  ME_LARGE: 179796.83333333334
  ME_LATENCY: 68.47964788655959
  ME_THREADED: 175883.65087890625
  SUMM_CPU: 27166.364057352475
  SUMM_ME: 2001.9303965372519
SystemInformation:
  OSName: Ubuntu 24.04.1 LTS
  Kernel: 6.8.0-1017-azure
  Device: ""
  Processor: ARM Neoverse-N1 48 Core 0 MHz
  NumSockets: 1
  Manufacturer: ARM
  NumCores: 48
  NumLogicals: 48
  CPUFrequency: 0
  Memory: 192834
Checksum: D8626E9733AD63674EAA17CFA263846A0B9D9267