BaselineInfo:
  WebDBID: -1
  TimeStamp: 20260612211439
Version:
  Major: 11
  Minor: 0
  Build: 1004
  SpecialBuildName: ""
  ptArchitecture: x86_64_linux
Results:
  Results Complete: true
  NumTestProcesses: 12
  CPU_INTEGER_MATH: 35062.474333333332
  CPU_FLOATINGPOINT_MATH: 18822.840165813817
  CPU_PRIME: 77.192659102826511
  CPU_SORTING: 21744.35590132873
  CPU_ENCRYPTION: 4852.7205887971641
  CPU_COMPRESSION: 164009.9358134183
  CPU_SINGLETHREAD: 1967.2177898789157
  CPU_PHYSICS: 1259.3316374003134
  CPU_MATRIX_MULT_SSE: 9663.9427548198273
  CPU_mm: 1067.1472770547593
  CPU_sse: 3778.2632013607081
  CPU_fma: 11789.291427196933
  CPU_avx: 8333.6225981890111
  CPU_avx512: 14754.593792532649
  m_CPU_enc_SHA: 1585299047.3447027
  m_CPU_enc_AES: 12244098096.869902
  m_CPU_enc_ECDSA: 1435941888.14112
  ME_ALLOC_S: 4207.5702266609251
  ME_READ_S: 22242.391992187499
  ME_READ_L: 9612.3818359375
  ME_WRITE: 9443.083984375
  ME_LARGE: 38681.25
  ME_LATENCY: 54.834939223217383
  ME_THREADED: 67982.8408203125
  SUMM_CPU: 11955.099823597902
  SUMM_ME: 2363.8976556232274
SystemInformation:
  OSName: Ubuntu 24.04.4 LTS
  Kernel: 6.8.0-117-generic
  Device: ""
  Processor: Intel(R) Xeon(R) Platinum 8269CY CPU @ 2.50GHz
  NumSockets: 1
  Manufacturer: GenuineIntel
  NumCores: 6
  NumLogicals: 12
  CPUFrequency: 0
  CPUMaxFrequency: 0
  Memory: 46999
  CPUInfo:
    number: 1
    Family: 6
    Model: 5
    stepping: 7
    features: 529267711
    manufacture: GenuineIntel
    typestring: Intel(R) Xeon(R) Platinum 8269CY CPU @ 2.50GHz
    iCoresPerPackage: 6
    iThreadsPerPackage: 2
    featuresEx:
      - 529267711
      - 4277809667
      - 739248128
    bHybrid: false
    nPCore: 0
    nLogicalsPerPCore: 0
    nECore: 0
    nLogicalsPerECore: 0
  MemModuleInfo:
    iNumMemSticks: 3
    DIMM 1:
      manufacturer: Alibaba Cloud
      modulePartNo: Not Specified
      memType: RAM
      size: 16
      clkspeed: 0
      moduleVoltage: 0
    DIMM 2:
      manufacturer: Alibaba Cloud
      modulePartNo: Not Specified
      memType: RAM
      size: 16
      clkspeed: 0
      moduleVoltage: 0
    DIMM 3:
      manufacturer: Alibaba Cloud
      modulePartNo: Not Specified
      memType: RAM
      size: 16
      clkspeed: 0
      moduleVoltage: 0
Checksum: BC3C981D9CCFCF503B723918CF2961E317A99112