BaselineInfo:
  WebDBID: -1
  TimeStamp: 20241107111828
Version:
  Major: 11
  Minor: 0
  Build: 1002
  SpecialBuildName: ""
  ptArchitecture: x86_64_linux
Results:
  Results Complete: true
  NumTestProcesses: 4
  CPU_INTEGER_MATH: 16489.466
  CPU_FLOATINGPOINT_MATH: 9170.087185005732
  CPU_PRIME: 38.094131841283819
  CPU_SORTING: 9140.3154618386743
  CPU_ENCRYPTION: 4295.6302742751113
  CPU_COMPRESSION: 64706.996242044239
  CPU_SINGLETHREAD: 2378.7369043087615
  CPU_PHYSICS: 720.59188340014975
  CPU_MATRIX_MULT_SSE: 3604.9226530918941
  CPU_mm: 447.74618110946176
  CPU_sse: 1886.8189829366029
  CPU_fma: 5181.8286861069664
  CPU_avx: 3746.1202902321143
  CPU_avx512: 0
  m_CPU_enc_SHA: 6228809179.7272453
  m_CPU_enc_AES: 3986070780.2670126
  m_CPU_enc_ECDSA: 3298004471.4406376
  ME_ALLOC_S: 1789.7149731699055
  ME_READ_S: 24303.176562500001
  ME_READ_L: 19172.07421875
  ME_WRITE: 17701.205078125
  ME_LARGE: 22126
  ME_LATENCY: 70.415057490033476
  ME_THREADED: 34032.9462890625
  SUMM_CPU: 6153.7426142530285
  SUMM_ME: 2299.1057252676155
SystemInformation:
  OSName: Ubuntu 24.04.1 LTS
  Kernel: 6.8.0-1017-azure
  Device: ""
  Processor: AMD EPYC 7763 64-Core Processor
  NumSockets: 1
  Manufacturer: AuthenticAMD
  NumCores: 2
  NumLogicals: 4
  CPUFrequency: 0
  Memory: 32093
  MemModuleInfo:
    iNumMemSticks: 2
    DIMM 1:
      manufacturer: Microsoft Corporation
      modulePartNo: None
      memType: Unknown
      size: 1
      clkspeed: 0
      moduleVoltage: 0
    DIMM 2:
      manufacturer: Microsoft Corporation
      modulePartNo: None
      memType: Unknown
      size: 31
      clkspeed: 0
      moduleVoltage: 0
Checksum: D1CFB5F37B7CE37B2469742C20905A22E5668DE7