BaselineInfo:
  WebDBID: -1
  TimeStamp: 20260618123152
Version:
  Major: 11
  Minor: 0
  Build: 1004
  SpecialBuildName: ""
  ptArchitecture: x86_64_linux
Results:
  Results Complete: true
  NumTestProcesses: 2
  CPU_INTEGER_MATH: 5640.1926666666659
  CPU_FLOATINGPOINT_MATH: 3028.3590766124598
  CPU_PRIME: 6.0688937987370526
  CPU_SORTING: 2252.3888126956917
  CPU_ENCRYPTION: 713.76342413274438
  CPU_COMPRESSION: 25729.644892766923
  CPU_SINGLETHREAD: 1829.0504995278231
  CPU_PHYSICS: 61.287458492836649
  CPU_MATRIX_MULT_SSE: 1479.6888453641277
  CPU_mm: 172.88747763129089
  CPU_sse: 620.5817664820363
  CPU_fma: 1916.6691257155278
  CPU_avx: 1347.5594779735175
  CPU_avx512: 2033.9450112854295
  m_CPU_enc_SHA: 256753561.88641751
  m_CPU_enc_AES: 1764543850.0881088
  m_CPU_enc_ECDSA: 224008176.69572306
  ME_ALLOC_S: 528.32214171417536
  ME_READ_S: 14831.645751953125
  ME_READ_L: 2086.265869140625
  ME_WRITE: 2040.4356689453125
  ME_LARGE: 2857.3333333333335
  ME_LATENCY: 61.388590279479352
  ME_THREADED: 2085.62548828125
  SUMM_CPU: 1702.4702781680478
  SUMM_ME: 582.74674685291177
SystemInformation:
  OSName: Ubuntu 24.04.4 LTS
  Kernel: 6.8.0-117-generic
  Device: ""
  Processor: Intel(R) Xeon(R) Platinum
  NumSockets: 1
  Manufacturer: GenuineIntel
  NumCores: 1
  NumLogicals: 2
  CPUFrequency: 0
  CPUMaxFrequency: 0
  Memory: 7271
  CPUInfo:
    number: 1
    Family: 6
    Model: 5
    stepping: 4
    features: 529267711
    manufacture: GenuineIntel
    typestring: Intel(R) Xeon(R) Platinum
    iCoresPerPackage: 1
    iThreadsPerPackage: 2
    featuresEx:
      - 529267711
      - 4294586883
      - 739248128
    bHybrid: false
    nPCore: 0
    nLogicalsPerPCore: 0
    nECore: 0
    nLogicalsPerECore: 0
  MemModuleInfo:
    iNumMemSticks: 1
    DIMM 1:
      manufacturer: Alibaba Cloud
      modulePartNo: Not Specified
      memType: RAM
      size: 8
      clkspeed: 0
      moduleVoltage: 0
Checksum: 3F076AF84C0DCED707DE96B83CF5F5BB48AE1DA9