---
system-info:
      stress-ng-version: 0.17.08
      run-by: root
      date-yyyy-mm-dd: 2024:06:08
      time-hh-mm-ss: 05:55:46
      epoch-secs: 1717826146
      hostname: c8c056b97c70
      sysname: Linux
      nodename: c8c056b97c70
      release: 6.8.0-1008-aws
      version: '#8-Ubuntu SMP Sat Apr 20 02:43:14 UTC 2024'
      machine: aarch64
      compiler: 'musl-gcc 13.2.1'
      uptime: 146
      totalram: 534444896256
      freeram: 529560195072
      sharedram: 35246080
      bufferram: 96063488
      totalswap: 0
      freeswap: 0
      pagesize: 4096
      cpus: 64
      cpus-online: 64
      ticks-per-second: 100

metrics:
    - stressor: cpu
      bogo-ops: 180507
      bogo-ops-per-second-usr-sys-time: 281.586955
      bogo-ops-per-second-real-time: 18010.988245
      wall-clock-time: 10.022049
      user-time: 640.970712
      system-time: 0.063956
      cpu-usage-per-instance: 99.941310
      max-rss: 3584

...
