---
system-info:
      stress-ng-version: 0.17.08
      run-by: root
      date-yyyy-mm-dd: 2024:06:13
      time-hh-mm-ss: 19:17:47
      epoch-secs: 1718306267
      hostname: 6bb98bc1977a
      sysname: Linux
      nodename: 6bb98bc1977a
      release: 6.8.0-1008-aws
      version: '#8-Ubuntu SMP Sat Apr 20 02:43:14 UTC 2024'
      machine: aarch64
      compiler: 'musl-gcc 13.2.1'
      uptime: 182
      totalram: 534444892160
      freeram: 529550721024
      sharedram: 35246080
      bufferram: 104853504
      totalswap: 0
      freeswap: 0
      pagesize: 4096
      cpus: 64
      cpus-online: 64
      ticks-per-second: 100

metrics:
    - stressor: cpu
      bogo-ops: 1940632
      bogo-ops-per-second-usr-sys-time: 1516.676330
      bogo-ops-per-second-real-time: 97031.262207
      wall-clock-time: 20.000070
      user-time: 1279.508441
      system-time: 0.020989
      cpu-usage-per-instance: 99.962889
      max-rss: 512

...
