---
system-info:
      stress-ng-version: 0.17.08
      run-by: root
      date-yyyy-mm-dd: 2024:06:16
      time-hh-mm-ss: 05:40:54
      epoch-secs: 1718516454
      hostname: ce29fbf27cd8
      sysname: Linux
      nodename: ce29fbf27cd8
      release: 6.8.0-1008-aws
      version: '#8-Ubuntu SMP Sat Apr 20 00:46:25 UTC 2024'
      machine: x86_64
      compiler: 'musl-gcc 13.2.1'
      uptime: 144
      totalram: 265990778880
      freeram: 261367382016
      sharedram: 66469888
      bufferram: 110784512
      totalswap: 0
      freeswap: 0
      pagesize: 4096
      cpus: 32
      cpus-online: 32
      ticks-per-second: 100

metrics:
    - stressor: cpu
      bogo-ops: 42227
      bogo-ops-per-second-usr-sys-time: 2111.330998
      bogo-ops-per-second-real-time: 2111.346678
      wall-clock-time: 20.000031
      user-time: 20.000180
      system-time: 0.000000
      cpu-usage-per-instance: 100.000743
      max-rss: 1032

...
