---
system-info:
      stress-ng-version: 0.17.08
      run-by: root
      date-yyyy-mm-dd: 2024:06:10
      time-hh-mm-ss: 02:51:49
      epoch-secs: 1717987909
      hostname: bbf7d53d2a66
      sysname: Linux
      nodename: bbf7d53d2a66
      release: 6.8.0-1008-aws
      version: '#8-Ubuntu SMP Sat Apr 20 00:46:25 UTC 2024'
      machine: x86_64
      compiler: 'musl-gcc 13.2.1'
      uptime: 132
      totalram: 265990803456
      freeram: 261194477568
      sharedram: 66469888
      bufferram: 114155520
      totalswap: 0
      freeswap: 0
      pagesize: 4096
      cpus: 32
      cpus-online: 32
      ticks-per-second: 100

metrics:
    - stressor: cpu
      bogo-ops: 22045
      bogo-ops-per-second-usr-sys-time: 2203.830697
      bogo-ops-per-second-real-time: 2203.833591
      wall-clock-time: 10.003024
      user-time: 10.002037
      system-time: 0.001000
      cpu-usage-per-instance: 100.000131
      max-rss: 3592

...
