---
system-info:
      stress-ng-version: 0.17.08
      run-by: root
      date-yyyy-mm-dd: 2024:06:13
      time-hh-mm-ss: 10:41:26
      epoch-secs: 1718275286
      hostname: 5a5f28ad2e4d
      sysname: Linux
      nodename: 5a5f28ad2e4d
      release: 6.8.0-1008-aws
      version: '#8-Ubuntu SMP Sat Apr 20 00:46:25 UTC 2024'
      machine: x86_64
      compiler: 'musl-gcc 13.2.1'
      uptime: 140
      totalram: 132207259648
      freeram: 127681703936
      sharedram: 38105088
      bufferram: 105824256
      totalswap: 0
      freeswap: 0
      pagesize: 4096
      cpus: 32
      cpus-online: 32
      ticks-per-second: 100

metrics:
    - stressor: cpu
      bogo-ops: 540226
      bogo-ops-per-second-usr-sys-time: 844.664706
      bogo-ops-per-second-real-time: 27011.144455
      wall-clock-time: 20.000115
      user-time: 639.541495
      system-time: 0.032997
      cpu-usage-per-instance: 99.932939
      max-rss: 776

...
