---
system-info:
      stress-ng-version: 0.17.08
      run-by: root
      date-yyyy-mm-dd: 2024:06:07
      time-hh-mm-ss: 18:28:54
      epoch-secs: 1717784934
      hostname: bf7e0febe35e
      sysname: Linux
      nodename: bf7e0febe35e
      release: 6.8.0-1008-aws
      version: '#8-Ubuntu SMP Sat Apr 20 00:46:25 UTC 2024'
      machine: x86_64
      compiler: 'musl-gcc 13.2.1'
      uptime: 112
      totalram: 133616570368
      freeram: 129116725248
      sharedram: 40988672
      bufferram: 93552640
      totalswap: 0
      freeswap: 0
      pagesize: 4096
      cpus: 32
      cpus-online: 32
      ticks-per-second: 100

metrics:
    - stressor: cpu
      bogo-ops: 319845
      bogo-ops-per-second-usr-sys-time: 1000.366412
      bogo-ops-per-second-real-time: 31979.880090
      wall-clock-time: 10.001445
      user-time: 319.680865
      system-time: 0.046983
      cpu-usage-per-instance: 99.900521
      max-rss: 3848

...
