---
system-info:
      stress-ng-version: 0.17.08
      run-by: root
      date-yyyy-mm-dd: 2024:09:17
      time-hh-mm-ss: 08:53:43
      epoch-secs: 1726563223
      hostname: sc-runner
      sysname: Linux
      nodename: sc-runner
      release: 6.8.0-1014-azure
      version: '#16-Ubuntu SMP Thu Aug 15 20:04:41 UTC 2024'
      machine: x86_64
      compiler: 'musl-gcc 13.2.1'
      uptime: 291
      totalram: 270437859328
      freeram: 258551996416
      sharedram: 105783296
      bufferram: 246624256
      totalswap: 0
      freeswap: 0
      pagesize: 4096
      cpus: 64
      cpus-online: 64
      ticks-per-second: 100

metrics:
    - stressor: cpu
      bogo-ops: 1242638
      bogo-ops-per-second-usr-sys-time: 971.124745
      bogo-ops-per-second-real-time: 62131.681422
      wall-clock-time: 20.000070
      user-time: 1279.527416
      system-time: 0.058967
      cpu-usage-per-instance: 99.967334
      max-rss: 3004

...
