---
system-info:
      stress-ng-version: 0.17.08
      run-by: root
      date-yyyy-mm-dd: 2024:06:06
      time-hh-mm-ss: 10:56:07
      epoch-secs: 1717671367
      hostname: a0404bdf8e06
      sysname: Linux
      nodename: a0404bdf8e06
      release: 6.8.0-1008-aws
      version: '#8-Ubuntu SMP Sat Apr 20 00:46:25 UTC 2024'
      machine: x86_64
      compiler: 'musl-gcc 13.2.1'
      uptime: 104
      totalram: 4002344960
      freeram: 214781952
      sharedram: 59867136
      bufferram: 79171584
      totalswap: 0
      freeswap: 0
      pagesize: 4096
      cpus: 2
      cpus-online: 2
      ticks-per-second: 100

metrics:
    - stressor: cpu
      bogo-ops: 24319
      bogo-ops-per-second-usr-sys-time: 1229.874267
      bogo-ops-per-second-real-time: 2431.811640
      wall-clock-time: 10.000363
      user-time: 19.763592
      system-time: 0.009974
      cpu-usage-per-instance: 98.864238
      max-rss: 3920

...
