---
system-info:
      stress-ng-version: 0.17.08
      run-by: root
      date-yyyy-mm-dd: 2024:06:14
      time-hh-mm-ss: 06:28:03
      epoch-secs: 1718346483
      hostname: 45f6f00c63db
      sysname: Linux
      nodename: 45f6f00c63db
      release: 6.8.0-1008-aws
      version: '#8-Ubuntu SMP Sat Apr 20 00:46:25 UTC 2024'
      machine: x86_64
      compiler: 'musl-gcc 13.2.1'
      uptime: 115
      totalram: 4002353152
      freeram: 187396096
      sharedram: 59871232
      bufferram: 99483648
      totalswap: 0
      freeswap: 0
      pagesize: 4096
      cpus: 2
      cpus-online: 2
      ticks-per-second: 100

metrics:
    - stressor: cpu
      bogo-ops: 38342
      bogo-ops-per-second-usr-sys-time: 968.384575
      bogo-ops-per-second-real-time: 1917.087751
      wall-clock-time: 20.000128
      user-time: 39.584791
      system-time: 0.008983
      cpu-usage-per-instance: 98.983803
      max-rss: 1104

...
