BaselineInfo:
  WebDBID: -1
  TimeStamp: 20241107144410
Version:
  Major: 11
  Minor: 0
  Build: 1002
  SpecialBuildName: ""
  ptArchitecture: aarch64_linux
Results:
  Results Complete: true
  NumTestProcesses: 8
  CPU_INTEGER_MATH: 37606.712000000007
  CPU_FLOATINGPOINT_MATH: 28679.142025770314
  CPU_PRIME: 71.269552816532936
  CPU_SORTING: 27426.116166491192
  CPU_ENCRYPTION: 1307.2494089083721
  CPU_COMPRESSION: 44873.367053466114
  CPU_SINGLETHREAD: 1333.0443281272521
  CPU_PHYSICS: 1272.1129306137295
  CPU_MATRIX_MULT_SSE: 5942.2942427482349
  CPU_mm: 998.36859030866685
  CPU_sse: 4956.2495274474877
  CPU_fma: 6928.338958048982
  CPU_avx: 0
  CPU_avx512: 0
  m_CPU_enc_SHA: 1965108075.6008267
  m_CPU_enc_AES: 905902049.33179057
  m_CPU_enc_ECDSA: 1241240943.6538975
  ME_ALLOC_S: 5735.6005694325786
  ME_READ_S: 11380.228125
  ME_READ_L: 8904.517578125
  ME_WRITE: 15005.484375
  ME_LARGE: 22007
  ME_LATENCY: 68.735443382440891
  ME_THREADED: 68106.8037109375
  SUMM_CPU: 6250.1946032263641
  SUMM_ME: 1878.0784330443653
SystemInformation:
  OSName: Ubuntu 24.04.1 LTS
  Kernel: 6.8.0-1017-azure
  Device: ""
  Processor: ARM Neoverse-N1 8 Core 0 MHz
  NumSockets: 1
  Manufacturer: ARM
  NumCores: 8
  NumLogicals: 8
  CPUFrequency: 0
  Memory: 32029
Checksum: 1BA4628C22EC032D87C5A68BF0CC2F231D9B6EE4