---
system-info:
      stress-ng-version: 0.17.08
      run-by: root
      date-yyyy-mm-dd: 2024:09:16
      time-hh-mm-ss: 22:27:16
      epoch-secs: 1726525636
      hostname: sc-runner
      sysname: Linux
      nodename: sc-runner
      release: 6.8.0-1014-azure
      version: '#16-Ubuntu SMP Thu Aug 15 20:04:41 UTC 2024'
      machine: x86_64
      compiler: 'musl-gcc 13.2.1'
      uptime: 280
      totalram: 135068078080
      freeram: 124711940096
      sharedram: 54964224
      bufferram: 254013440
      totalswap: 0
      freeswap: 0
      pagesize: 4096
      cpus: 8
      cpus-online: 8
      ticks-per-second: 100

metrics:
    - stressor: cpu
      bogo-ops: 155099
      bogo-ops-per-second-usr-sys-time: 971.808396
      bogo-ops-per-second-real-time: 7754.921434
      wall-clock-time: 20.000074
      user-time: 159.579346
      system-time: 0.018987
      cpu-usage-per-instance: 99.748591
      max-rss: 3152

...
