BaselineInfo:
  WebDBID: -1
  TimeStamp: 20251219104747
Version:
  Major: 11
  Minor: 0
  Build: 1002
  SpecialBuildName: ""
  ptArchitecture: x86_64_linux
Results:
  Results Complete: true
  NumTestProcesses: 30
  CPU_INTEGER_MATH: 185641.12033333333
  CPU_FLOATINGPOINT_MATH: 162542.89043994198
  CPU_PRIME: 597.37915747032105
  CPU_SORTING: 116246.88626853743
  CPU_ENCRYPTION: 40265.86782652681
  CPU_COMPRESSION: 809918.63709599513
  CPU_SINGLETHREAD: 2966.5102729499818
  CPU_PHYSICS: 10793.196177344576
  CPU_MATRIX_MULT_SSE: 75993.207126245761
  CPU_mm: 8002.0417256636592
  CPU_sse: 35387.261254688514
  CPU_fma: 104511.54504703863
  CPU_avx: 88208.980546913881
  CPU_avx512: 75865.041656341986
  m_CPU_enc_SHA: 55653972717.807968
  m_CPU_enc_AES: 35260464015.020248
  m_CPU_enc_ECDSA: 35751031133.376305
  ME_ALLOC_S: 21233.718979506943
  ME_READ_S: 28489.381640625001
  ME_READ_L: 25503.23046875
  ME_WRITE: 23480.00390625
  ME_LARGE: 356061.75
  ME_LATENCY: 75.231729823731371
  ME_THREADED: 609440.7236328125
  SUMM_CPU: 61550.915594857324
  SUMM_ME: 2890.8813677940552
SystemInformation:
  OSName: Ubuntu 24.04.2 LTS
  Kernel: 6.8.0-86-generic
  Device: ""
  Processor: AMD EPYC 9354 32-Core Processor
  NumSockets: 30
  Manufacturer: AuthenticAMD
  NumCores: 30
  NumLogicals: 30
  CPUFrequency: 0
  Memory: 373749
  MemModuleInfo:
    iNumMemSticks: 1
    DIMM 1:
      manufacturer: QEMU
      modulePartNo: Not Specified
      memType: RAM
      size: 380000
      clkspeed: 0
      moduleVoltage: 0
Checksum: D87A00654F4218CB2DFC04437B6F008DF8B91C88