BaselineInfo:
  WebDBID: -1
  TimeStamp: 20241111101841
Version:
  Major: 11
  Minor: 0
  Build: 1002
  SpecialBuildName: ""
  ptArchitecture: x86_64_linux
Results:
  Results Complete: true
  NumTestProcesses: 8
  CPU_INTEGER_MATH: 33450.869000000006
  CPU_FLOATINGPOINT_MATH: 17104.116760974721
  CPU_PRIME: 69.336112593876976
  CPU_SORTING: 17425.515008354727
  CPU_ENCRYPTION: 7267.1081839650005
  CPU_COMPRESSION: 125354.0119033103
  CPU_SINGLETHREAD: 2359.8045929222021
  CPU_PHYSICS: 1390.1156759686396
  CPU_MATRIX_MULT_SSE: 6911.1782351194925
  CPU_mm: 721.67315878007344
  CPU_sse: 3148.8291615121825
  CPU_fma: 8724.8753030982698
  CPU_avx: 6446.1495555495922
  CPU_avx512: 9324.8589203179235
  m_CPU_enc_SHA: 7346889407.3966799
  m_CPU_enc_AES: 11047521140.393652
  m_CPU_enc_ECDSA: 4465935145.5375195
  ME_ALLOC_S: 3953.0448653205372
  ME_READ_S: 24352.414843750001
  ME_READ_L: 11605.16015625
  ME_WRITE: 10302.3740234375
  ME_LARGE: 5739.666666666667
  ME_LATENCY: 63.992390089827389
  ME_THREADED: 52238.97265625
  SUMM_CPU: 11304.411217620302
  SUMM_ME: 2095.3669774123509
SystemInformation:
  OSName: Ubuntu 24.04.1 LTS
  Kernel: 6.8.0-1016-aws
  Device: ""
  Processor: Intel Xeon Platinum 8375C CPU @ 2.90GHz
  NumSockets: 1
  Manufacturer: GenuineIntel
  NumCores: 4
  NumLogicals: 8
  CPUFrequency: 0
  Memory: 15704
  MemModuleInfo:
    iNumMemSticks: 1
    DIMM 1:
      manufacturer: Not Specified
      modulePartNo: Not Specified
      memType: DDR4
      size: 16
      clkspeed: 1600
      moduleVoltage: 0
Checksum: 453ABF6C1B55BFFD04FD4915B3779EFC862A6A6D