---
system-info:
      stress-ng-version: 0.17.08
      run-by: root
      date-yyyy-mm-dd: 2024:09:11
      time-hh-mm-ss: 20:32:06
      epoch-secs: 1726086726
      hostname: ip-172-31-31-115
      sysname: Linux
      nodename: ip-172-31-31-115
      release: 6.8.0-1014-aws
      version: '#15-Ubuntu SMP Thu Aug  8 19:13:06 UTC 2024'
      machine: x86_64
      compiler: 'musl-gcc 13.2.1'
      uptime: 162
      totalram: 802730000384
      freeram: 793708703744
      sharedram: 29351936
      bufferram: 220733440
      totalswap: 0
      freeswap: 0
      pagesize: 4096
      cpus: 24
      cpus-online: 24
      ticks-per-second: 100

metrics:
    - stressor: cpu
      bogo-ops: 592292
      bogo-ops-per-second-usr-sys-time: 1234.620126
      bogo-ops-per-second-real-time: 29614.498797
      wall-clock-time: 20.000068
      user-time: 479.715247
      system-time: 0.020979
      cpu-usage-per-instance: 99.944706
      max-rss: 1212

...
