---
system-info:
      stress-ng-version: 0.17.08
      run-by: root
      date-yyyy-mm-dd: 2024:09:23
      time-hh-mm-ss: 03:29:28
      epoch-secs: 1727062168
      hostname: sc-runner
      sysname: Linux
      nodename: sc-runner
      release: 6.8.0-1014-azure
      version: '#16-Ubuntu SMP Thu Aug 15 20:04:41 UTC 2024'
      machine: x86_64
      compiler: 'musl-gcc 13.2.1'
      uptime: 309
      totalram: 202605686784
      freeram: 191884455936
      sharedram: 38354944
      bufferram: 249831424
      totalswap: 0
      freeswap: 0
      pagesize: 4096
      cpus: 32
      cpus-online: 32
      ticks-per-second: 100

metrics:
    - stressor: cpu
      bogo-ops: 862305
      bogo-ops-per-second-usr-sys-time: 1348.469720
      bogo-ops-per-second-real-time: 43115.093881
      wall-clock-time: 20.000072
      user-time: 639.426313
      system-time: 0.042996
      cpu-usage-per-instance: 99.916718
      max-rss: 1032

...
