BaselineInfo:
  WebDBID: -1
  TimeStamp: 20241107164429
Version:
  Major: 11
  Minor: 0
  Build: 1002
  SpecialBuildName: ""
  ptArchitecture: x86_64_linux
Results:
  Results Complete: true
  NumTestProcesses: 8
  CPU_INTEGER_MATH: 33188.121666666666
  CPU_FLOATINGPOINT_MATH: 18310.800892778054
  CPU_PRIME: 76.965753688704467
  CPU_SORTING: 18342.759164638646
  CPU_ENCRYPTION: 8607.6193478666792
  CPU_COMPRESSION: 127981.3273321642
  CPU_SINGLETHREAD: 2397.1940700385044
  CPU_PHYSICS: 1301.0261366681375
  CPU_MATRIX_MULT_SSE: 7263.464843192608
  CPU_mm: 861.10952274793885
  CPU_sse: 3752.1924581914814
  CPU_fma: 10354.232362105555
  CPU_avx: 7683.9697092807892
  CPU_avx512: 0
  m_CPU_enc_SHA: 12477115956.877922
  m_CPU_enc_AES: 7986426077.566947
  m_CPU_enc_ECDSA: 6613687161.4810829
  ME_ALLOC_S: 3503.1751572149819
  ME_READ_S: 24395.852343750001
  ME_READ_L: 19951.9609375
  ME_WRITE: 19278.978515625
  ME_LARGE: 22051.583333333332
  ME_LATENCY: 61.117517780793264
  ME_THREADED: 38769.59375
  SUMM_CPU: 11861.685694049815
  SUMM_ME: 2607.0123887151635
SystemInformation:
  OSName: Ubuntu 24.04.1 LTS
  Kernel: 6.8.0-1017-azure
  Device: ""
  Processor: AMD EPYC 7763 64-Core Processor
  NumSockets: 1
  Manufacturer: AuthenticAMD
  NumCores: 4
  NumLogicals: 8
  CPUFrequency: 0
  Memory: 32092
  MemModuleInfo:
    iNumMemSticks: 2
    DIMM 1:
      manufacturer: Microsoft Corporation
      modulePartNo: None
      memType: Unknown
      size: 1
      clkspeed: 0
      moduleVoltage: 0
    DIMM 2:
      manufacturer: Microsoft Corporation
      modulePartNo: None
      memType: Unknown
      size: 31
      clkspeed: 0
      moduleVoltage: 0
Checksum: 775964A799F6CD7190FE1B0ABCF1767CFD7F6C0F