BaselineInfo:
  WebDBID: -1
  TimeStamp: 20241109062454
Version:
  Major: 11
  Minor: 0
  Build: 1002
  SpecialBuildName: ""
  ptArchitecture: x86_64_linux
Results:
  Results Complete: true
  NumTestProcesses: 96
  CPU_INTEGER_MATH: 323505.06266666652
  CPU_FLOATINGPOINT_MATH: 193171.82514598928
  CPU_PRIME: 439.00598179349913
  CPU_SORTING: 178727.32131681388
  CPU_ENCRYPTION: 102373.82343447828
  CPU_COMPRESSION: 1416112.880804775
  CPU_SINGLETHREAD: 2098.9407799261844
  CPU_PHYSICS: 6477.6796922221329
  CPU_MATRIX_MULT_SSE: 81540.43880800833
  CPU_mm: 9186.1257050269251
  CPU_sse: 37736.420894547497
  CPU_fma: 115578.20386072369
  CPU_avx: 91306.691668753891
  CPU_avx512: 0
  m_CPU_enc_SHA: 144850457943.25775
  m_CPU_enc_AES: 99202324717.047348
  m_CPU_enc_ECDSA: 77987420184.589325
  ME_ALLOC_S: 21635.567444951015
  ME_READ_S: 24189.177734375
  ME_READ_L: 12716.3076171875
  ME_WRITE: 13324.1865234375
  ME_LARGE: 178980.16666666666
  ME_LATENCY: 51.689422960170553
  ME_THREADED: 126659.85791015625
  SUMM_CPU: 69068.549870133444
  SUMM_ME: 2897.2090723971792
SystemInformation:
  OSName: Ubuntu 24.04.1 LTS
  Kernel: 6.8.0-1016-aws
  Device: ""
  Processor: AMD EPYC 7R32
  NumSockets: 1
  Manufacturer: AuthenticAMD
  NumCores: 48
  NumLogicals: 96
  CPUFrequency: 0
  Memory: 191146
  MemModuleInfo:
    iNumMemSticks: 1
    DIMM 1:
      manufacturer: Not Specified
      modulePartNo: Not Specified
      memType: DDR4
      size: 192
      clkspeed: 1466
      moduleVoltage: 0
Checksum: F36125A80C7064FA3A9467D660D7A60DFC8EADBA