---
system-info:
      stress-ng-version: 0.17.08
      run-by: root
      date-yyyy-mm-dd: 2024:09:16
      time-hh-mm-ss: 21:01:27
      epoch-secs: 1726520487
      hostname: sc-runner
      sysname: Linux
      nodename: sc-runner
      release: 6.8.0-1014-azure
      version: '#16-Ubuntu SMP Thu Aug 15 20:04:41 UTC 2024'
      machine: x86_64
      compiler: 'musl-gcc 13.2.1'
      uptime: 335
      totalram: 135069114368
      freeram: 124812353536
      sharedram: 42037248
      bufferram: 233598976
      totalswap: 0
      freeswap: 0
      pagesize: 4096
      cpus: 8
      cpus-online: 8
      ticks-per-second: 100

metrics:
    - stressor: cpu
      bogo-ops: 28192
      bogo-ops-per-second-usr-sys-time: 1409.768538
      bogo-ops-per-second-real-time: 1409.591279
      wall-clock-time: 20.000124
      user-time: 19.996610
      system-time: 0.000999
      cpu-usage-per-instance: 99.987426
      max-rss: 3152

...
