BaselineInfo:
  WebDBID: -1
  TimeStamp: 20260616194654
Version:
  Major: 11
  Minor: 0
  Build: 1004
  SpecialBuildName: ""
  ptArchitecture: x86_64_linux
Results:
  Results Complete: true
  NumTestProcesses: 2
  CPU_INTEGER_MATH: 4868.5646666666671
  CPU_FLOATINGPOINT_MATH: 2619.5147545860605
  CPU_PRIME: 12.764412986943933
  CPU_SORTING: 2981.9850287768513
  CPU_ENCRYPTION: 672.62763555485458
  CPU_COMPRESSION: 22676.246230033903
  CPU_SINGLETHREAD: 1603.3459600361098
  CPU_PHYSICS: 244.1029488898086
  CPU_MATRIX_MULT_SSE: 1398.2887706084553
  CPU_mm: 148.36204291118753
  CPU_sse: 535.01347781205641
  CPU_fma: 1809.7850111847447
  CPU_avx: 1280.9518583068493
  CPU_avx512: 1967.4047351301713
  m_CPU_enc_SHA: 220458165.46967542
  m_CPU_enc_AES: 1698373056.310286
  m_CPU_enc_ECDSA: 197072364.95874012
  ME_ALLOC_S: 546.93250576001321
  ME_READ_S: 19183.674999999999
  ME_READ_L: 6474.373046875
  ME_WRITE: 6995.669921875
  ME_LARGE: 673.16666666666663
  ME_LATENCY: 80.103555236861453
  ME_THREADED: 9113.00732421875
  SUMM_CPU: 1819.498592674998
  SUMM_ME: 806.21258186959483
SystemInformation:
  OSName: Ubuntu 24.04.4 LTS
  Kernel: 6.8.0-117-generic
  Device: ""
  Processor: Intel(R) Xeon(R) Platinum 8163 CPU @ 2.50GHz
  NumSockets: 1
  Manufacturer: GenuineIntel
  NumCores: 1
  NumLogicals: 2
  CPUFrequency: 2500
  CPUMaxFrequency: 3100
  Memory: 1711
  CPUInfo:
    number: 1
    Family: 6
    Model: 5
    stepping: 4
    features: 529267711
    manufacture: GenuineIntel
    typestring: Intel(R) Xeon(R) Platinum 8163 CPU @ 2.50GHz
    iCoresPerPackage: 1
    iThreadsPerPackage: 2
    featuresEx:
      - 529267711
      - 4294586883
      - 739248128
    bHybrid: false
    nPCore: 0
    nLogicalsPerPCore: 0
    nECore: 0
    nLogicalsPerECore: 0
  MemModuleInfo:
    iNumMemSticks: 1
    DIMM 1:
      manufacturer: Alibaba Cloud
      modulePartNo: Not Specified
      memType: RAM
      size: 2
      clkspeed: 0
      moduleVoltage: 0
Checksum: 0FF22E4EDCCD57BB1E81167CE0C8156C92D81BA8