---
system-info:
      stress-ng-version: 0.17.08
      run-by: root
      date-yyyy-mm-dd: 2024:06:18
      time-hh-mm-ss: 21:39:20
      epoch-secs: 1718746760
      hostname: 2535ae799e95
      sysname: Linux
      nodename: 2535ae799e95
      release: 6.8.0-1008-gcp
      version: '#9-Ubuntu SMP Wed May 22 18:09:04 UTC 2024'
      machine: x86_64
      compiler: 'musl-gcc 13.2.1'
      uptime: 1025
      totalram: 581828608
      freeram: 50376704
      sharedram: 41807872
      bufferram: 2850816
      totalswap: 0
      freeswap: 0
      pagesize: 4096
      cpus: 1
      cpus-online: 1
      ticks-per-second: 100

metrics:
    - stressor: cpu
      bogo-ops: 23775
      bogo-ops-per-second-usr-sys-time: 1216.332592
      bogo-ops-per-second-real-time: 1188.742348
      wall-clock-time: 20.000129
      user-time: 19.540513
      system-time: 0.005950
      cpu-usage-per-instance: 97.731686
      max-rss: 976

...
