BaselineInfo:
  WebDBID: -1
  TimeStamp: 20260615145544
Version:
  Major: 11
  Minor: 0
  Build: 1004
  SpecialBuildName: ""
  ptArchitecture: x86_64_linux
Results:
  Results Complete: true
  NumTestProcesses: 4
  CPU_INTEGER_MATH: 16893.787333333334
  CPU_FLOATINGPOINT_MATH: 12009.721805230567
  CPU_PRIME: 47.525277644212437
  CPU_SORTING: 10209.579617880914
  CPU_ENCRYPTION: 2160.0988910363899
  CPU_COMPRESSION: 84047.10264455546
  CPU_SINGLETHREAD: 2054.9606020835913
  CPU_PHYSICS: 787.98999954982071
  CPU_MATRIX_MULT_SSE: 5978.3635202812866
  CPU_mm: 750.61897971058113
  CPU_sse: 2663.6288788267025
  CPU_fma: 8268.5461004910248
  CPU_avx: 5536.1344850862151
  CPU_avx512: 7445.1446167212034
  m_CPU_enc_SHA: 1184260855.4423535
  m_CPU_enc_AES: 4587182031.5786085
  m_CPU_enc_ECDSA: 1023640677.2811583
  ME_ALLOC_S: 1279.7024585176264
  ME_READ_S: 24427.530664062499
  ME_READ_L: 7295.80712890625
  ME_WRITE: 7324.4150390625
  ME_LARGE: 3851.25
  ME_LATENCY: 65.151494996169575
  ME_THREADED: 27234.9677734375
  SUMM_CPU: 6501.5789429868928
  SUMM_ME: 1611.7926147879409
SystemInformation:
  OSName: Ubuntu 24.04.4 LTS
  Kernel: 6.8.0-124-generic
  Device: ""
  Processor: Intel Xeon Processor (Cascadelake)
  NumSockets: 1
  Manufacturer: GenuineIntel
  NumCores: 2
  NumLogicals: 4
  CPUFrequency: 743
  CPUMaxFrequency: 2696
  Memory: 7935
  CPUInfo:
    number: 1
    Family: 6
    Model: 5
    stepping: 6
    features: 395049983
    manufacture: GenuineIntel
    typestring: Intel Xeon Processor (Cascadelake)
    iCoresPerPackage: 2
    iThreadsPerPackage: 2
    featuresEx:
      - 395049983
      - 4294586883
      - 739248128
    bHybrid: false
    nPCore: 0
    nLogicalsPerPCore: 0
    nECore: 0
    nLogicalsPerECore: 0
  MemModuleInfo:
    iNumMemSticks: 1
    DIMM 1:
      manufacturer: QEMU
      modulePartNo: Not Specified
      memType: RAM
      size: 8
      clkspeed: 0
      moduleVoltage: 0
Checksum: 3B7B5CCFA44B8FDFD77159DD491A638F45EE0988