BaselineInfo:
  WebDBID: -1
  TimeStamp: 20260621032100
Version:
  Major: 11
  Minor: 0
  Build: 1004
  SpecialBuildName: ""
  ptArchitecture: x86_64_linux
Results:
  Results Complete: true
  NumTestProcesses: 64
  CPU_INTEGER_MATH: 334674.38033333339
  CPU_FLOATINGPOINT_MATH: 239317.73839237724
  CPU_PRIME: 715.14780003161593
  CPU_SORTING: 167198.56735034351
  CPU_ENCRYPTION: 72162.330653549987
  CPU_COMPRESSION: 1300703.6789363218
  CPU_SINGLETHREAD: 3527.0172898501091
  CPU_PHYSICS: 12484.10103157135
  CPU_MATRIX_MULT_SSE: 88689.586532616537
  CPU_mm: 9328.5311061362499
  CPU_sse: 41023.916302682665
  CPU_fma: 107262.16183035096
  CPU_avx: 79381.906196461365
  CPU_avx512: 127090.36180097121
  m_CPU_enc_SHA: 76822590810.371918
  m_CPU_enc_AES: 99410737073.882584
  m_CPU_enc_ECDSA: 50769736197.876083
  ME_ALLOC_S: 32324.956647882958
  ME_READ_S: 30521.597265625001
  ME_READ_L: 23550.177734375
  ME_WRITE: 8567.533203125
  ME_LARGE: 118757.16666666667
  ME_LATENCY: 70.520400263604714
  ME_THREADED: 357918.13012695312
  SUMM_CPU: 87182.306632101172
  SUMM_ME: 2701.3946240309501
SystemInformation:
  OSName: Ubuntu 24.04.4 LTS
  Kernel: 6.17.0-1018-azure
  Device: ""
  Processor: Intel(R) Xeon(R) 6973P-C
  NumSockets: 1
  Manufacturer: GenuineIntel
  NumCores: 32
  NumLogicals: 64
  CPUFrequency: 2600
  CPUMaxFrequency: 2600
  Memory: 128886
  CPUInfo:
    number: 1
    Family: 6
    Model: 13
    stepping: 1
    features: 529267711
    manufacture: GenuineIntel
    typestring: Intel(R) Xeon(R) 6973P-C
    iCoresPerPackage: 32
    iThreadsPerPackage: 2
    featuresEx:
      - 529267711
      - 4294586915
      - 739248128
    bHybrid: false
    nPCore: 0
    nLogicalsPerPCore: 0
    nECore: 0
    nLogicalsPerECore: 0
  MemModuleInfo:
    iNumMemSticks: 4
    DIMM 1:
      manufacturer: Microsoft Corporation
      modulePartNo: None
      memType: Unknown
      size: 1
      clkspeed: 0
      moduleVoltage: 0
    DIMM 2:
      manufacturer: Microsoft Corporation
      modulePartNo: None
      memType: Unknown
      size: 59
      clkspeed: 0
      moduleVoltage: 0
    DIMM 3:
      manufacturer: Microsoft Corporation
      modulePartNo: None
      memType: Unknown
      size: 4
      clkspeed: 0
      moduleVoltage: 0
    DIMM 4:
      manufacturer: Microsoft Corporation
      modulePartNo: None
      memType: Unknown
      size: 64
      clkspeed: 0
      moduleVoltage: 0
Checksum: B2C40D87E994EEFF60EC73483F5B3FE8CD40C87C