BaselineInfo:
  WebDBID: -1
  TimeStamp: 20241107044226
Version:
  Major: 11
  Minor: 0
  Build: 1002
  SpecialBuildName: ""
  ptArchitecture: x86_64_linux
Results:
  Results Complete: true
  NumTestProcesses: 2
  CPU_INTEGER_MATH: 6621.9333333333334
  CPU_FLOATINGPOINT_MATH: 3917.2516427206674
  CPU_PRIME: 18.284706698465484
  CPU_SORTING: 4111.0664757066952
  CPU_ENCRYPTION: 2025.8796114450611
  CPU_COMPRESSION: 29936.555912106502
  CPU_SINGLETHREAD: 2034.4168078496195
  CPU_PHYSICS: 286.70230585841074
  CPU_MATRIX_MULT_SSE: 1736.4236362432771
  CPU_mm: 197.94436006326072
  CPU_sse: 815.72156043073824
  CPU_fma: 2641.6588542781037
  CPU_avx: 1751.8904940209891
  CPU_avx512: 0
  m_CPU_enc_SHA: 2828038492.790741
  m_CPU_enc_AES: 1970556210.43151
  m_CPU_enc_ECDSA: 1574271515.1295989
  ME_ALLOC_S: 677.07352784087482
  ME_READ_S: 23486.267382812501
  ME_READ_L: 11553.4501953125
  ME_WRITE: 9491.1455078125
  ME_LARGE: 6065
  ME_LATENCY: 58.59731093502279
  ME_THREADED: 18505.4306640625
  SUMM_CPU: 2784.8042385930344
  SUMM_ME: 1738.8676632035999
SystemInformation:
  OSName: Ubuntu 24.04.1 LTS
  Kernel: 6.8.0-1017-azure
  Device: ""
  Processor: AMD EPYC 7452 32-Core Processor
  NumSockets: 1
  Manufacturer: AuthenticAMD
  NumCores: 1
  NumLogicals: 2
  CPUFrequency: 0
  Memory: 15990
  MemModuleInfo:
    iNumMemSticks: 2
    DIMM 1:
      manufacturer: Microsoft Corporation
      modulePartNo: None
      memType: Unknown
      size: 1
      clkspeed: 0
      moduleVoltage: 0
    DIMM 2:
      manufacturer: Microsoft Corporation
      modulePartNo: None
      memType: Unknown
      size: 15
      clkspeed: 0
      moduleVoltage: 0
Checksum: 1594C38A419A3E05DF212C8FC6C7356B24860AE3