BaselineInfo:
  WebDBID: -1
  TimeStamp: 20241115153133
Version:
  Major: 11
  Minor: 0
  Build: 1002
  SpecialBuildName: ""
  ptArchitecture: x86_64_linux
Results:
  Results Complete: true
  NumTestProcesses: 2
  CPU_INTEGER_MATH: 8251.5726666666669
  CPU_FLOATINGPOINT_MATH: 4566.9886604014755
  CPU_PRIME: 19.782284060419791
  CPU_SORTING: 4643.5409302626813
  CPU_ENCRYPTION: 2152.8926139594223
  CPU_COMPRESSION: 32252.996161954077
  CPU_SINGLETHREAD: 2332.9303737891341
  CPU_PHYSICS: 397.34804094128509
  CPU_MATRIX_MULT_SSE: 1765.1362519495974
  CPU_mm: 224.07124682913778
  CPU_sse: 942.06807869739453
  CPU_fma: 2588.2618689437259
  CPU_avx: 1765.0788082076722
  CPU_avx512: 0
  m_CPU_enc_SHA: 3117865338.401741
  m_CPU_enc_AES: 1991492884.5945721
  m_CPU_enc_ECDSA: 1663056353.7290316
  ME_ALLOC_S: 894.55318737364917
  ME_READ_S: 24160.714453125001
  ME_READ_L: 19527.4921875
  ME_WRITE: 18485.404296875
  ME_LARGE: 7029
  ME_LATENCY: 64.104975794338813
  ME_THREADED: 22664.7763671875
  SUMM_CPU: 3138.2631980116603
  SUMM_ME: 2021.3708219723012
SystemInformation:
  OSName: Ubuntu 24.04.1 LTS
  Kernel: 6.8.0-1017-azure
  Device: ""
  Processor: AMD EPYC 7763 64-Core Processor
  NumSockets: 1
  Manufacturer: AuthenticAMD
  NumCores: 1
  NumLogicals: 2
  CPUFrequency: 0
  Memory: 15990
  MemModuleInfo:
    iNumMemSticks: 2
    DIMM 1:
      manufacturer: Microsoft Corporation
      modulePartNo: None
      memType: Unknown
      size: 1
      clkspeed: 0
      moduleVoltage: 0
    DIMM 2:
      manufacturer: Microsoft Corporation
      modulePartNo: None
      memType: Unknown
      size: 15
      clkspeed: 0
      moduleVoltage: 0
Checksum: 31CA2E636D0D339634A867AB9EEFE1D77C4075D0