BaselineInfo:
  WebDBID: -1
  TimeStamp: 20241114230343
Version:
  Major: 11
  Minor: 0
  Build: 1002
  SpecialBuildName: ""
  ptArchitecture: x86_64_linux
Results:
  Results Complete: true
  NumTestProcesses: 2
  CPU_INTEGER_MATH: 6763.1523333333334
  CPU_FLOATINGPOINT_MATH: 4048.5454339472644
  CPU_PRIME: 19.313416676818587
  CPU_SORTING: 4165.9708204007002
  CPU_ENCRYPTION: 2145.9983387324755
  CPU_COMPRESSION: 30465.179807106946
  CPU_SINGLETHREAD: 2073.8107039766196
  CPU_PHYSICS: 378.34247020178486
  CPU_MATRIX_MULT_SSE: 1779.6560459990542
  CPU_mm: 202.7623402838997
  CPU_sse: 837.08358784203756
  CPU_fma: 2712.8603208385375
  CPU_avx: 1789.0242293165877
  CPU_avx512: 0
  m_CPU_enc_SHA: 3037375417.5320749
  m_CPU_enc_AES: 2081006844.9484413
  m_CPU_enc_ECDSA: 1632344799.6237173
  ME_ALLOC_S: 710.47397429738282
  ME_READ_S: 24719.441210937501
  ME_READ_L: 12435.791015625
  ME_WRITE: 10251.0283203125
  ME_LARGE: 7032
  ME_LATENCY: 51.738825065389172
  ME_THREADED: 20493.357421875
  SUMM_CPU: 2885.1885499113587
  SUMM_ME: 1905.8991463405353
SystemInformation:
  OSName: Ubuntu 24.04.1 LTS
  Kernel: 6.8.0-1017-azure
  Device: ""
  Processor: AMD EPYC 7452 32-Core Processor
  NumSockets: 1
  Manufacturer: AuthenticAMD
  NumCores: 1
  NumLogicals: 2
  CPUFrequency: 0
  Memory: 15990
  MemModuleInfo:
    iNumMemSticks: 2
    DIMM 1:
      manufacturer: Microsoft Corporation
      modulePartNo: None
      memType: Unknown
      size: 1
      clkspeed: 0
      moduleVoltage: 0
    DIMM 2:
      manufacturer: Microsoft Corporation
      modulePartNo: None
      memType: Unknown
      size: 15
      clkspeed: 0
      moduleVoltage: 0
Checksum: 903FA2928B4B171CDEFDFC883FBD85FF2A559A8E