---
system-info:
      stress-ng-version: 0.17.08
      run-by: root
      date-yyyy-mm-dd: 2024:06:14
      time-hh-mm-ss: 21:55:21
      epoch-secs: 1718402121
      hostname: ae9cec4fb54f
      sysname: Linux
      nodename: ae9cec4fb54f
      release: 6.8.0-1008-aws
      version: '#8-Ubuntu SMP Sat Apr 20 00:46:25 UTC 2024'
      machine: x86_64
      compiler: 'musl-gcc 13.2.1'
      uptime: 120
      totalram: 32911536128
      freeram: 28552593408
      sharedram: 20062208
      bufferram: 107614208
      totalswap: 0
      freeswap: 0
      pagesize: 4096
      cpus: 8
      cpus-online: 8
      ticks-per-second: 100

metrics:
    - stressor: cpu
      bogo-ops: 238906
      bogo-ops-per-second-usr-sys-time: 1497.242964
      bogo-ops-per-second-real-time: 11945.265290
      wall-clock-time: 20.000058
      user-time: 159.541962
      system-time: 0.021987
      cpu-usage-per-instance: 99.727178
      max-rss: 976

...
