---
system-info:
      stress-ng-version: 0.17.08
      run-by: root
      date-yyyy-mm-dd: 2024:06:08
      time-hh-mm-ss: 15:54:52
      epoch-secs: 1717862092
      hostname: 53718f3593ad
      sysname: Linux
      nodename: 53718f3593ad
      release: 6.8.0-1008-aws
      version: '#8-Ubuntu SMP Sat Apr 20 00:46:25 UTC 2024'
      machine: x86_64
      compiler: 'musl-gcc 13.2.1'
      uptime: 116
      totalram: 32911536128
      freeram: 28493426688
      sharedram: 20062208
      bufferram: 102846464
      totalswap: 0
      freeswap: 0
      pagesize: 4096
      cpus: 8
      cpus-online: 8
      ticks-per-second: 100

metrics:
    - stressor: cpu
      bogo-ops: 104906
      bogo-ops-per-second-usr-sys-time: 1313.600715
      bogo-ops-per-second-real-time: 10488.934027
      wall-clock-time: 10.001588
      user-time: 79.845416
      system-time: 0.015990
      cpu-usage-per-instance: 99.810904
      max-rss: 4048

...
