BaselineInfo:
  WebDBID: -1
  TimeStamp: 20251219002336
Version:
  Major: 11
  Minor: 0
  Build: 1002
  SpecialBuildName: ""
  ptArchitecture: aarch64_linux
Results:
  Results Complete: true
  NumTestProcesses: 16
  CPU_INTEGER_MATH: 83493.53866666666
  CPU_FLOATINGPOINT_MATH: 97012.462112342735
  CPU_PRIME: 265.68864502832781
  CPU_SORTING: 74016.756440791956
  CPU_ENCRYPTION: 3031.4993280640242
  CPU_COMPRESSION: 106406.42300374965
  CPU_SINGLETHREAD: 1942.6174450996091
  CPU_PHYSICS: 4927.4207739981002
  CPU_MATRIX_MULT_SSE: 14733.02344385074
  CPU_mm: 1825.0320545249558
  CPU_sse: 11573.252773658198
  CPU_fma: 17892.794114043281
  CPU_avx: 0
  CPU_avx512: 0
  m_CPU_enc_SHA: 4792010444.7097988
  m_CPU_enc_AES: 1716085779.1963043
  m_CPU_enc_ECDSA: 3028176094.3660841
  ME_ALLOC_S: 24267.201693507133
  ME_READ_S: 20520.641992187499
  ME_READ_L: 20348.234375
  ME_WRITE: 21297.716796875
  ME_LARGE: 50528.416666666664
  ME_LATENCY: 44.844285558437583
  ME_THREADED: 285994.46484375
  SUMM_CPU: 14612.159831092689
  SUMM_ME: 3343.734331867377
SystemInformation:
  OSName: Ubuntu 24.04.2 LTS
  Kernel: 6.14.0-1018-aws
  Device: ""
  Processor: ARM Neoverse-V2 16 Core 0 MHz
  NumSockets: 1
  Manufacturer: ARM
  NumCores: 16
  NumLogicals: 16
  CPUFrequency: 0
  Memory: 63129
Checksum: 22A7C74D1AFBF1662BCBF5B336E04D652FA60A08