BaselineInfo:
  WebDBID: -1
  TimeStamp: 20260619235325
Version:
  Major: 11
  Minor: 0
  Build: 1004
  SpecialBuildName: ""
  ptArchitecture: x86_64_linux
Results:
  Results Complete: true
  NumTestProcesses: 16
  CPU_INTEGER_MATH: 99328.502999999997
  CPU_FLOATINGPOINT_MATH: 60439.351700609819
  CPU_PRIME: 143.64071390795763
  CPU_SORTING: 46509.594158977423
  CPU_ENCRYPTION: 20077.580971981344
  CPU_COMPRESSION: 370233.73209371796
  CPU_SINGLETHREAD: 3601.1962891460539
  CPU_PHYSICS: 3211.5962612595868
  CPU_MATRIX_MULT_SSE: 28856.237150607107
  CPU_mm: 2767.3096504215341
  CPU_sse: 10388.136330228064
  CPU_fma: 31048.411218492151
  CPU_avx: 30232.267075301581
  CPU_avx512: 43756.1339784066
  m_CPU_enc_SHA: 25421779568.231701
  m_CPU_enc_AES: 20751392277.711964
  m_CPU_enc_ECDSA: 16985436789.885265
  ME_ALLOC_S: 9472.9904148377973
  ME_READ_S: 32518.1220703125
  ME_READ_L: 29317.951171875
  ME_WRITE: 29813.458984375
  ME_LARGE: 120092.25
  ME_LATENCY: 80.015743064890444
  ME_THREADED: 54535.38720703125
  SUMM_CPU: 32237.461536450002
  SUMM_ME: 2723.0680756549
SystemInformation:
  OSName: Ubuntu 24.04.4 LTS
  Kernel: 6.17.0-1018-azure
  Device: ""
  Processor: "AMD EPYC 9V45 96-Core Processor                "
  NumSockets: 1
  Manufacturer: AuthenticAMD
  NumCores: 8
  NumLogicals: 16
  CPUFrequency: 0
  CPUMaxFrequency: 0
  Memory: 128809
  CPUInfo:
    number: 1
    Family: 15
    Model: 2
    stepping: 1
    features: 395049983
    manufacture: AuthenticAMD
    typestring: "AMD EPYC 9V45 96-Core Processor                "
    iCoresPerPackage: 8
    iThreadsPerPackage: 2
    featuresEx:
      - 395049983
      - 4277809667
      - 802421759
    bHybrid: false
    nPCore: 0
    nLogicalsPerPCore: 0
    nECore: 0
    nLogicalsPerECore: 0
  MemModuleInfo:
    iNumMemSticks: 3
    DIMM 1:
      manufacturer: Microsoft Corporation
      modulePartNo: None
      memType: Unknown
      size: 1
      clkspeed: 0
      moduleVoltage: 0
    DIMM 2:
      manufacturer: Microsoft Corporation
      modulePartNo: None
      memType: Unknown
      size: 59
      clkspeed: 0
      moduleVoltage: 0
    DIMM 3:
      manufacturer: Microsoft Corporation
      modulePartNo: None
      memType: Unknown
      size: 68
      clkspeed: 0
      moduleVoltage: 0
Checksum: 3DE3E16CD2B5AA47E8BDF55E3845F26359037966