---
system-info:
      stress-ng-version: 0.17.08
      run-by: root
      date-yyyy-mm-dd: 2024:09:19
      time-hh-mm-ss: 19:08:25
      epoch-secs: 1726772905
      hostname: sc-runner
      sysname: Linux
      nodename: sc-runner
      release: 6.8.0-1014-azure
      version: '#16-Ubuntu SMP Thu Aug 15 20:04:41 UTC 2024'
      machine: x86_64
      compiler: 'musl-gcc 13.2.1'
      uptime: 319
      totalram: 405534781440
      freeram: 394237001728
      sharedram: 38518784
      bufferram: 310902784
      totalswap: 0
      freeswap: 0
      pagesize: 4096
      cpus: 48
      cpus-online: 48
      ticks-per-second: 100

metrics:
    - stressor: cpu
      bogo-ops: 1293531
      bogo-ops-per-second-usr-sys-time: 1348.315051
      bogo-ops-per-second-real-time: 64676.369296
      wall-clock-time: 20.000056
      user-time: 959.344523
      system-time: 0.023986
      cpu-usage-per-instance: 99.933940
      max-rss: 1152

...
