---
system-info:
      stress-ng-version: 0.17.08
      run-by: root
      date-yyyy-mm-dd: 2024:06:15
      time-hh-mm-ss: 16:43:57
      epoch-secs: 1718469837
      hostname: f0beed978131
      sysname: Linux
      nodename: f0beed978131
      release: 6.8.0-1008-aws
      version: '#8-Ubuntu SMP Sat Apr 20 00:46:25 UTC 2024'
      machine: x86_64
      compiler: 'musl-gcc 13.2.1'
      uptime: 158
      totalram: 803068575744
      freeram: 797113458688
      sharedram: 78606336
      bufferram: 112136192
      totalswap: 0
      freeswap: 0
      pagesize: 4096
      cpus: 96
      cpus-online: 96
      ticks-per-second: 100

metrics:
    - stressor: cpu
      bogo-ops: 27623
      bogo-ops-per-second-usr-sys-time: 1381.165814
      bogo-ops-per-second-real-time: 1381.140467
      wall-clock-time: 20.000138
      user-time: 19.999771
      system-time: 0.000000
      cpu-usage-per-instance: 99.998165
      max-rss: 768

...
