---
system-info:
      stress-ng-version: 0.17.08
      run-by: root
      date-yyyy-mm-dd: 2024:06:09
      time-hh-mm-ss: 14:19:04
      epoch-secs: 1717942744
      hostname: 851d825b351f
      sysname: Linux
      nodename: 851d825b351f
      release: 6.8.0-1008-aws
      version: '#8-Ubuntu SMP Sat Apr 20 00:46:25 UTC 2024'
      machine: x86_64
      compiler: 'musl-gcc 13.2.1'
      uptime: 137
      totalram: 803068567552
      freeram: 797030596608
      sharedram: 78606336
      bufferram: 110972928
      totalswap: 0
      freeswap: 0
      pagesize: 4096
      cpus: 96
      cpus-online: 96
      ticks-per-second: 100

metrics:
    - stressor: cpu
      bogo-ops: 14921
      bogo-ops-per-second-usr-sys-time: 1491.947374
      bogo-ops-per-second-real-time: 1491.934277
      wall-clock-time: 10.001111
      user-time: 10.000023
      system-time: 0.001000
      cpu-usage-per-instance: 99.999122
      max-rss: 3072

...
