---
system-info:
      stress-ng-version: 0.17.08
      run-by: root
      date-yyyy-mm-dd: 2024:09:14
      time-hh-mm-ss: 08:23:53
      epoch-secs: 1726302233
      hostname: ip-172-31-22-172
      sysname: Linux
      nodename: ip-172-31-22-172
      release: 6.8.0-1014-aws
      version: '#15-Ubuntu SMP Thu Aug  8 19:13:06 UTC 2024'
      machine: x86_64
      compiler: 'musl-gcc 13.2.1'
      uptime: 456
      totalram: 9713146773504
      freeram: 9693149376512
      sharedram: 326246400
      bufferram: 225738752
      totalswap: 0
      freeswap: 0
      pagesize: 4096
      cpus: 448
      cpus-online: 448
      ticks-per-second: 100

metrics:
    - stressor: cpu
      bogo-ops: 28699
      bogo-ops-per-second-usr-sys-time: 1435.191184
      bogo-ops-per-second-real-time: 1434.942166
      wall-clock-time: 20.000109
      user-time: 19.996639
      system-time: 0.000000
      cpu-usage-per-instance: 99.982649
      max-rss: 0

...
