---
system-info:
      stress-ng-version: 0.17.08
      run-by: root
      date-yyyy-mm-dd: 2024:07:02
      time-hh-mm-ss: 23:26:55
      epoch-secs: 1719962815
      hostname: n2d-standard-96-982e4fd
      sysname: Linux
      nodename: n2d-standard-96-982e4fd
      release: 6.8.0-1009-gcp
      version: '#10-Ubuntu SMP Wed Jun 12 18:52:23 UTC 2024'
      machine: x86_64
      compiler: 'musl-gcc 13.2.1'
      uptime: 178
      totalram: 405717594112
      freeram: 399373881344
      sharedram: 69332992
      bufferram: 128909312
      totalswap: 0
      freeswap: 0
      pagesize: 4096
      cpus: 96
      cpus-online: 96
      ticks-per-second: 100

metrics:
    - stressor: cpu
      bogo-ops: 2590013
      bogo-ops-per-second-usr-sys-time: 1349.809912
      bogo-ops-per-second-real-time: 129500.253864
      wall-clock-time: 20.000061
      user-time: 1918.745360
      system-time: 0.052967
      cpu-usage-per-instance: 99.937107
      max-rss: 0

...
