---
system-info:
      stress-ng-version: 0.17.08
      run-by: root
      date-yyyy-mm-dd: 2024:07:29
      time-hh-mm-ss: 14:54:45
      epoch-secs: 1722264885
      hostname: c3d-highmem-90-lssd-e351455
      sysname: Linux
      nodename: c3d-highmem-90-lssd-e351455
      release: 6.8.0-1011-gcp
      version: '#12-Ubuntu SMP Wed Jul 10 21:47:53 UTC 2024'
      machine: x86_64
      compiler: 'musl-gcc 13.2.1'
      uptime: 150
      totalram: 760457129984
      freeram: 754581876736
      sharedram: 35397632
      bufferram: 142118912
      totalswap: 0
      freeswap: 0
      pagesize: 4096
      cpus: 90
      cpus-online: 90
      ticks-per-second: 100

metrics:
    - stressor: cpu
      bogo-ops: 57247
      bogo-ops-per-second-usr-sys-time: 2862.440882
      bogo-ops-per-second-real-time: 2862.338364
      wall-clock-time: 20.000081
      user-time: 19.998366
      system-time: 0.000999
      cpu-usage-per-instance: 99.996419
      max-rss: 720

...
