---
system-info:
      stress-ng-version: 0.17.08
      run-by: root
      date-yyyy-mm-dd: 2024:06:06
      time-hh-mm-ss: 06:19:19
      epoch-secs: 1717654759
      hostname: f7bd2b4b45cb
      sysname: Linux
      nodename: f7bd2b4b45cb
      release: 6.8.0-1008-aws
      version: '#8-Ubuntu SMP Sat Apr 20 02:43:14 UTC 2024'
      machine: aarch64
      compiler: 'musl-gcc 13.2.1'
      uptime: 116
      totalram: 66195951616
      freeram: 61897629696
      sharedram: 35094528
      bufferram: 80035840
      totalswap: 0
      freeswap: 0
      pagesize: 4096
      cpus: 32
      cpus-online: 32
      ticks-per-second: 100

metrics:
    - stressor: cpu
      bogo-ops: 94059
      bogo-ops-per-second-usr-sys-time: 292.881448
      bogo-ops-per-second-real-time: 9364.632661
      wall-clock-time: 10.044067
      user-time: 321.123437
      system-time: 0.026983
      cpu-usage-per-instance: 99.919190
      max-rss: 3840

...
