---
system-info:
      stress-ng-version: 0.17.08
      run-by: root
      date-yyyy-mm-dd: 2024:06:12
      time-hh-mm-ss: 22:54:55
      epoch-secs: 1718232895
      hostname: 7460800711ca
      sysname: Linux
      nodename: 7460800711ca
      release: 6.8.0-1008-aws
      version: '#8-Ubuntu SMP Sat Apr 20 02:43:14 UTC 2024'
      machine: aarch64
      compiler: 'musl-gcc 13.2.1'
      uptime: 129
      totalram: 66195947520
      freeram: 61691736064
      sharedram: 35094528
      bufferram: 109985792
      totalswap: 0
      freeswap: 0
      pagesize: 4096
      cpus: 32
      cpus-online: 32
      ticks-per-second: 100

metrics:
    - stressor: cpu
      bogo-ops: 971335
      bogo-ops-per-second-usr-sys-time: 1518.611108
      bogo-ops-per-second-real-time: 48566.571228
      wall-clock-time: 20.000074
      user-time: 639.601648
      system-time: 0.018986
      cpu-usage-per-instance: 99.940356
      max-rss: 1024

...
