---
system-info:
      stress-ng-version: 0.17.08
      run-by: root
      date-yyyy-mm-dd: 2024:06:07
      time-hh-mm-ss: 19:37:31
      epoch-secs: 1717789051
      hostname: aaa9eecb28c2
      sysname: Linux
      nodename: aaa9eecb28c2
      release: 6.8.0-31-generic
      version: '#31-Ubuntu SMP PREEMPT_DYNAMIC Sat Apr 20 00:40:06 UTC 2024'
      machine: x86_64
      compiler: 'musl-gcc 13.2.1'
      uptime: 163
      totalram: 4005638144
      freeram: 627884032
      sharedram: 21237760
      bufferram: 87199744
      totalswap: 0
      freeswap: 0
      pagesize: 4096
      cpus: 2
      cpus-online: 2
      ticks-per-second: 100

metrics:
    - stressor: cpu
      bogo-ops: 11872
      bogo-ops-per-second-usr-sys-time: 1187.773101
      bogo-ops-per-second-real-time: 1187.024025
      wall-clock-time: 10.001482
      user-time: 9.991176
      system-time: 0.003999
      cpu-usage-per-instance: 99.936934
      max-rss: 4048

...
