---
system-info:
      stress-ng-version: 0.17.08
      run-by: root
      date-yyyy-mm-dd: 2024:06:14
      time-hh-mm-ss: 21:50:16
      epoch-secs: 1718401816
      hostname: 37939b7e9a4c
      sysname: Linux
      nodename: 37939b7e9a4c
      release: 6.8.0-31-generic
      version: '#31-Ubuntu SMP PREEMPT_DYNAMIC Sat Apr 20 00:40:06 UTC 2024'
      machine: x86_64
      compiler: 'musl-gcc 13.2.1'
      uptime: 124
      totalram: 4005629952
      freeram: 500334592
      sharedram: 21213184
      bufferram: 104095744
      totalswap: 0
      freeswap: 0
      pagesize: 4096
      cpus: 2
      cpus-online: 2
      ticks-per-second: 100

metrics:
    - stressor: cpu
      bogo-ops: 22729
      bogo-ops-per-second-usr-sys-time: 1136.950770
      bogo-ops-per-second-real-time: 1136.431819
      wall-clock-time: 20.000320
      user-time: 19.989192
      system-time: 0.001999
      cpu-usage-per-instance: 99.954356
      max-rss: 1104

...
