BaselineInfo:
  WebDBID: -1
  TimeStamp: 20241111090452
Version:
  Major: 11
  Minor: 0
  Build: 1002
  SpecialBuildName: ""
  ptArchitecture: aarch64_linux
Results:
  Results Complete: true
  NumTestProcesses: 1
  CPU_INTEGER_MATH: 4713.1693333333333
  CPU_FLOATINGPOINT_MATH: 4680.5566402982959
  CPU_PRIME: 12.477919706528807
  CPU_SORTING: 3857.5168293060383
  CPU_ENCRYPTION: 132.67701625235085
  CPU_COMPRESSION: 5131.7945726551861
  CPU_SINGLETHREAD: 1448.7246206793568
  CPU_PHYSICS: 282.04853959455829
  CPU_MATRIX_MULT_SSE: 819.73495376538096
  CPU_mm: 107.41697969818982
  CPU_sse: 687.55758036405632
  CPU_fma: 951.91232716670561
  CPU_avx: 0
  CPU_avx512: 0
  m_CPU_enc_SHA: 204698164.96178785
  m_CPU_enc_AES: 80049888.956340134
  m_CPU_enc_ECDSA: 132617751.06334716
  ME_ALLOC_S: 993.74541326187887
  ME_READ_S: 19377.6875
  ME_READ_L: 18627.11328125
  ME_WRITE: 19383.849609375
  ME_LARGE: 535.66666666666663
  ME_LATENCY: 52.284146508159942
  ME_THREADED: 18617.744140625
  SUMM_CPU: 771.01484853191619
  SUMM_ME: 961.82380564470554
SystemInformation:
  OSName: Ubuntu 24.04.1 LTS
  Kernel: 6.8.0-1016-aws
  Device: ""
  Processor: ARM Neoverse-V1 1 Core 0 MHz
  NumSockets: 1
  Manufacturer: ARM
  NumCores: 1
  NumLogicals: 1
  CPUFrequency: 0
  Memory: 1831
Checksum: CA6C0070ABC35C939D8C27140501F3C0CA68DD83