BaselineInfo:
  WebDBID: -1
  TimeStamp: 20241114174821
Version:
  Major: 11
  Minor: 0
  Build: 1002
  SpecialBuildName: ""
  ptArchitecture: aarch64_linux
Results:
  Results Complete: true
  NumTestProcesses: 1
  CPU_INTEGER_MATH: 4731.7713333333331
  CPU_FLOATINGPOINT_MATH: 4705.8166525678316
  CPU_PRIME: 12.319342939653762
  CPU_SORTING: 3896.7613827942314
  CPU_ENCRYPTION: 134.50033635456683
  CPU_COMPRESSION: 5046.4571247882759
  CPU_SINGLETHREAD: 1455.8120225628359
  CPU_PHYSICS: 280.75101645571283
  CPU_MATRIX_MULT_SSE: 823.97001008634652
  CPU_mm: 107.56681800311604
  CPU_sse: 692.68662006524687
  CPU_fma: 955.25340010744605
  CPU_avx: 0
  CPU_avx512: 0
  m_CPU_enc_SHA: 208033786.16643497
  m_CPU_enc_AES: 80192784.355723277
  m_CPU_enc_ECDSA: 134874903.55782053
  ME_ALLOC_S: 1038.9761731532394
  ME_READ_S: 19395.339453125001
  ME_READ_L: 18757.81640625
  ME_WRITE: 19396.140625
  ME_LARGE: 548.41666666666663
  ME_LATENCY: 51.632186978542848
  ME_THREADED: 18723.63671875
  SUMM_CPU: 772.75400904483047
  SUMM_ME: 979.89243783883126
SystemInformation:
  OSName: Ubuntu 24.04.1 LTS
  Kernel: 6.8.0-1018-aws
  Device: ""
  Processor: ARM Neoverse-V1 1 Core 0 MHz
  NumSockets: 1
  Manufacturer: ARM
  NumCores: 1
  NumLogicals: 1
  CPUFrequency: 0
  Memory: 1831
Checksum: 18D1FB229BF0349E82466E5C52A485D6EC361C52