BaselineInfo:
  WebDBID: -1
  TimeStamp: 20241115102942
Version:
  Major: 11
  Minor: 0
  Build: 1002
  SpecialBuildName: ""
  ptArchitecture: aarch64_linux
Results:
  Results Complete: true
  NumTestProcesses: 1
  CPU_INTEGER_MATH: 4726.9906666666666
  CPU_FLOATINGPOINT_MATH: 4702.3973957419348
  CPU_PRIME: 12.278634810658778
  CPU_SORTING: 3859.0485087366692
  CPU_ENCRYPTION: 134.45618963656869
  CPU_COMPRESSION: 5191.5652796068753
  CPU_SINGLETHREAD: 1428.9225984927839
  CPU_PHYSICS: 280.42365981897331
  CPU_MATRIX_MULT_SSE: 820.79890609731683
  CPU_mm: 107.49392551826895
  CPU_sse: 686.45738896623561
  CPU_fma: 955.14042322839805
  CPU_avx: 0
  CPU_avx512: 0
  m_CPU_enc_SHA: 208754242.74253163
  m_CPU_enc_AES: 80183441.561496124
  m_CPU_enc_ECDSA: 134024916.20903622
  ME_ALLOC_S: 1003.444546251491
  ME_READ_S: 19333.841406250001
  ME_READ_L: 18627.060546875
  ME_WRITE: 19371.203125
  ME_LARGE: 576.83333333333337
  ME_LATENCY: 52.292361578028277
  ME_THREADED: 18640.212890625
  SUMM_CPU: 778.31258260682228
  SUMM_ME: 1003.6321907640994
SystemInformation:
  OSName: Ubuntu 24.04.1 LTS
  Kernel: 6.8.0-1018-aws
  Device: ""
  Processor: ARM Neoverse-V1 1 Core 0 MHz
  NumSockets: 1
  Manufacturer: ARM
  NumCores: 1
  NumLogicals: 1
  CPUFrequency: 0
  Memory: 1831
Checksum: 59A04C820F1D87C157CD3AC41361D9C9926D499B