size_kb,operation,bandwidth_mb_s,latency_ns,latency_stddev_ns,latency_samples,threads,iterations,elapsed_s
32,read,9193956.52,0,0,0,192,547046,0.357004
32,write,5751319.38,0,0,0,192,480769,0.501557
32,copy,4472147.00,0,0,0,192,193498,0.259604
32,latency,0,1.29,0.00,7,1,7,0.186143
128,read,9227401.22,0,0,0,192,146972,0.382267
128,write,5737468.68,0,0,0,192,97580,0.408180
128,copy,3591518.94,0,0,0,192,61079,0.408155
128,latency,0,3.55,0.00,7,1,7,0.703253
1024,read,3597562.74,0,0,0,192,17309,0.923772
1024,write,3309579.13,0,0,0,192,8521,0.494332
1024,copy,617218.80,0,0,0,192,5896,1.834085
1024,latency,0,6.40,0.01,7,1,7,0.689739
2048,read,1146633.37,0,0,0,192,4499,1.506686
2048,write,1907570.35,0,0,0,192,4000,0.805213
2048,copy,542054.49,0,0,0,192,1811,1.282941
2048,latency,0,11.78,0.04,7,1,7,0.691210
4096,read,1197526.53,0,0,0,192,1304,0.836284
4096,write,1055543.97,0,0,0,192,1479,1.076101
4096,copy,231702.35,0,0,0,192,659,2.184320
4096,latency,0,23.18,0.03,7,1,7,0.706300
131072,read,576594.71,0,0,0,192,34,1.449170
131072,write,489627.03,0,0,0,192,24,1.204639
131072,copy,164329.96,0,0,0,192,17,2.542397
131072,latency,0,43.26,0.09,7,1,7,3.845840
262144,read,567798.75,0,0,0,192,17,1.471620
262144,write,485159.39,0,0,0,192,11,1.114421
262144,copy,143980.69,0,0,0,96,8,1.365516
262144,latency,0,87.07,0.10,7,1,7,15.095092
524288,read,472718.64,0,0,0,96,8,0.831818
524288,write,371026.02,0,0,0,96,5,0.662379
524288,copy,116013.92,0,0,0,48,4,0.847347
524288,latency,0,113.61,0.05,7,1,7,39.221635
