---
system-info:
      stress-ng-version: 0.17.08
      run-by: root
      date-yyyy-mm-dd: 2024:06:08
      time-hh-mm-ss: 13:55:50
      epoch-secs: 1717854950
      hostname: 040f5d15275d
      sysname: Linux
      nodename: 040f5d15275d
      release: 6.8.0-31-generic
      version: '#31-Ubuntu SMP PREEMPT_DYNAMIC Sat Apr 20 00:40:06 UTC 2024'
      machine: x86_64
      compiler: 'musl-gcc 13.2.1'
      uptime: 77
      totalram: 32858046464
      freeram: 29220102144
      sharedram: 38055936
      bufferram: 110804992
      totalswap: 0
      freeswap: 0
      pagesize: 4096
      cpus: 8
      cpus-online: 8
      ticks-per-second: 100

metrics:
    - stressor: cpu
      bogo-ops: 109602
      bogo-ops-per-second-usr-sys-time: 1373.924627
      bogo-ops-per-second-real-time: 10958.054040
      wall-clock-time: 10.001958
      user-time: 79.760948
      system-time: 0.011987
      cpu-usage-per-instance: 99.696645
      max-rss: 3920

...
