---
system-info:
      stress-ng-version: 0.17.08
      run-by: root
      date-yyyy-mm-dd: 2024:06:14
      time-hh-mm-ss: 22:18:43
      epoch-secs: 1718403523
      hostname: df6aed2cf98a
      sysname: Linux
      nodename: df6aed2cf98a
      release: 6.8.0-31-generic
      version: '#31-Ubuntu SMP PREEMPT_DYNAMIC Sat Apr 20 00:40:06 UTC 2024'
      machine: x86_64
      compiler: 'musl-gcc 13.2.1'
      uptime: 81
      totalram: 32858050560
      freeram: 29277446144
      sharedram: 38055936
      bufferram: 116850688
      totalswap: 0
      freeswap: 0
      pagesize: 4096
      cpus: 8
      cpus-online: 8
      ticks-per-second: 100

metrics:
    - stressor: cpu
      bogo-ops: 244945
      bogo-ops-per-second-usr-sys-time: 1536.572283
      bogo-ops-per-second-real-time: 12247.223684
      wall-clock-time: 20.000043
      user-time: 159.397034
      system-time: 0.012974
      cpu-usage-per-instance: 99.631041
      max-rss: 1104

...
