BaselineInfo:
  WebDBID: -1
  TimeStamp: 20241109053755
Version:
  Major: 11
  Minor: 0
  Build: 1002
  SpecialBuildName: ""
  ptArchitecture: x86_64_linux
Results:
  Results Complete: true
  NumTestProcesses: 64
  CPU_INTEGER_MATH: 165888.09199999995
  CPU_FLOATINGPOINT_MATH: 87351.246772705563
  CPU_PRIME: 150.18230330117555
  CPU_SORTING: 96129.373819469431
  CPU_ENCRYPTION: 51288.39454940721
  CPU_COMPRESSION: 706412.25780815654
  CPU_SINGLETHREAD: 1448.7669261082722
  CPU_PHYSICS: 3731.6193051245868
  CPU_MATRIX_MULT_SSE: 26060.247221289774
  CPU_mm: 4922.0186215479453
  CPU_sse: 19446.547618910827
  CPU_fma: 30061.367686226287
  CPU_avx: 28672.826358732229
  CPU_avx512: 0
  m_CPU_enc_SHA: 72198145232.887558
  m_CPU_enc_AES: 50899399362.603333
  m_CPU_enc_ECDSA: 38241794213.626816
  ME_ALLOC_S: 15208.02967048718
  ME_READ_S: 14919.90390625
  ME_READ_L: 11729.6279296875
  ME_WRITE: 8251.37109375
  ME_LARGE: 241779.08333333334
  ME_LATENCY: 59.625744924686067
  ME_THREADED: 123191.27587890625
  SUMM_CPU: 37068.03998620082
  SUMM_ME: 2244.739148818488
SystemInformation:
  OSName: Ubuntu 24.04.1 LTS
  Kernel: 6.8.0-1016-aws
  Device: ""
  Processor: AMD EPYC 7571
  NumSockets: 1
  Manufacturer: AuthenticAMD
  NumCores: 32
  NumLogicals: 64
  CPUFrequency: 0
  Memory: 253750
  MemModuleInfo:
    iNumMemSticks: 4
    DIMM 1:
      manufacturer: Not Specified
      modulePartNo: Not Specified
      memType: DDR4
      size: 64
      clkspeed: 1333
      moduleVoltage: 0
    DIMM 2:
      manufacturer: Not Specified
      modulePartNo: Not Specified
      memType: DDR4
      size: 64
      clkspeed: 1333
      moduleVoltage: 0
    DIMM 3:
      manufacturer: Not Specified
      modulePartNo: Not Specified
      memType: DDR4
      size: 64
      clkspeed: 1333
      moduleVoltage: 0
    DIMM 4:
      manufacturer: Not Specified
      modulePartNo: Not Specified
      memType: DDR4
      size: 64
      clkspeed: 1333
      moduleVoltage: 0
Checksum: 2B53285C60789562111B5A5F8274494FFF87E9EA