---
system-info:
      stress-ng-version: 0.17.08
      run-by: root
      date-yyyy-mm-dd: 2024:09:23
      time-hh-mm-ss: 21:18:40
      epoch-secs: 1727126320
      hostname: c4-standard-8-38f4111
      sysname: Linux
      nodename: c4-standard-8-38f4111
      release: 6.8.0-1014-gcp
      version: '#16-Ubuntu SMP Mon Aug 26 15:55:46 UTC 2024'
      machine: x86_64
      compiler: 'musl-gcc 13.2.1'
      uptime: 203
      totalram: 31537205248
      freeram: 21037629440
      sharedram: 274604032
      bufferram: 252354560
      totalswap: 0
      freeswap: 0
      pagesize: 4096
      cpus: 8
      cpus-online: 8
      ticks-per-second: 100

metrics:
    - stressor: cpu
      bogo-ops: 41561
      bogo-ops-per-second-usr-sys-time: 2078.058624
      bogo-ops-per-second-real-time: 2078.044104
      wall-clock-time: 20.000057
      user-time: 19.999917
      system-time: 0.000000
      cpu-usage-per-instance: 99.999301
      max-rss: 976

...
