---
system-info:
      stress-ng-version: 0.17.08
      run-by: root
      date-yyyy-mm-dd: 2024:09:15
      time-hh-mm-ss: 23:20:01
      epoch-secs: 1726442401
      hostname: sc-runner
      sysname: Linux
      nodename: sc-runner
      release: 6.8.0-1014-azure
      version: '#16-Ubuntu SMP Thu Aug 15 21:06:50 UTC 2024'
      machine: aarch64
      compiler: 'musl-gcc 13.2.1'
      uptime: 316
      totalram: 33590222848
      freeram: 23658881024
      sharedram: 38141952
      bufferram: 226316288
      totalswap: 0
      freeswap: 0
      pagesize: 4096
      cpus: 4
      cpus-online: 4
      ticks-per-second: 100

metrics:
    - stressor: cpu
      bogo-ops: 144690
      bogo-ops-per-second-usr-sys-time: 1819.836352
      bogo-ops-per-second-real-time: 7234.477383
      wall-clock-time: 20.000063
      user-time: 79.489162
      system-time: 0.017987
      cpu-usage-per-instance: 99.383626
      max-rss: 1192

...
