---
system-info:
      stress-ng-version: 0.17.08
      run-by: root
      date-yyyy-mm-dd: 2024:08:30
      time-hh-mm-ss: 16:49:59
      epoch-secs: 1725036599
      hostname: sc-runner
      sysname: Linux
      nodename: sc-runner
      release: 6.8.0-1013-azure
      version: '#15-Ubuntu SMP Thu Aug  8 18:40:40 UTC 2024'
      machine: x86_64
      compiler: 'musl-gcc 13.2.1'
      uptime: 447
      totalram: 8323657728
      freeram: 295133184
      sharedram: 57122816
      bufferram: 198774784
      totalswap: 0
      freeswap: 0
      pagesize: 4096
      cpus: 4
      cpus-online: 4
      ticks-per-second: 100

metrics:
    - stressor: cpu
      bogo-ops: 28934
      bogo-ops-per-second-usr-sys-time: 367.972879
      bogo-ops-per-second-real-time: 1446.491198
      wall-clock-time: 20.002887
      user-time: 77.894595
      system-time: 0.736200
      cpu-usage-per-instance: 98.274308
      max-rss: 3152

...
