---
system-info:
      stress-ng-version: 0.17.08
      run-by: root
      date-yyyy-mm-dd: 2024:07:03
      time-hh-mm-ss: 08:51:26
      epoch-secs: 1719996686
      hostname: n4-highmem-64-09e6ede
      sysname: Linux
      nodename: n4-highmem-64-09e6ede
      release: 6.8.0-1009-gcp
      version: '#10-Ubuntu SMP Wed Jun 12 18:52:23 UTC 2024'
      machine: x86_64
      compiler: 'musl-gcc 13.2.1'
      uptime: 141
      totalram: 540820533248
      freeram: 534914801664
      sharedram: 274284544
      bufferram: 131629056
      totalswap: 0
      freeswap: 0
      pagesize: 4096
      cpus: 64
      cpus-online: 64
      ticks-per-second: 100

metrics:
    - stressor: cpu
      bogo-ops: 33517
      bogo-ops-per-second-usr-sys-time: 1675.869943
      bogo-ops-per-second-real-time: 1675.844187
      wall-clock-time: 20.000069
      user-time: 19.999762
      system-time: 0.000000
      cpu-usage-per-instance: 99.998463
      max-rss: 512

...
