BaselineInfo:
  WebDBID: -1
  TimeStamp: 20260612205148
Version:
  Major: 11
  Minor: 0
  Build: 1004
  SpecialBuildName: ""
  ptArchitecture: x86_64_linux
Results:
  Results Complete: true
  NumTestProcesses: 8
  CPU_INTEGER_MATH: 49178.457666666669
  CPU_FLOATINGPOINT_MATH: 45047.494283808664
  CPU_PRIME: 156.29079524367512
  CPU_SORTING: 30725.433612374047
  CPU_ENCRYPTION: 10500.070770722787
  CPU_COMPRESSION: 212172.16990051314
  CPU_SINGLETHREAD: 2960.6175996340548
  CPU_PHYSICS: 2812.043920414013
  CPU_MATRIX_MULT_SSE: 19929.485842515463
  CPU_mm: 2105.7585357768216
  CPU_sse: 9562.0756905783419
  CPU_fma: 27344.469500655359
  CPU_avx: 22881.9123363127
  CPU_avx512: 0
  m_CPU_enc_SHA: 14626597082.252716
  m_CPU_enc_AES: 9319120673.2539673
  m_CPU_enc_ECDSA: 9084648869.9375668
  ME_ALLOC_S: 4303.4067514610015
  ME_READ_S: 27865.812890624999
  ME_READ_L: 25875.61328125
  ME_WRITE: 23642.73828125
  ME_LARGE: 55954.166666666664
  ME_LATENCY: 69.019644254716468
  ME_THREADED: 200337.201171875
  SUMM_CPU: 20591.167627199979
  SUMM_ME: 2876.3697115795953
SystemInformation:
  OSName: Ubuntu 24.04.4 LTS
  Kernel: 6.8.0-124-generic
  Device: ""
  Processor: AMD EPYC-Milan Processor
  NumSockets: 1
  Manufacturer: AuthenticAMD
  NumCores: 4
  NumLogicals: 8
  CPUFrequency: 0
  CPUMaxFrequency: 0
  Memory: 64297
  CPUInfo:
    number: 1
    Family: 15
    Model: 1
    stepping: 1
    features: 395049983
    manufacture: AuthenticAMD
    typestring: AMD EPYC-Milan Processor
    iCoresPerPackage: 4
    iThreadsPerPackage: 2
    featuresEx:
      - 395049983
      - 4277809667
      - 802421759
    bHybrid: false
    nPCore: 0
    nLogicalsPerPCore: 0
    nECore: 0
    nLogicalsPerECore: 0
  MemModuleInfo:
    iNumMemSticks: 4
    DIMM 1:
      manufacturer: QEMU
      modulePartNo: Not Specified
      memType: RAM
      size: 16
      clkspeed: 0
      moduleVoltage: 0
    DIMM 2:
      manufacturer: QEMU
      modulePartNo: Not Specified
      memType: RAM
      size: 16
      clkspeed: 0
      moduleVoltage: 0
    DIMM 3:
      manufacturer: QEMU
      modulePartNo: Not Specified
      memType: RAM
      size: 16
      clkspeed: 0
      moduleVoltage: 0
    DIMM 4:
      manufacturer: QEMU
      modulePartNo: Not Specified
      memType: RAM
      size: 16
      clkspeed: 0
      moduleVoltage: 0
Checksum: 90BDD701E473505F63C058569E5AFD3145D125D2