BaselineInfo:
  WebDBID: -1
  TimeStamp: 20251216165020
Version:
  Major: 11
  Minor: 0
  Build: 1002
  SpecialBuildName: ""
  ptArchitecture: x86_64_linux
Results:
  Results Complete: true
  NumTestProcesses: 32
  CPU_INTEGER_MATH: 193654.39333333331
  CPU_FLOATINGPOINT_MATH: 178015.93876945708
  CPU_PRIME: 633.68843782939689
  CPU_SORTING: 123137.60190124379
  CPU_ENCRYPTION: 41846.51601824486
  CPU_COMPRESSION: 845355.5919270945
  CPU_SINGLETHREAD: 2948.7142614696468
  CPU_PHYSICS: 11271.405747982646
  CPU_MATRIX_MULT_SSE: 78842.146760261472
  CPU_mm: 8301.5706672336564
  CPU_sse: 37780.179540942496
  CPU_fma: 109301.19268265818
  CPU_avx: 89445.068057183715
  CPU_avx512: 0
  m_CPU_enc_SHA: 57732709695.808487
  m_CPU_enc_AES: 36785107038.047104
  m_CPU_enc_ECDSA: 37119940407.185745
  ME_ALLOC_S: 31841.067613204479
  ME_READ_S: 27920.524218750001
  ME_READ_L: 26904.681640625
  ME_WRITE: 23407.205078125
  ME_LARGE: 49396
  ME_LATENCY: 69.270526547540683
  ME_THREADED: 382461.47265625
  SUMM_CPU: 63662.124188381189
  SUMM_ME: 2995.4028439929029
SystemInformation:
  OSName: Ubuntu 24.04.2 LTS
  Kernel: 6.8.0-86-generic
  Device: ""
  Processor: AMD EPYC-Milan Processor
  NumSockets: 32
  Manufacturer: AuthenticAMD
  NumCores: 32
  NumLogicals: 32
  CPUFrequency: 0
  Memory: 62783
  MemModuleInfo:
    iNumMemSticks: 1
    DIMM 1:
      manufacturer: QEMU
      modulePartNo: Not Specified
      memType: RAM
      size: 64000
      clkspeed: 0
      moduleVoltage: 0
Checksum: 09546AD457E253CD8A61F36849A6D41E27270E6E