---
system-info:
      stress-ng-version: 0.17.08
      run-by: root
      date-yyyy-mm-dd: 2024:06:15
      time-hh-mm-ss: 17:40:09
      epoch-secs: 1718473209
      hostname: 17bd2c7dbf72
      sysname: Linux
      nodename: 17bd2c7dbf72
      release: 6.8.0-1008-aws
      version: '#8-Ubuntu SMP Sat Apr 20 00:46:25 UTC 2024'
      machine: x86_64
      compiler: 'musl-gcc 13.2.1'
      uptime: 124
      totalram: 397044187136
      freeram: 392311967744
      sharedram: 37195776
      bufferram: 108576768
      totalswap: 0
      freeswap: 0
      pagesize: 4096
      cpus: 48
      cpus-online: 48
      ticks-per-second: 100

metrics:
    - stressor: cpu
      bogo-ops: 1433294
      bogo-ops-per-second-usr-sys-time: 1493.772569
      bogo-ops-per-second-real-time: 71664.515078
      wall-clock-time: 20.000052
      user-time: 959.481879
      system-time: 0.030988
      cpu-usage-per-instance: 99.948999
      max-rss: 1152

...
