---
system-info:
      stress-ng-version: 0.17.08
      run-by: root
      date-yyyy-mm-dd: 2024:06:09
      time-hh-mm-ss: 14:55:04
      epoch-secs: 1717944904
      hostname: ae5a76f2b570
      sysname: Linux
      nodename: ae5a76f2b570
      release: 6.8.0-1008-aws
      version: '#8-Ubuntu SMP Sat Apr 20 00:46:25 UTC 2024'
      machine: x86_64
      compiler: 'musl-gcc 13.2.1'
      uptime: 124
      totalram: 397044187136
      freeram: 392169144320
      sharedram: 37195776
      bufferram: 108945408
      totalswap: 0
      freeswap: 0
      pagesize: 4096
      cpus: 48
      cpus-online: 48
      ticks-per-second: 100

metrics:
    - stressor: cpu
      bogo-ops: 631167
      bogo-ops-per-second-usr-sys-time: 1315.998393
      bogo-ops-per-second-real-time: 63109.050896
      wall-clock-time: 10.001212
      user-time: 479.549796
      system-time: 0.060972
      cpu-usage-per-instance: 99.906801
      max-rss: 3840

...
