BaselineInfo:
  WebDBID: -1
  TimeStamp: 20260617104513
Version:
  Major: 11
  Minor: 0
  Build: 1004
  SpecialBuildName: ""
  ptArchitecture: x86_64_linux
Results:
  Results Complete: true
  NumTestProcesses: 8
  CPU_INTEGER_MATH: 25690.024666666664
  CPU_FLOATINGPOINT_MATH: 19445.753622537544
  CPU_PRIME: 74.431273388876747
  CPU_SORTING: 17600.360448990919
  CPU_ENCRYPTION: 3307.853921141399
  CPU_COMPRESSION: 136176.95762778312
  CPU_SINGLETHREAD: 1690.8072795545866
  CPU_PHYSICS: 1096.8722147077999
  CPU_MATRIX_MULT_SSE: 10826.984823593179
  CPU_mm: 1172.0743758760748
  CPU_sse: 4340.895273331761
  CPU_fma: 14684.98052284999
  CPU_avx: 9903.338111852061
  CPU_avx512: 14378.725386338901
  m_CPU_enc_SHA: 1807590922.6053386
  m_CPU_enc_AES: 6997069438.1945515
  m_CPU_enc_ECDSA: 1600948338.8444009
  ME_ALLOC_S: 2217.6625767902888
  ME_READ_S: 19504.813085937501
  ME_READ_L: 6145.724609375
  ME_WRITE: 6647.962890625
  ME_LARGE: 22321
  ME_LATENCY: 78.593842343684017
  ME_THREADED: 45930.87109375
  SUMM_CPU: 9971.6631092504904
  SUMM_ME: 1660.1264299911666
SystemInformation:
  OSName: Ubuntu 24.04.4 LTS
  Kernel: 6.8.0-117-generic
  Device: ""
  Processor: Intel(R) Xeon(R) Platinum
  NumSockets: 1
  Manufacturer: GenuineIntel
  NumCores: 4
  NumLogicals: 8
  CPUFrequency: 0
  CPUMaxFrequency: 0
  Memory: 30669
  CPUInfo:
    number: 1
    Family: 6
    Model: 5
    stepping: 4
    features: 529267711
    manufacture: GenuineIntel
    typestring: Intel(R) Xeon(R) Platinum
    iCoresPerPackage: 4
    iThreadsPerPackage: 2
    featuresEx:
      - 529267711
      - 4294586883
      - 739248128
    bHybrid: false
    nPCore: 0
    nLogicalsPerPCore: 0
    nECore: 0
    nLogicalsPerECore: 0
  MemModuleInfo:
    iNumMemSticks: 2
    DIMM 1:
      manufacturer: Alibaba Cloud
      modulePartNo: Not Specified
      memType: RAM
      size: 16
      clkspeed: 0
      moduleVoltage: 0
    DIMM 2:
      manufacturer: Alibaba Cloud
      modulePartNo: Not Specified
      memType: RAM
      size: 16
      clkspeed: 0
      moduleVoltage: 0
Checksum: A20846FC020EBE91581369A1850C5EBE230A114A