BaselineInfo:
  WebDBID: -1
  TimeStamp: 20241210042326
Version:
  Major: 11
  Minor: 0
  Build: 1002
  SpecialBuildName: ""
  ptArchitecture: x86_64_linux
Results:
  Results Complete: true
  NumTestProcesses: 64
  CPU_INTEGER_MATH: 323398.06566666672
  CPU_FLOATINGPOINT_MATH: 230281.82075227675
  CPU_PRIME: 634.65093086654338
  CPU_SORTING: 161862.89579666196
  CPU_ENCRYPTION: 71309.533630805658
  CPU_COMPRESSION: 1186024.4670383832
  CPU_SINGLETHREAD: 3158.8509136390694
  CPU_PHYSICS: 11568.404393878582
  CPU_MATRIX_MULT_SSE: 92183.066595155702
  CPU_mm: 9138.7348946655511
  CPU_sse: 39880.273504891935
  CPU_fma: 105248.17636887898
  CPU_avx: 81193.319335898006
  CPU_avx512: 142410.49717095401
  m_CPU_enc_SHA: 75368603409.631165
  m_CPU_enc_AES: 97973506786.561813
  m_CPU_enc_ECDSA: 50978286413.173988
  ME_ALLOC_S: 35206.656437035876
  ME_READ_S: 28221.544531250001
  ME_READ_L: 10626.00390625
  ME_WRITE: 9437.30859375
  ME_LARGE: 1018742
  ME_LATENCY: 68.382339284205543
  ME_THREADED: 330639.25219726562
  SUMM_CPU: 81783.600963988836
  SUMM_ME: 2474.9448206208053
SystemInformation:
  OSName: Ubuntu 24.04.1 LTS
  Kernel: 6.8.0-1017-azure
  Device: ""
  Processor: Intel Xeon Platinum 8473C
  NumSockets: 2
  Manufacturer: GenuineIntel
  NumCores: 32
  NumLogicals: 64
  CPUFrequency: 2100
  Memory: 1032053
  MemModuleInfo:
    iNumMemSticks: 4
    DIMM 1:
      manufacturer: Microsoft Corporation
      modulePartNo: None
      memType: Unknown
      size: 1
      clkspeed: 0
      moduleVoltage: 0
    DIMM 2:
      manufacturer: Microsoft Corporation
      modulePartNo: None
      memType: Unknown
      size: 59
      clkspeed: 0
      moduleVoltage: 0
    DIMM 3:
      manufacturer: Microsoft Corporation
      modulePartNo: None
      memType: Unknown
      size: 452
      clkspeed: 0
      moduleVoltage: 0
    DIMM 4:
      manufacturer: Microsoft Corporation
      modulePartNo: None
      memType: Unknown
      size: 512
      clkspeed: 0
      moduleVoltage: 0
Checksum: AFF863131460CEBA55EF7EDB874FD516199B699E