BaselineInfo:
  WebDBID: -1
  TimeStamp: 20241109213856
Version:
  Major: 11
  Minor: 0
  Build: 1002
  SpecialBuildName: ""
  ptArchitecture: x86_64_linux
Results:
  Results Complete: true
  NumTestProcesses: 128
  CPU_INTEGER_MATH: 588224.06599999999
  CPU_FLOATINGPOINT_MATH: 322860.03598269593
  CPU_PRIME: 736.84144912159388
  CPU_SORTING: 289102.11640853871
  CPU_ENCRYPTION: 151539.76886521815
  CPU_COMPRESSION: 2221226.7654528329
  CPU_SINGLETHREAD: 2634.2539596093839
  CPU_PHYSICS: 13183.270365730648
  CPU_MATRIX_MULT_SSE: 118941.19297914457
  CPU_mm: 14762.262632893393
  CPU_sse: 60678.832240120588
  CPU_fma: 162246.84088768924
  CPU_avx: 133897.905809624
  CPU_avx512: 0
  m_CPU_enc_SHA: 219766831660.65952
  m_CPU_enc_AES: 140574775970.49463
  m_CPU_enc_ECDSA: 116361286401.69084
  ME_ALLOC_S: 28854.998142860491
  ME_READ_S: 26390.142968749999
  ME_READ_L: 17349.025390625
  ME_WRITE: 17280.609375
  ME_LARGE: 995890.66666666663
  ME_LATENCY: 61.827983902800895
  ME_THREADED: 277995.6865234375
  SUMM_CPU: 99463.435282616221
  SUMM_ME: 2980.3657061049807
SystemInformation:
  OSName: Ubuntu 24.04.1 LTS
  Kernel: 6.8.0-1016-aws
  Device: ""
  Processor: AMD EPYC 7R13 Processor
  NumSockets: 2
  Manufacturer: AuthenticAMD
  NumCores: 64
  NumLogicals: 128
  CPUFrequency: 0
  Memory: 1010270
  MemModuleInfo:
    iNumMemSticks: 4
    DIMM 1:
      manufacturer: Not Specified
      modulePartNo: Not Specified
      memType: DDR4
      size: 256
      clkspeed: 1600
      moduleVoltage: 0
    DIMM 2:
      manufacturer: Not Specified
      modulePartNo: Not Specified
      memType: DDR4
      size: 256
      clkspeed: 1600
      moduleVoltage: 0
    DIMM 3:
      manufacturer: Not Specified
      modulePartNo: Not Specified
      memType: DDR4
      size: 256
      clkspeed: 1600
      moduleVoltage: 0
    DIMM 4:
      manufacturer: Not Specified
      modulePartNo: Not Specified
      memType: DDR4
      size: 256
      clkspeed: 1600
      moduleVoltage: 0
Checksum: 9DA3AA94AFFED3ED4BB48218250820E9CFF374C6