---
system-info:
      stress-ng-version: 0.17.08
      run-by: root
      date-yyyy-mm-dd: 2024:07:26
      time-hh-mm-ss: 08:29:53
      epoch-secs: 1721982593
      hostname: a2-ultragpu-8g-8ae0c84
      sysname: Linux
      nodename: a2-ultragpu-8g-8ae0c84
      release: 6.8.0-1010-gcp
      version: '#11-Ubuntu SMP Fri Jun 14 16:56:45 UTC 2024'
      machine: x86_64
      compiler: 'musl-gcc 13.2.1'
      uptime: 253
      totalram: 1437314392064
      freeram: 1427387060224
      sharedram: 83062784
      bufferram: 129802240
      totalswap: 0
      freeswap: 0
      pagesize: 4096
      cpus: 96
      cpus-online: 96
      ticks-per-second: 100

metrics:
    - stressor: cpu
      bogo-ops: 1514513
      bogo-ops-per-second-usr-sys-time: 789.500187
      bogo-ops-per-second-real-time: 75725.176931
      wall-clock-time: 20.000125
      user-time: 1918.272764
      system-time: 0.045970
      cpu-usage-per-instance: 99.911810
      max-rss: 768

...
