BaselineInfo:
  WebDBID: -1
  TimeStamp: 20260404195303
Version:
  Major: 11
  Minor: 0
  Build: 1004
  SpecialBuildName: ""
  ptArchitecture: x86_64_linux
Results:
  Results Complete: true
  NumTestProcesses: 12
  CPU_INTEGER_MATH: 36136.089000000007
  CPU_FLOATINGPOINT_MATH: 19403.900628798245
  CPU_PRIME: 53.285160831056139
  CPU_SORTING: 22180.228831900495
  CPU_ENCRYPTION: 5006.0005994671947
  CPU_COMPRESSION: 166537.7876117563
  CPU_SINGLETHREAD: 2062.6941791867912
  CPU_PHYSICS: 975.83804791594753
  CPU_MATRIX_MULT_SSE: 9765.5221943048036
  CPU_mm: 1100.108921507375
  CPU_sse: 3897.2023174020314
  CPU_fma: 12618.392562676778
  CPU_avx: 8916.144127445863
  CPU_avx512: 13630.349769694543
  m_CPU_enc_SHA: 1634177834.0967047
  m_CPU_enc_AES: 12628596467.702713
  m_CPU_enc_ECDSA: 1484741951.9613228
  ME_ALLOC_S: 3629.7100614799665
  ME_READ_S: 23473.0458984375
  ME_READ_L: 6689.80126953125
  ME_WRITE: 7310.638671875
  ME_LARGE: 34786.916666666664
  ME_LATENCY: 77.262079426594553
  ME_THREADED: 52332.70947265625
  SUMM_CPU: 11929.551099199482
  SUMM_ME: 1830.2035983369205
SystemInformation:
  OSName: Ubuntu 24.04.4 LTS
  Kernel: 6.8.0-106-generic
  Device: ""
  Processor: Intel(R) Xeon(R) Gold 6149 CPU @ 3.10GHz
  NumSockets: 1
  Manufacturer: GenuineIntel
  NumCores: 6
  NumLogicals: 12
  CPUFrequency: 3100
  CPUMaxFrequency: 3400
  Memory: 47788
  CPUInfo:
    number: 1
    Family: 6
    Model: 5
    stepping: 4
    features: 529267711
    manufacture: GenuineIntel
    typestring: Intel(R) Xeon(R) Gold 6149 CPU @ 3.10GHz
    iCoresPerPackage: 6
    iThreadsPerPackage: 2
    featuresEx:
      - 529267711
      - 4294586883
      - 739248128
    bHybrid: false
    nPCore: 0
    nLogicalsPerPCore: 0
    nECore: 0
    nLogicalsPerECore: 0
  MemModuleInfo:
    iNumMemSticks: 3
    DIMM 1:
      manufacturer: Alibaba Cloud
      modulePartNo: Not Specified
      memType: RAM
      size: 16
      clkspeed: 0
      moduleVoltage: 0
    DIMM 2:
      manufacturer: Alibaba Cloud
      modulePartNo: Not Specified
      memType: RAM
      size: 16
      clkspeed: 0
      moduleVoltage: 0
    DIMM 3:
      manufacturer: Alibaba Cloud
      modulePartNo: Not Specified
      memType: RAM
      size: 16
      clkspeed: 0
      moduleVoltage: 0
Checksum: 3FACCFABE1F41B4AEA1772B1AF49FB7D7FF5772C