BaselineInfo:
  WebDBID: -1
  TimeStamp: 20241108105119
Version:
  Major: 11
  Minor: 0
  Build: 1002
  SpecialBuildName: ""
  ptArchitecture: x86_64_linux
Results:
  Results Complete: true
  NumTestProcesses: 8
  CPU_INTEGER_MATH: 36802.968333333331
  CPU_FLOATINGPOINT_MATH: 20266.310621123266
  CPU_PRIME: 80.892785514998778
  CPU_SORTING: 19695.563490156866
  CPU_ENCRYPTION: 9561.7353822840505
  CPU_COMPRESSION: 142615.00193296059
  CPU_SINGLETHREAD: 2614.3382894645215
  CPU_PHYSICS: 1427.6832637405328
  CPU_MATRIX_MULT_SSE: 8137.0608205060889
  CPU_mm: 995.17423811002811
  CPU_sse: 4190.5685693262076
  CPU_fma: 11503.094044445706
  CPU_avx: 8717.5198477463546
  CPU_avx512: 0
  m_CPU_enc_SHA: 13848832079.679537
  m_CPU_enc_AES: 8856507461.805706
  m_CPU_enc_ECDSA: 7373279179.1563988
  ME_ALLOC_S: 3720.7201792598294
  ME_READ_S: 26436.582812500001
  ME_READ_L: 16887.98828125
  ME_WRITE: 17514.388671875
  ME_LARGE: 18467.5
  ME_LATENCY: 66.77111311296261
  ME_THREADED: 38681.95556640625
  SUMM_CPU: 13090.070821783884
  SUMM_ME: 2459.3750334045685
SystemInformation:
  OSName: Ubuntu 24.04.1 LTS
  Kernel: 6.8.0-1016-aws
  Device: ""
  Processor: AMD EPYC 7R13 Processor
  NumSockets: 1
  Manufacturer: AuthenticAMD
  NumCores: 4
  NumLogicals: 8
  CPUFrequency: 0
  Memory: 30882
  MemModuleInfo:
    iNumMemSticks: 1
    DIMM 1:
      manufacturer: Not Specified
      modulePartNo: Not Specified
      memType: DDR4
      size: 32
      clkspeed: 1600
      moduleVoltage: 0
Checksum: 9C783B94FB50543A2ED7FA65C21C06E8A45FAE85