BaselineInfo:
  WebDBID: -1
  TimeStamp: 20260612222641
Version:
  Major: 11
  Minor: 0
  Build: 1004
  SpecialBuildName: ""
  ptArchitecture: x86_64_linux
Results:
  Results Complete: true
  NumTestProcesses: 16
  CPU_INTEGER_MATH: 102501.49299999999
  CPU_FLOATINGPOINT_MATH: 62380.253303914658
  CPU_PRIME: 208.31009736341738
  CPU_SORTING: 49621.374791274415
  CPU_ENCRYPTION: 20609.698168412247
  CPU_COMPRESSION: 388605.1170156271
  CPU_SINGLETHREAD: 3656.650089459697
  CPU_PHYSICS: 4122.5238486510698
  CPU_MATRIX_MULT_SSE: 31544.075475308262
  CPU_mm: 2961.6580304866739
  CPU_sse: 11044.705294463167
  CPU_fma: 33566.035592674096
  CPU_avx: 33119.86867497721
  CPU_avx512: 48445.692339118614
  m_CPU_enc_SHA: 25832311703.16613
  m_CPU_enc_AES: 21152658965.39399
  m_CPU_enc_ECDSA: 17847533931.363003
  ME_ALLOC_S: 11410.446583211937
  ME_READ_S: 32620.830859375001
  ME_READ_L: 30488.529296875
  ME_WRITE: 31481.626953125
  ME_LARGE: 120069.91666666667
  ME_LATENCY: 79.044207078070428
  ME_THREADED: 144820.90673828125
  SUMM_CPU: 34359.830517150003
  SUMM_ME: 2871.6593993109345
SystemInformation:
  OSName: Ubuntu 24.04.4 LTS
  Kernel: 6.8.0-124-generic
  Device: ""
  Processor: AMD EPYC-Turin Processor
  NumSockets: 1
  Manufacturer: AuthenticAMD
  NumCores: 8
  NumLogicals: 16
  CPUFrequency: 0
  CPUMaxFrequency: 0
  Memory: 128805
  CPUInfo:
    number: 1
    Family: 15
    Model: 0
    stepping: 0
    features: 395049983
    manufacture: AuthenticAMD
    typestring: AMD EPYC-Turin Processor
    iCoresPerPackage: 8
    iThreadsPerPackage: 2
    featuresEx:
      - 395049983
      - 4277809667
      - 802421759
    bHybrid: false
    nPCore: 0
    nLogicalsPerPCore: 0
    nECore: 0
    nLogicalsPerECore: 0
  MemModuleInfo:
    iNumMemSticks: 1
    DIMM 1:
      manufacturer: QEMU
      modulePartNo: Not Specified
      memType: RAM
      size: 128
      clkspeed: 0
      moduleVoltage: 0
Checksum: 7A96A6CBB3ECF2B6D779306D2085A96215675F4B