size_kb,operation,bandwidth_mb_s,latency_ns,latency_stddev_ns,latency_samples,threads,iterations,elapsed_s
32,read,249488.91,0,0,0,4,712251,0.356855
32,write,250452.32,0,0,0,4,735294,0.366983
32,copy,165137.86,0,0,0,4,402576,0.304727
32,latency,0,0.99,0.01,7,1,7,0.144628
128,read,248942.77,0,0,0,4,213492,0.428797
128,write,248009.60,0,0,0,4,184911,0.372790
128,copy,170180.82,0,0,0,4,131371,0.385975
128,latency,0,2.70,0.00,7,1,7,0.674516
512,read,233897.78,0,0,0,4,53798,0.460013
512,write,245213.93,0,0,0,4,50220,0.409602
512,copy,109697.60,0,0,0,4,25367,0.462490
512,latency,0,3.74,0.01,7,1,7,0.696351
1024,read,214478.67,0,0,0,4,24425,0.455523
1024,write,219351.93,0,0,0,4,24140,0.440206
1024,copy,98759.31,0,0,0,4,11631,0.471085
1024,latency,0,5.81,0.03,7,1,7,0.700019
2048,read,197412.60,0,0,0,4,11198,0.453791
2048,write,195933.36,0,0,0,4,11503,0.469670
2048,copy,102727.87,0,0,0,4,5040,0.392493
2048,latency,0,9.85,0.03,7,1,7,0.676000
8192,read,163194.46,0,0,0,4,1990,0.390209
8192,write,146474.19,0,0,0,4,2167,0.473421
8192,copy,35161.43,0,0,0,4,855,0.778125
8192,latency,0,11.40,0.02,7,1,7,0.698748
16384,read,86606.23,0,0,0,4,687,0.507677
16384,write,46037.97,0,0,0,4,888,1.234459
16384,copy,20575.35,0,0,0,4,323,1.004697
16384,latency,0,15.28,2.48,21,1,21,1.154753
32768,read,51052.06,0,0,0,4,308,0.772231
32768,write,27097.25,0,0,0,4,213,1.006154
32768,copy,18039.16,0,0,0,4,135,0.957916
32768,latency,0,102.83,11.15,21,1,21,5.066905
65536,read,45071.89,0,0,0,4,124,0.704297
65536,write,26716.69,0,0,0,4,99,0.948620
65536,copy,18054.81,0,0,0,4,65,0.921638
65536,latency,0,105.92,2.08,7,1,7,4.585772
131072,read,43994.69,0,0,0,4,74,0.861195
131072,write,25619.64,0,0,0,4,47,0.939280
131072,copy,17829.84,0,0,0,4,33,0.947625
131072,latency,0,113.46,3.04,7,1,7,9.668800
