BaselineInfo:
  WebDBID: -1
  TimeStamp: 20260404161456
Version:
  Major: 11
  Minor: 0
  Build: 1004
  SpecialBuildName: ""
  ptArchitecture: x86_64_linux
Results:
  Results Complete: true
  NumTestProcesses: 12
  CPU_INTEGER_MATH: 38439.707666666669
  CPU_FLOATINGPOINT_MATH: 20607.654880704813
  CPU_PRIME: 76.51350885401402
  CPU_SORTING: 23411.2362029584
  CPU_ENCRYPTION: 5314.3446387650019
  CPU_COMPRESSION: 178888.60831005982
  CPU_SINGLETHREAD: 2146.4162578501832
  CPU_PHYSICS: 1324.3244930456976
  CPU_MATRIX_MULT_SSE: 10742.11516695914
  CPU_mm: 1169.7602456936461
  CPU_sse: 4178.6618657202725
  CPU_fma: 13033.122537366071
  CPU_avx: 9215.4075067154226
  CPU_avx512: 16541.268758034796
  m_CPU_enc_SHA: 1736029323.3117337
  m_CPU_enc_AES: 13406376947.132053
  m_CPU_enc_ECDSA: 1575076461.3691621
  ME_ALLOC_S: 4450.4784952632972
  ME_READ_S: 24736.689453125
  ME_READ_L: 9869.953125
  ME_WRITE: 9748.927734375
  ME_LARGE: 81403.666666666672
  ME_LATENCY: 54.337669243112082
  ME_THREADED: 68271.84765625
  SUMM_CPU: 13015.263770150828
  SUMM_ME: 2474.5487912716476
SystemInformation:
  OSName: Ubuntu 24.04.4 LTS
  Kernel: 6.8.0-106-generic
  Device: ""
  Processor: Intel(R) Xeon(R) Platinum 8269CY CPU T 3.10GHz
  NumSockets: 1
  Manufacturer: GenuineIntel
  NumCores: 6
  NumLogicals: 12
  CPUFrequency: 3100
  CPUMaxFrequency: 3800
  Memory: 94517
  CPUInfo:
    number: 1
    Family: 6
    Model: 5
    stepping: 7
    features: 529267711
    manufacture: GenuineIntel
    typestring: Intel(R) Xeon(R) Platinum 8269CY CPU T 3.10GHz
    iCoresPerPackage: 6
    iThreadsPerPackage: 2
    featuresEx:
      - 529267711
      - 4277809667
      - 739248128
    bHybrid: false
    nPCore: 0
    nLogicalsPerPCore: 0
    nECore: 0
    nLogicalsPerECore: 0
  MemModuleInfo:
    iNumMemSticks: 6
    DIMM 1:
      manufacturer: Alibaba Cloud
      modulePartNo: Not Specified
      memType: RAM
      size: 16
      clkspeed: 0
      moduleVoltage: 0
    DIMM 2:
      manufacturer: Alibaba Cloud
      modulePartNo: Not Specified
      memType: RAM
      size: 16
      clkspeed: 0
      moduleVoltage: 0
    DIMM 3:
      manufacturer: Alibaba Cloud
      modulePartNo: Not Specified
      memType: RAM
      size: 16
      clkspeed: 0
      moduleVoltage: 0
    DIMM 4:
      manufacturer: Alibaba Cloud
      modulePartNo: Not Specified
      memType: RAM
      size: 16
      clkspeed: 0
      moduleVoltage: 0
    DIMM 5:
      manufacturer: Alibaba Cloud
      modulePartNo: Not Specified
      memType: RAM
      size: 16
      clkspeed: 0
      moduleVoltage: 0
    DIMM 6:
      manufacturer: Alibaba Cloud
      modulePartNo: Not Specified
      memType: RAM
      size: 16
      clkspeed: 0
      moduleVoltage: 0
Checksum: 663E506D886E2BACAA923E77BB10340EB258D79D