BaselineInfo:
  WebDBID: -1
  TimeStamp: 20251208173819
Version:
  Major: 11
  Minor: 0
  Build: 1002
  SpecialBuildName: ""
  ptArchitecture: x86_64_linux
Results:
  Results Complete: true
  NumTestProcesses: 4
  CPU_INTEGER_MATH: 10325.956
  CPU_FLOATINGPOINT_MATH: 6493.997956959849
  CPU_PRIME: 23.171618029417509
  CPU_SORTING: 6928.9393081749004
  CPU_ENCRYPTION: 949.09661848434826
  CPU_COMPRESSION: 44682.582814949528
  CPU_SINGLETHREAD: 1250.1957728433592
  CPU_PHYSICS: 393.31064026234912
  CPU_MATRIX_MULT_SSE: 2909.0206761194754
  CPU_mm: 427.93293661051069
  CPU_sse: 1666.7747009898189
  CPU_fma: 4325.1645487910282
  CPU_avx: 2735.1227785775791
  CPU_avx512: 0
  m_CPU_enc_SHA: 497981681.07642257
  m_CPU_enc_AES: 2044096286.6558504
  m_CPU_enc_ECDSA: 443521839.73925853
  ME_ALLOC_S: 1717.8317961241873
  ME_READ_S: 15456.11875
  ME_READ_L: 7989.28857421875
  ME_WRITE: 7356.77783203125
  ME_LARGE: 962
  ME_LATENCY: 62.961637085916855
  ME_THREADED: 26731.76513671875
  SUMM_CPU: 3428.1532870836636
  SUMM_ME: 1125.9898778697579
SystemInformation:
  OSName: Ubuntu 24.04.2 LTS
  Kernel: 6.8.0-86-generic
  Device: ""
  Processor: Intel Core Processor (Haswell, no TSX)
  NumSockets: 4
  Manufacturer: GenuineIntel
  NumCores: 4
  NumLogicals: 4
  CPUFrequency: 0
  Memory: 7751
  MemModuleInfo:
    iNumMemSticks: 1
    DIMM 1:
      manufacturer: QEMU
      modulePartNo: Not Specified
      memType: RAM
      size: 8000
      clkspeed: 0
      moduleVoltage: 0
Checksum: E399A759B510BBB748D4CDE910F7E4F636D4C4A0