BaselineInfo:
  WebDBID: -1
  TimeStamp: 20241110072647
Version:
  Major: 11
  Minor: 0
  Build: 1002
  SpecialBuildName: ""
  ptArchitecture: x86_64_linux
Results:
  Results Complete: true
  NumTestProcesses: 96
  CPU_INTEGER_MATH: 404159.40600000002
  CPU_FLOATINGPOINT_MATH: 206595.28204752359
  CPU_PRIME: 475.5792753073232
  CPU_SORTING: 201040.20518328657
  CPU_ENCRYPTION: 87561.73652148401
  CPU_COMPRESSION: 1459461.055851347
  CPU_SINGLETHREAD: 2435.4755303127513
  CPU_PHYSICS: 7752.8194731368294
  CPU_MATRIX_MULT_SSE: 84460.630738373817
  CPU_mm: 8704.4408538079751
  CPU_sse: 37865.035765801476
  CPU_fma: 102584.27106464049
  CPU_avx: 77398.565775035429
  CPU_avx512: 119994.65034801772
  m_CPU_enc_SHA: 88577508987.435883
  m_CPU_enc_AES: 132918085932.56023
  m_CPU_enc_ECDSA: 53949811384.258629
  ME_ALLOC_S: 30801.838354816817
  ME_READ_S: 24294.760546875001
  ME_READ_L: 12939.4638671875
  ME_WRITE: 11537.169921875
  ME_LARGE: 663455.5
  ME_LATENCY: 50.714795207209455
  ME_THREADED: 317376.02099609375
  SUMM_CPU: 76807.944827521816
  SUMM_ME: 2947.7520888057625
SystemInformation:
  OSName: Ubuntu 24.04.1 LTS
  Kernel: 6.8.0-1017-azure
  Device: ""
  Processor: Intel Xeon Platinum 8370C CPU @ 2.80GHz
  NumSockets: 2
  Manufacturer: GenuineIntel
  NumCores: 48
  NumLogicals: 96
  CPUFrequency: 2800
  Memory: 677224
  MemModuleInfo:
    iNumMemSticks: 4
    DIMM 1:
      manufacturer: Microsoft Corporation
      modulePartNo: None
      memType: Unknown
      size: 1
      clkspeed: 0
      moduleVoltage: 0
    DIMM 2:
      manufacturer: Microsoft Corporation
      modulePartNo: None
      memType: Unknown
      size: 59
      clkspeed: 0
      moduleVoltage: 0
    DIMM 3:
      manufacturer: Microsoft Corporation
      modulePartNo: None
      memType: Unknown
      size: 276
      clkspeed: 0
      moduleVoltage: 0
    DIMM 4:
      manufacturer: Microsoft Corporation
      modulePartNo: None
      memType: Unknown
      size: 336
      clkspeed: 0
      moduleVoltage: 0
Checksum: C67999D8E3BDC51472C8CD1793B30C11606314E6