---
system-info:
      stress-ng-version: 0.17.08
      run-by: root
      date-yyyy-mm-dd: 2024:06:09
      time-hh-mm-ss: 19:18:08
      epoch-secs: 1717960688
      hostname: d0f95cb01374
      sysname: Linux
      nodename: d0f95cb01374
      release: 6.8.0-1008-aws
      version: '#8-Ubuntu SMP Sat Apr 20 00:46:25 UTC 2024'
      machine: x86_64
      compiler: 'musl-gcc 13.2.1'
      uptime: 122
      totalram: 798840676352
      freeram: 792604835840
      sharedram: 116879360
      bufferram: 111382528
      totalswap: 0
      freeswap: 0
      pagesize: 4096
      cpus: 96
      cpus-online: 96
      ticks-per-second: 100

metrics:
    - stressor: cpu
      bogo-ops: 16653
      bogo-ops-per-second-usr-sys-time: 1664.894265
      bogo-ops-per-second-real-time: 1664.843610
      wall-clock-time: 10.002741
      user-time: 10.000438
      system-time: 0.001999
      cpu-usage-per-instance: 99.996957
      max-rss: 3072

...
