---
system-info:
      stress-ng-version: 0.17.08
      run-by: root
      date-yyyy-mm-dd: 2024:06:15
      time-hh-mm-ss: 21:55:23
      epoch-secs: 1718488523
      hostname: a92832d6e480
      sysname: Linux
      nodename: a92832d6e480
      release: 6.8.0-1008-aws
      version: '#8-Ubuntu SMP Sat Apr 20 00:46:25 UTC 2024'
      machine: x86_64
      compiler: 'musl-gcc 13.2.1'
      uptime: 140
      totalram: 798840700928
      freeram: 792968814592
      sharedram: 116879360
      bufferram: 110268416
      totalswap: 0
      freeswap: 0
      pagesize: 4096
      cpus: 96
      cpus-online: 96
      ticks-per-second: 100

metrics:
    - stressor: cpu
      bogo-ops: 37829
      bogo-ops-per-second-usr-sys-time: 1891.415955
      bogo-ops-per-second-real-time: 1891.445423
      wall-clock-time: 20.000048
      user-time: 20.000360
      system-time: 0.000000
      cpu-usage-per-instance: 100.001558
      max-rss: 768

...
