---
system-info:
      stress-ng-version: 0.17.08
      run-by: root
      date-yyyy-mm-dd: 2024:09:20
      time-hh-mm-ss: 01:35:57
      epoch-secs: 1726796157
      hostname: sc-runner
      sysname: Linux
      nodename: sc-runner
      release: 6.8.0-1014-azure
      version: '#16-Ubuntu SMP Thu Aug 15 20:04:41 UTC 2024'
      machine: x86_64
      compiler: 'musl-gcc 13.2.1'
      uptime: 348
      totalram: 8323645440
      freeram: 285564928
      sharedram: 38100992
      bufferram: 233091072
      totalswap: 0
      freeswap: 0
      pagesize: 4096
      cpus: 2
      cpus-online: 2
      ticks-per-second: 100

metrics:
    - stressor: cpu
      bogo-ops: 53939
      bogo-ops-per-second-usr-sys-time: 1362.723570
      bogo-ops-per-second-real-time: 2696.945612
      wall-clock-time: 20.000033
      user-time: 39.569788
      system-time: 0.011974
      cpu-usage-per-instance: 98.954244
      max-rss: 3128

...
