---
system-info:
      stress-ng-version: 0.17.08
      run-by: root
      date-yyyy-mm-dd: 2024:06:15
      time-hh-mm-ss: 08:44:27
      epoch-secs: 1718441067
      hostname: ac40f8262ef8
      sysname: Linux
      nodename: ac40f8262ef8
      release: 6.8.0-1008-aws
      version: '#8-Ubuntu SMP Sat Apr 20 00:46:25 UTC 2024'
      machine: x86_64
      compiler: 'musl-gcc 13.2.1'
      uptime: 184
      totalram: 803068559360
      freeram: 797106085888
      sharedram: 78606336
      bufferram: 109338624
      totalswap: 0
      freeswap: 0
      pagesize: 4096
      cpus: 96
      cpus-online: 96
      ticks-per-second: 100

metrics:
    - stressor: cpu
      bogo-ops: 27680
      bogo-ops-per-second-usr-sys-time: 1384.017646
      bogo-ops-per-second-real-time: 1383.995545
      wall-clock-time: 20.000064
      user-time: 19.998746
      system-time: 0.000999
      cpu-usage-per-instance: 99.998403
      max-rss: 768

...
