---
system-info:
      stress-ng-version: 0.17.08
      run-by: root
      date-yyyy-mm-dd: 2024:06:08
      time-hh-mm-ss: 04:56:09
      epoch-secs: 1717822569
      hostname: 1e4b8cf067aa
      sysname: Linux
      nodename: 1e4b8cf067aa
      release: 6.8.0-1008-aws
      version: '#8-Ubuntu SMP Sat Apr 20 00:46:25 UTC 2024'
      machine: x86_64
      compiler: 'musl-gcc 13.2.1'
      uptime: 136
      totalram: 803068579840
      freeram: 797173526528
      sharedram: 78606336
      bufferram: 98062336
      totalswap: 0
      freeswap: 0
      pagesize: 4096
      cpus: 96
      cpus-online: 96
      ticks-per-second: 100

metrics:
    - stressor: cpu
      bogo-ops: 14951
      bogo-ops-per-second-usr-sys-time: 1495.092973
      bogo-ops-per-second-real-time: 1495.100214
      wall-clock-time: 9.999999
      user-time: 9.998048
      system-time: 0.001999
      cpu-usage-per-instance: 100.000484
      max-rss: 3072

...
