---
system-info:
      stress-ng-version: 0.17.08
      run-by: root
      date-yyyy-mm-dd: 2024:09:22
      time-hh-mm-ss: 01:21:04
      epoch-secs: 1726968064
      hostname: sc-runner
      sysname: Linux
      nodename: sc-runner
      release: 6.8.0-1014-azure
      version: '#16-Ubuntu SMP Thu Aug 15 20:04:41 UTC 2024'
      machine: x86_64
      compiler: 'musl-gcc 13.2.1'
      uptime: 325
      totalram: 135066300416
      freeram: 124675973120
      sharedram: 38203392
      bufferram: 248315904
      totalswap: 0
      freeswap: 0
      pagesize: 4096
      cpus: 16
      cpus-online: 16
      ticks-per-second: 100

metrics:
    - stressor: cpu
      bogo-ops: 431311
      bogo-ops-per-second-usr-sys-time: 1349.128096
      bogo-ops-per-second-real-time: 21565.484702
      wall-clock-time: 20.000061
      user-time: 319.669118
      system-time: 0.026989
      cpu-usage-per-instance: 99.904731
      max-rss: 3124

...
