---
system-info:
      stress-ng-version: 0.17.08
      run-by: root
      date-yyyy-mm-dd: 2024:06:15
      time-hh-mm-ss: 16:43:33
      epoch-secs: 1718469813
      hostname: aebd7e80334a
      sysname: Linux
      nodename: aebd7e80334a
      release: 6.8.0-1008-aws
      version: '#8-Ubuntu SMP Sat Apr 20 00:46:25 UTC 2024'
      machine: x86_64
      compiler: 'musl-gcc 13.2.1'
      uptime: 134
      totalram: 803068575744
      freeram: 797262454784
      sharedram: 79048704
      bufferram: 110526464
      totalswap: 0
      freeswap: 0
      pagesize: 4096
      cpus: 96
      cpus-online: 96
      ticks-per-second: 100

metrics:
    - stressor: cpu
      bogo-ops: 1621245
      bogo-ops-per-second-usr-sys-time: 844.967035
      bogo-ops-per-second-real-time: 81061.827612
      wall-clock-time: 20.000104
      user-time: 1918.663011
      system-time: 0.044977
      cpu-usage-per-instance: 99.932187
      max-rss: 768

...
