---
system-info:
      stress-ng-version: 0.17.08
      run-by: root
      date-yyyy-mm-dd: 2024:06:09
      time-hh-mm-ss: 14:18:51
      epoch-secs: 1717942731
      hostname: 46cdd3f9bd6b
      sysname: Linux
      nodename: 46cdd3f9bd6b
      release: 6.8.0-1008-aws
      version: '#8-Ubuntu SMP Sat Apr 20 00:46:25 UTC 2024'
      machine: x86_64
      compiler: 'musl-gcc 13.2.1'
      uptime: 124
      totalram: 803068567552
      freeram: 797065400320
      sharedram: 79048704
      bufferram: 110559232
      totalswap: 0
      freeswap: 0
      pagesize: 4096
      cpus: 96
      cpus-online: 96
      ticks-per-second: 100

metrics:
    - stressor: cpu
      bogo-ops: 978216
      bogo-ops-per-second-usr-sys-time: 1020.057501
      bogo-ops-per-second-real-time: 97800.983356
      wall-clock-time: 10.002108
      user-time: 958.842314
      system-time: 0.138919
      cpu-usage-per-instance: 99.872825
      max-rss: 3072

...
