---
system-info:
      stress-ng-version: 0.17.08
      run-by: root
      date-yyyy-mm-dd: 2024:09:16
      time-hh-mm-ss: 22:25:00
      epoch-secs: 1726525500
      hostname: sc-runner
      sysname: Linux
      nodename: sc-runner
      release: 6.8.0-1014-azure
      version: '#16-Ubuntu SMP Thu Aug 15 20:04:41 UTC 2024'
      machine: x86_64
      compiler: 'musl-gcc 13.2.1'
      uptime: 317
      totalram: 135069491200
      freeram: 124766720000
      sharedram: 54915072
      bufferram: 256311296
      totalswap: 0
      freeswap: 0
      pagesize: 4096
      cpus: 4
      cpus-online: 4
      ticks-per-second: 100

metrics:
    - stressor: cpu
      bogo-ops: 37924
      bogo-ops-per-second-usr-sys-time: 1896.174212
      bogo-ops-per-second-real-time: 1896.195524
      wall-clock-time: 20.000047
      user-time: 19.999272
      system-time: 0.001000
      cpu-usage-per-instance: 100.001124
      max-rss: 3152

...
