BaselineInfo:
  WebDBID: -1
  TimeStamp: 20241126075217
Version:
  Major: 11
  Minor: 0
  Build: 1002
  SpecialBuildName: ""
  ptArchitecture: x86_64_linux
Results:
  Results Complete: true
  NumTestProcesses: 64
  CPU_INTEGER_MATH: 303929.77100000007
  CPU_FLOATINGPOINT_MATH: 170007.63607661152
  CPU_PRIME: 476.56696013926074
  CPU_SORTING: 177443.37508749234
  CPU_ENCRYPTION: 77103.029640117398
  CPU_COMPRESSION: 1208326.1532632839
  CPU_SINGLETHREAD: 2902.4654348845165
  CPU_PHYSICS: 8580.2216469434134
  CPU_MATRIX_MULT_SSE: 78598.162615358946
  CPU_mm: 7901.1820463173653
  CPU_sse: 34049.859028597552
  CPU_fma: 98598.134550745002
  CPU_avx: 82228.639685512506
  CPU_avx512: 99516.017196580782
  m_CPU_enc_SHA: 107929931323.12779
  m_CPU_enc_AES: 73254472288.445206
  m_CPU_enc_ECDSA: 61360755612.174255
  ME_ALLOC_S: 29365.585189091034
  ME_READ_S: 27875.926953124999
  ME_READ_L: 27524.70703125
  ME_WRITE: 26789.322265625
  ME_LARGE: 245440.5
  ME_LATENCY: 77.170285303048402
  ME_THREADED: 182639.0048828125
  SUMM_CPU: 75314.238292652648
  SUMM_ME: 2840.9789503967208
SystemInformation:
  OSName: Ubuntu 24.04.1 LTS
  Kernel: 6.8.0-1017-azure
  Device: ""
  Processor: AMD EPYC 9V74 80-Core Processor
  NumSockets: 1
  Manufacturer: AuthenticAMD
  NumCores: 32
  NumLogicals: 64
  CPUFrequency: 0
  Memory: 257718
  MemModuleInfo:
    iNumMemSticks: 3
    DIMM 1:
      manufacturer: Microsoft Corporation
      modulePartNo: None
      memType: Unknown
      size: 1
      clkspeed: 0
      moduleVoltage: 0
    DIMM 2:
      manufacturer: Microsoft Corporation
      modulePartNo: None
      memType: Unknown
      size: 59
      clkspeed: 0
      moduleVoltage: 0
    DIMM 3:
      manufacturer: Microsoft Corporation
      modulePartNo: None
      memType: Unknown
      size: 196
      clkspeed: 0
      moduleVoltage: 0
Checksum: C06DFFB811AD13CA17C448EFC5069B8444EC3F0B