BaselineInfo:
  WebDBID: -1
  TimeStamp: 20241107065804
Version:
  Major: 11
  Minor: 0
  Build: 1002
  SpecialBuildName: ""
  ptArchitecture: aarch64_linux
Results:
  Results Complete: true
  NumTestProcesses: 4
  CPU_INTEGER_MATH: 15742.356666666667
  CPU_FLOATINGPOINT_MATH: 11954.216188000652
  CPU_PRIME: 33.431058105835632
  CPU_SORTING: 11194.385348444341
  CPU_ENCRYPTION: 540.85560480640686
  CPU_COMPRESSION: 18408.126072849467
  CPU_SINGLETHREAD: 1109.5292054540719
  CPU_PHYSICS: 644.21406926695772
  CPU_MATRIX_MULT_SSE: 2479.8155064634097
  CPU_mm: 416.24760529348868
  CPU_sse: 2072.9664393462317
  CPU_fma: 2886.6645735805882
  CPU_avx: 0
  CPU_avx512: 0
  m_CPU_enc_SHA: 806996563.09447384
  m_CPU_enc_AES: 375006550.90363133
  m_CPU_enc_ECDSA: 519381505.99834371
  ME_ALLOC_S: 2614.1747258163014
  ME_READ_S: 9485.4299804687507
  ME_READ_L: 9202.1416015625
  ME_WRITE: 12542.197265625
  ME_LARGE: 5786.333333333333
  ME_LATENCY: 71.865868476636763
  ME_THREADED: 36456.861328125
  SUMM_CPU: 2686.244809428521
  SUMM_ME: 1550.6249500808194
SystemInformation:
  OSName: Ubuntu 24.04.1 LTS
  Kernel: 6.8.0-1016-aws
  Device: ""
  Processor: ARM Neoverse-N1 4 Core 0 MHz
  NumSockets: 1
  Manufacturer: ARM
  NumCores: 4
  NumLogicals: 4
  CPUFrequency: 0
  Memory: 15609
Checksum: F72D5B243E04D6404B10662CE6E5EA62A1AE0DCC