BaselineInfo:
  WebDBID: -1
  TimeStamp: 20251008031151
Version:
  Major: 11
  Minor: 0
  Build: 1002
  SpecialBuildName: ""
  ptArchitecture: x86_64_linux
Results:
  Results Complete: true
  NumTestProcesses: 1
  CPU_INTEGER_MATH: 7620.1223333333328
  CPU_FLOATINGPOINT_MATH: 7652.2482629396445
  CPU_PRIME: 29.876211892729785
  CPU_SORTING: 4707.3551291042895
  CPU_ENCRYPTION: 1585.3024827524869
  CPU_COMPRESSION: 32851.284002276181
  CPU_SINGLETHREAD: 3719.0261021749438
  CPU_PHYSICS: 495.23839739939865
  CPU_MATRIX_MULT_SSE: 2751.1683565661224
  CPU_mm: 368.66650369880688
  CPU_sse: 1103.6691406750472
  CPU_fma: 4381.1914683598134
  CPU_avx: 2222.8261150759954
  CPU_avx512: 3296.9867021536347
  m_CPU_enc_SHA: 2207650228.9387231
  m_CPU_enc_AES: 1378526249.4097528
  m_CPU_enc_ECDSA: 1400753930.1155393
  ME_ALLOC_S: 1529.1905377051846
  ME_READ_S: 33820.126562500001
  ME_READ_L: 32417.078125
  ME_WRITE: 32758.068359375
  ME_LARGE: 923.5
  ME_LATENCY: 83.001633605874602
  ME_THREADED: 32467.953125
  SUMM_CPU: 3490.6619607613229
  SUMM_ME: 1313.4282875027297
SystemInformation:
  OSName: Ubuntu 24.04.2 LTS
  Kernel: 6.14.0-1014-aws
  Device: ""
  Processor: AMD EPYC 9R45
  NumSockets: 1
  Manufacturer: AuthenticAMD
  NumCores: 1
  NumLogicals: 1
  CPUFrequency: 0
  Memory: 3805
  MemModuleInfo:
    iNumMemSticks: 1
    DIMM 1:
      manufacturer: Not Specified
      modulePartNo: Not Specified
      memType: DDR5
      size: 4
      clkspeed: 3200
      moduleVoltage: 0
Checksum: 6D44111F40156E43000F8B470A43C51E3011929D