BaselineInfo:
  WebDBID: -1
  TimeStamp: 20260402224640
Version:
  Major: 11
  Minor: 0
  Build: 1004
  SpecialBuildName: ""
  ptArchitecture: aarch64_linux
Results:
  Results Complete: true
  NumTestProcesses: 1
  CPU_INTEGER_MATH: 5427.1453333333329
  CPU_FLOATINGPOINT_MATH: 4555.578564992752
  CPU_PRIME: 12.473624627635811
  CPU_SORTING: 4312.1638866133089
  CPU_ENCRYPTION: 158.47755799635365
  CPU_COMPRESSION: 5133.6892422574974
  CPU_SINGLETHREAD: 1507.1536748341928
  CPU_PHYSICS: 277.06511453438117
  CPU_MATRIX_MULT_SSE: 768.62456591103171
  CPU_mm: 124.29851115243341
  CPU_sse: 649.9540107621691
  CPU_fma: 887.29512105989431
  CPU_avx: 0
  CPU_avx512: 0
  m_CPU_enc_SHA: 234449027.89609599
  m_CPU_enc_AES: 104086143.58464609
  m_CPU_enc_ECDSA: 159992120.08001152
  ME_ALLOC_S: 1076.7318212195655
  ME_READ_S: 21890.267773437499
  ME_READ_L: 17578.36328125
  ME_WRITE: 20414.09765625
  ME_LARGE: 689.58333333333337
  ME_LATENCY: 63.360778696437031
  ME_THREADED: 17901.802734375
  SUMM_CPU: 837.64010339516165
  SUMM_ME: 1079.2912442428872
SystemInformation:
  OSName: Ubuntu 24.04.4 LTS
  Kernel: 6.8.0-106-generic
  Device: ""
  Processor: ARM Neoverse-N2 1 Core 3000 MHz
  NumSockets: 1
  Manufacturer: ARM
  NumCores: 1
  NumLogicals: 1
  CPUFrequency: 3000
  CPUMaxFrequency: 3000
  Memory: 3411
Checksum: 013C09D7CFA471E85FDA94A12F7EE59F3C10093C