---
system-info:
      stress-ng-version: 0.17.08
      run-by: root
      date-yyyy-mm-dd: 2024:07:02
      time-hh-mm-ss: 13:38:13
      epoch-secs: 1719927493
      hostname: c3d-standard-30-lssd-565ff71
      sysname: Linux
      nodename: c3d-standard-30-lssd-565ff71
      release: 6.8.0-1009-gcp
      version: '#10-Ubuntu SMP Wed Jun 12 18:52:23 UTC 2024'
      machine: x86_64
      compiler: 'musl-gcc 13.2.1'
      uptime: 113
      totalram: 126606843904
      freeram: 121315618816
      sharedram: 35213312
      bufferram: 127053824
      totalswap: 0
      freeswap: 0
      pagesize: 4096
      cpus: 30
      cpus-online: 30
      ticks-per-second: 100

metrics:
    - stressor: cpu
      bogo-ops: 860872
      bogo-ops-per-second-usr-sys-time: 1435.683828
      bogo-ops-per-second-real-time: 43043.443653
      wall-clock-time: 20.000073
      user-time: 599.598069
      system-time: 0.026990
      cpu-usage-per-instance: 99.937147
      max-rss: 972

...
