BaselineInfo:
  WebDBID: -1
  TimeStamp: 20241114215929
Version:
  Major: 11
  Minor: 0
  Build: 1002
  SpecialBuildName: ""
  ptArchitecture: x86_64_linux
Results:
  Results Complete: true
  NumTestProcesses: 2
  CPU_INTEGER_MATH: 8179.4840000000004
  CPU_FLOATINGPOINT_MATH: 4545.8193337916855
  CPU_PRIME: 17.346066685961034
  CPU_SORTING: 4417.7402442586053
  CPU_ENCRYPTION: 2123.7194657155583
  CPU_COMPRESSION: 31847.579002532628
  CPU_SINGLETHREAD: 2272.8933488576331
  CPU_PHYSICS: 348.98503209557299
  CPU_MATRIX_MULT_SSE: 1720.6803441756927
  CPU_mm: 220.44037378292632
  CPU_sse: 933.89818820742278
  CPU_fma: 2536.452264812363
  CPU_avx: 1691.6905795072926
  CPU_avx512: 0
  m_CPU_enc_SHA: 3073941466.1468277
  m_CPU_enc_AES: 1965855677.3225501
  m_CPU_enc_ECDSA: 1640846643.9770937
  ME_ALLOC_S: 861.18241566174709
  ME_READ_S: 23536.0419921875
  ME_READ_L: 14852.1142578125
  ME_WRITE: 14695.228515625
  ME_LARGE: 634
  ME_LATENCY: 80.018208200842551
  ME_THREADED: 20926.5517578125
  SUMM_CPU: 3058.9460358821393
  SUMM_ME: 967.82550226600847
SystemInformation:
  OSName: Ubuntu 24.04.1 LTS
  Kernel: 6.8.0-1015-gcp
  Device: ""
  Processor: AMD EPYC 7B12
  NumSockets: 1
  Manufacturer: AuthenticAMD
  NumCores: 1
  NumLogicals: 2
  CPUFrequency: 0
  Memory: 7939
  MemModuleInfo:
    iNumMemSticks: 1
    DIMM 1:
      manufacturer: ""
      modulePartNo: ""
      memType: RAM
      size: 8
      clkspeed: 0
      moduleVoltage: 0
Checksum: F83C3A5739AD3A73B17CAC96B246BE95DF63DB0D