BaselineInfo:
  WebDBID: -1
  TimeStamp: 20241115142636
Version:
  Major: 11
  Minor: 0
  Build: 1002
  SpecialBuildName: ""
  ptArchitecture: x86_64_linux
Results:
  Results Complete: true
  NumTestProcesses: 2
  CPU_INTEGER_MATH: 8163.6036666666669
  CPU_FLOATINGPOINT_MATH: 4533.6497534616174
  CPU_PRIME: 16.894036736866873
  CPU_SORTING: 4415.9205215039592
  CPU_ENCRYPTION: 2113.0812166064006
  CPU_COMPRESSION: 31824.203108484355
  CPU_SINGLETHREAD: 2287.2504359804238
  CPU_PHYSICS: 320.07862667225572
  CPU_MATRIX_MULT_SSE: 1722.2653514543101
  CPU_mm: 216.51332577119399
  CPU_sse: 922.33074860904401
  CPU_fma: 2546.1063757057354
  CPU_avx: 1698.3589300481508
  CPU_avx512: 0
  m_CPU_enc_SHA: 3062684204.9727316
  m_CPU_enc_AES: 1964509106.8538914
  m_CPU_enc_ECDSA: 1619985437.5261972
  ME_ALLOC_S: 826.30809223424421
  ME_READ_S: 23322.744140625
  ME_READ_L: 13687.2626953125
  ME_WRITE: 13435.3291015625
  ME_LARGE: 599.75
  ME_LATENCY: 84.324941963059459
  ME_THREADED: 20026.298828125
  SUMM_CPU: 3042.7517570412006
  SUMM_ME: 918.34063724875728
SystemInformation:
  OSName: Ubuntu 24.04.1 LTS
  Kernel: 6.8.0-1017-gcp
  Device: ""
  Processor: AMD EPYC 7B12
  NumSockets: 1
  Manufacturer: AuthenticAMD
  NumCores: 1
  NumLogicals: 2
  CPUFrequency: 0
  Memory: 7939
  MemModuleInfo:
    iNumMemSticks: 1
    DIMM 1:
      manufacturer: ""
      modulePartNo: ""
      memType: RAM
      size: 8
      clkspeed: 0
      moduleVoltage: 0
Checksum: 03265E443936DFF1E59F246B69571C6F687BCB86