BaselineInfo:
  WebDBID: -1
  TimeStamp: 20241107034920
Version:
  Major: 11
  Minor: 0
  Build: 1002
  SpecialBuildName: ""
  ptArchitecture: x86_64_linux
Results:
  Results Complete: true
  NumTestProcesses: 2
  CPU_INTEGER_MATH: 4872.0673333333334
  CPU_FLOATINGPOINT_MATH: 2996.9027536211311
  CPU_PRIME: 10.215879568019499
  CPU_SORTING: 2544.0137155464081
  CPU_ENCRYPTION: 671.06079091577021
  CPU_COMPRESSION: 21698.888631955142
  CPU_SINGLETHREAD: 1582.9389891967039
  CPU_PHYSICS: 230.05163754622674
  CPU_MATRIX_MULT_SSE: 1160.7689828650543
  CPU_mm: 151.41369061731626
  CPU_sse: 566.20046134158656
  CPU_fma: 1809.9604683141292
  CPU_avx: 1106.146018939447
  CPU_avx512: 0
  m_CPU_enc_SHA: 220264494.63200063
  m_CPU_enc_AES: 1694973741.9965248
  m_CPU_enc_ECDSA: 195736483.05735844
  ME_ALLOC_S: 622.26775935410797
  ME_READ_S: 19021.814062500001
  ME_READ_L: 10154.8154296875
  ME_WRITE: 9453.158203125
  ME_LARGE: 701.58333333333337
  ME_LATENCY: 53.026436198932799
  ME_THREADED: 12416.61669921875
  SUMM_CPU: 1754.0887995354494
  SUMM_ME: 970.10440293675595
SystemInformation:
  OSName: Ubuntu 24.04.1 LTS
  Kernel: 6.8.0-1015-gcp
  Device: ""
  Processor: Intel Xeon CPU @ 2.20GHz
  NumSockets: 1
  Manufacturer: GenuineIntel
  NumCores: 1
  NumLogicals: 2
  CPUFrequency: 0
  Memory: 7939
  MemModuleInfo:
    iNumMemSticks: 1
    DIMM 1:
      manufacturer: ""
      modulePartNo: ""
      memType: RAM
      size: 8
      clkspeed: 0
      moduleVoltage: 0
Checksum: 362C1AD37D2F49539A9C481FDCEF389517966B8B