"size","threads","connections","rps","latency","failed","server_usr","server_sys","client_usr","client_sys"
"1k",3,3,138672,0.000066730,0,5.74,10.21,2.32,11.58
"1k",3,6,118223,0.000095150,0,4.81,9.55,1.91,10.40
"1k",3,12,150537,0.000118420,0,4.75,10.23,2.08,11.14
"1k",3,24,162629,0.000244490,0,4.74,10.43,2.21,11.39
"1k",3,48,180793,0.000335780,0,4.71,10.60,2.26,11.59
"1k",3,96,186013,0.000499220,0,4.90,10.55,2.28,11.61
"1k",6,6,140126,0.000079410,0,4.57,10.58,2.49,12.15
"1k",6,12,152058,0.000103270,0,4.55,10.58,2.37,12.39
"1k",6,24,157821,0.000243260,0,4.14,10.61,2.55,12.52
"1k",6,48,150607,0.000431860,0,3.95,10.76,2.19,12.76
"1k",6,96,171324,0.000644120,0,4.43,10.49,2.34,12.41
"1k",12,12,141183,0.000144890,0,4.05,10.35,2.59,12.77
"1k",12,24,137243,0.000297020,0,3.66,10.53,2.43,12.97
"1k",12,48,142222,0.000483620,0,3.71,10.56,2.42,12.92
"1k",12,96,154527,0.000753380,0,3.95,10.49,2.34,12.87
"16k",3,3,125566,0.000060730,0,5.32,9.67,2.62,11.99
"16k",3,6,101934,0.000071880,0,4.40,9.39,1.99,10.67
"16k",3,12,122016,0.000150030,0,4.57,9.97,2.17,11.56
"16k",3,24,124633,0.000238600,0,4.51,10.26,2.08,11.93
"16k",3,48,139043,0.000375830,0,4.83,10.17,2.24,12.01
"16k",3,96,141705,0.000612460,0,4.75,10.19,2.28,12.23
"16k",6,6,114032,0.000078230,0,4.35,10.37,2.41,12.43
"16k",6,12,120164,0.000141780,0,4.20,10.46,2.38,12.83
"16k",6,24,128076,0.000240980,0,4.06,10.44,2.46,12.90
"16k",6,48,132081,0.000426530,0,4.15,10.40,2.36,12.96
"16k",6,96,132510,0.000870000,0,4.44,10.15,2.43,12.67
"16k",12,12,120174,0.000147720,0,4.13,10.18,2.63,12.94
"16k",12,24,119373,0.000286230,0,3.74,10.16,2.62,13.13
"16k",12,48,120343,0.000533980,0,3.72,10.15,2.55,13.21
"16k",12,96,120694,0.000870000,0,3.82,10.29,2.40,13.15
"64k",3,3,73179,0.000060290,0,3.71,10.88,2.58,12.58
"64k",3,6,60642,0.000122430,0,3.77,9.93,2.01,11.27
"64k",3,12,65169,0.000206520,0,3.79,10.52,1.95,11.88
"64k",3,24,68810,0.000381650,0,3.83,10.76,2.03,12.01
"64k",3,48,68240,0.000675840,0,3.96,10.69,1.96,12.05
"64k",3,96,66360,0.001310000,0,3.94,11.24,1.93,12.12
"64k",6,6,68512,0.000127690,0,3.57,10.94,2.25,12.98
"64k",6,12,67427,0.000210890,0,3.59,10.90,2.20,13.11
"64k",6,24,67337,0.000424810,0,3.55,11.07,2.17,13.05
"64k",6,48,68516,0.000752480,0,3.72,10.99,2.08,12.94
"64k",6,96,66485,0.001480000,0,3.75,11.44,2.04,12.40
"64k",12,12,67279,0.000225610,0,3.38,10.90,2.48,13.12
"64k",12,24,64393,0.000480410,0,3.25,11.09,2.31,13.21
"64k",12,48,63391,0.000860000,0,3.27,11.11,2.13,13.13
"64k",12,96,60795,0.001640000,0,3.88,11.20,2.14,12.41
"256k",3,3,30400,0.000121080,0,4.02,10.73,2.51,12.53
"256k",3,6,21049,0.000298590,0,4.16,10.51,1.78,10.31
"256k",3,12,22930,0.000542620,0,4.21,11.69,1.85,10.55
"256k",3,24,23881,0.001000000,0,4.21,11.94,1.82,11.05
"256k",3,48,20927,0.002120000,0,4.35,12.62,1.65,11.09
"256k",6,6,24038,0.000301790,0,4.35,11.54,2.12,11.85
"256k",6,12,23751,0.000610990,0,4.33,11.44,1.95,11.80
"256k",6,24,23556,0.001070000,0,4.11,12.16,1.97,11.47
"256k",6,48,22863,0.002100000,0,4.59,12.01,1.86,11.22
"256k",12,12,23380,0.000573500,0,3.90,11.68,2.12,11.93
"256k",12,24,22793,0.001130000,0,3.97,11.82,1.95,11.91
"256k",12,48,22232,0.002190000,0,4.26,12.12,1.92,11.36
"512k",3,3,13809,0.000263310,0,4.59,12.31,2.28,10.37
"512k",3,6,10647,0.000569800,0,4.26,10.93,1.66,9.53
"512k",3,12,10750,0.001150000,0,4.19,12.93,1.52,10.61
"512k",3,24,11049,0.002060000,0,4.71,13.08,1.53,10.40
"512k",3,48,8967,0.005140000,0,5.56,13.01,1.24,9.91
"512k",6,6,11985,0.000546760,0,4.63,12.26,2.06,10.64
"512k",6,12,12653,0.000990000,0,4.42,12.22,1.95,11.06
"512k",6,24,11513,0.002090000,0,4.81,12.69,1.67,10.52
"512k",6,48,10389,0.004580000,0,6.06,12.35,1.52,9.81
"512k",12,12,12174,0.001030000,0,4.68,11.90,1.95,11.07
"512k",12,24,10967,0.002250000,0,4.70,12.63,1.78,10.59
"512k",12,48,10380,0.004650000,0,6.24,12.08,1.65,9.71
