BaselineInfo:
  WebDBID: -1
  TimeStamp: 20250526213953
Version:
  Major: 11
  Minor: 0
  Build: 1002
  SpecialBuildName: ""
  ptArchitecture: x86_64_linux
Results:
  Results Complete: true
  NumTestProcesses: 16
  CPU_INTEGER_MATH: 85077.501333333319
  CPU_FLOATINGPOINT_MATH: 60309.272682525283
  CPU_PRIME: 167.91460261862898
  CPU_SORTING: 41678.524672197876
  CPU_ENCRYPTION: 18726.231444596517
  CPU_COMPRESSION: 311002.41222823685
  CPU_SINGLETHREAD: 3240.6237461149617
  CPU_PHYSICS: 3964.4100167840033
  CPU_MATRIX_MULT_SSE: 25266.525922389126
  CPU_mm: 2406.9435850943469
  CPU_sse: 10391.138055483281
  CPU_fma: 28064.974836882804
  CPU_avx: 21288.414267666547
  CPU_avx512: 41321.576529523882
  m_CPU_enc_SHA: 19805316552.14827
  m_CPU_enc_AES: 25775466572.256031
  m_CPU_enc_ECDSA: 13326847465.34341
  ME_ALLOC_S: 7393.5363928760144
  ME_READ_S: 28996.395703124999
  ME_READ_L: 7018.7978515625
  ME_WRITE: 6330.306640625
  ME_LARGE: 328503.91666666669
  ME_LATENCY: 124.86826993629472
  ME_THREADED: 85278.81640625
  SUMM_CPU: 29503.778249549097
  SUMM_ME: 1533.5452047187509
SystemInformation:
  OSName: Ubuntu 24.04.2 LTS
  Kernel: 6.11.0-1015-azure
  Device: ""
  Processor: INTEL XEON PLATINUM 8573C
  NumSockets: 1
  Manufacturer: GenuineIntel
  NumCores: 8
  NumLogicals: 16
  CPUFrequency: 2300
  Memory: 338381
  MemModuleInfo:
    iNumMemSticks: 3
    DIMM 1:
      manufacturer: Microsoft Corporation
      modulePartNo: None
      memType: Unknown
      size: 1
      clkspeed: 0
      moduleVoltage: 0
    DIMM 2:
      manufacturer: Microsoft Corporation
      modulePartNo: None
      memType: Unknown
      size: 59
      clkspeed: 0
      moduleVoltage: 0
    DIMM 3:
      manufacturer: Microsoft Corporation
      modulePartNo: None
      memType: Unknown
      size: 276
      clkspeed: 0
      moduleVoltage: 0
Checksum: 9C4A98E13701CE8847829A6D3E5530C41AD26B40