BaselineInfo:
  WebDBID: -1
  TimeStamp: 20241109211528
Version:
  Major: 11
  Minor: 0
  Build: 1002
  SpecialBuildName: ""
  ptArchitecture: x86_64_linux
Results:
  Results Complete: true
  NumTestProcesses: 48
  CPU_INTEGER_MATH: 175669.47799999997
  CPU_FLOATINGPOINT_MATH: 94056.680315641672
  CPU_PRIME: 216.02766206406997
  CPU_SORTING: 87239.0426668203
  CPU_ENCRYPTION: 24129.858851422148
  CPU_COMPRESSION: 762769.11515800771
  CPU_SINGLETHREAD: 2333.4203190485714
  CPU_PHYSICS: 4058.9834928214245
  CPU_MATRIX_MULT_SSE: 49982.376946479053
  CPU_mm: 5340.4024098901764
  CPU_sse: 19044.697168581897
  CPU_fma: 58562.116697375925
  CPU_avx: 41300.823901778269
  CPU_avx512: 81021.870018180125
  m_CPU_enc_SHA: 7916501838.8021984
  m_CPU_enc_AES: 60920286527.471375
  m_CPU_enc_ECDSA: 7069184258.692893
  ME_ALLOC_S: 18579.238214266086
  ME_READ_S: 27840.505273437499
  ME_READ_L: 10615.6494140625
  ME_WRITE: 10329.1376953125
  ME_LARGE: 370837.5
  ME_LATENCY: 51.849135056818959
  ME_THREADED: 212567.38330078125
  SUMM_CPU: 44393.514952460559
  SUMM_ME: 2812.5798930848346
SystemInformation:
  OSName: Ubuntu 24.04.1 LTS
  Kernel: 6.8.0-1016-aws
  Device: ""
  Processor: Intel Xeon Platinum 8151 CPU @ 3.40GHz
  NumSockets: 2
  Manufacturer: GenuineIntel
  NumCores: 24
  NumLogicals: 48
  CPUFrequency: 0
  Memory: 382844
  MemModuleInfo:
    iNumMemSticks: 2
    DIMM 1:
      manufacturer: Not Specified
      modulePartNo: Not Specified
      memType: DDR4
      size: 192
      clkspeed: 1333
      moduleVoltage: 0
    DIMM 2:
      manufacturer: Not Specified
      modulePartNo: Not Specified
      memType: DDR4
      size: 192
      clkspeed: 1333
      moduleVoltage: 0
Checksum: 07EDE7FA6A1E9120CA2CF111E2F925561D124801