---
system-info:
      stress-ng-version: 0.17.08
      run-by: root
      date-yyyy-mm-dd: 2024:06:08
      time-hh-mm-ss: 14:40:59
      epoch-secs: 1717857659
      hostname: 2c606393890a
      sysname: Linux
      nodename: 2c606393890a
      release: 6.8.0-1008-aws
      version: '#8-Ubuntu SMP Sat Apr 20 00:46:25 UTC 2024'
      machine: x86_64
      compiler: 'musl-gcc 13.2.1'
      uptime: 143
      totalram: 405340639232
      freeram: 399181709312
      sharedram: 78745600
      bufferram: 102215680
      totalswap: 0
      freeswap: 0
      pagesize: 4096
      cpus: 96
      cpus-online: 96
      ticks-per-second: 100

metrics:
    - stressor: cpu
      bogo-ops: 991472
      bogo-ops-per-second-usr-sys-time: 1033.409463
      bogo-ops-per-second-real-time: 99130.042059
      wall-clock-time: 10.001731
      user-time: 959.291409
      system-time: 0.126939
      cpu-usage-per-instance: 99.922116
      max-rss: 3072

...
