---
system-info:
      stress-ng-version: 0.17.08
      run-by: root
      date-yyyy-mm-dd: 2024:06:14
      time-hh-mm-ss: 20:42:16
      epoch-secs: 1718397736
      hostname: b7e934d637bb
      sysname: Linux
      nodename: b7e934d637bb
      release: 6.8.0-1008-aws
      version: '#8-Ubuntu SMP Sat Apr 20 00:46:25 UTC 2024'
      machine: x86_64
      compiler: 'musl-gcc 13.2.1'
      uptime: 142
      totalram: 405340643328
      freeram: 399269990400
      sharedram: 78745600
      bufferram: 108797952
      totalswap: 0
      freeswap: 0
      pagesize: 4096
      cpus: 96
      cpus-online: 96
      ticks-per-second: 100

metrics:
    - stressor: cpu
      bogo-ops: 1639153
      bogo-ops-per-second-usr-sys-time: 854.057127
      bogo-ops-per-second-real-time: 81957.274728
      wall-clock-time: 20.000092
      user-time: 1919.231535
      system-time: 0.022984
      cpu-usage-per-instance: 99.960715
      max-rss: 0

...
