size_kb,operation,bandwidth_mb_s,latency_ns,latency_stddev_ns,latency_samples,threads,iterations,elapsed_s
32,read,124349.70,0,0,0,2,401284,0.201691
32,write,75136.07,0,0,0,2,251762,0.209422
32,copy,70862.04,0,0,0,2,230840,0.203600
32,latency,0,2.72,0.00,7,1,7,0.390389
128,read,85284.55,0,0,0,2,81011,0.237473
128,write,74988.25,0,0,0,2,74671,0.248942
128,copy,60581.25,0,0,0,2,57260,0.236294
128,latency,0,4.40,0.03,7,1,7,0.703776
512,read,79972.35,0,0,0,2,19114,0.239008
512,write,74841.33,0,0,0,2,18739,0.250383
512,copy,54834.25,0,0,0,2,14118,0.257467
512,latency,0,6.55,0.02,7,1,7,0.612660
1024,read,76392.71,0,0,0,2,9756,0.255417
1024,write,75016.41,0,0,0,2,9482,0.252798
1024,copy,38439.81,0,0,0,2,6355,0.330647
1024,latency,0,12.34,0.08,7,1,7,0.644662
2048,read,71674.78,0,0,0,2,4565,0.254762
2048,write,74424.94,0,0,0,2,4748,0.255183
2048,copy,33587.03,0,0,0,2,2809,0.334534
2048,latency,0,24.09,0.13,7,1,7,0.701797
8192,read,65823.65,0,0,0,2,965,0.234566
8192,write,73936.50,0,0,0,2,1190,0.257518
8192,copy,30258.60,0,0,0,2,603,0.318852
8192,latency,0,31.71,0.94,7,1,7,0.668123
16384,read,48118.11,0,0,0,2,386,0.256702
16384,write,74553.11,0,0,0,2,592,0.254101
16384,copy,29678.00,0,0,0,2,298,0.321315
16384,latency,0,79.60,5.73,21,1,21,2.030592
32768,read,41073.59,0,0,0,2,164,0.255541
32768,write,74962.93,0,0,0,2,288,0.245882
32768,copy,29854.01,0,0,0,2,135,0.289408
32768,latency,0,87.64,2.20,7,1,7,1.989212
65536,read,38607.61,0,0,0,2,76,0.251971
65536,write,74217.18,0,0,0,2,145,0.250077
65536,copy,28319.17,0,0,0,2,61,0.275714
65536,latency,0,100.17,0.65,7,1,7,4.640200
131072,read,36439.04,0,0,0,2,36,0.252916
131072,write,73548.35,0,0,0,2,72,0.250611
131072,copy,28492.43,0,0,0,2,28,0.251576
131072,latency,0,101.71,1.28,7,1,7,9.431542
