---
system-info:
      stress-ng-version: 0.17.08
      run-by: root
      date-yyyy-mm-dd: 2024:09:12
      time-hh-mm-ss: 02:55:30
      epoch-secs: 1726109730
      hostname: ip-172-31-36-204
      sysname: Linux
      nodename: ip-172-31-36-204
      release: 6.8.0-1014-aws
      version: '#15-Ubuntu SMP Thu Aug  8 19:13:06 UTC 2024'
      machine: x86_64
      compiler: 'musl-gcc 13.2.1'
      uptime: 196
      totalram: 1070793158656
      freeram: 1060708208640
      sharedram: 55238656
      bufferram: 222703616
      totalswap: 0
      freeswap: 0
      pagesize: 4096
      cpus: 32
      cpus-online: 32
      ticks-per-second: 100

metrics:
    - stressor: cpu
      bogo-ops: 37430
      bogo-ops-per-second-usr-sys-time: 1871.510293
      bogo-ops-per-second-real-time: 1871.496520
      wall-clock-time: 20.000037
      user-time: 19.999890
      system-time: 0.000000
      cpu-usage-per-instance: 99.999264
      max-rss: 1032

...
