BaselineInfo:
  WebDBID: -1
  TimeStamp: 20241107122542
Version:
  Major: 11
  Minor: 0
  Build: 1002
  SpecialBuildName: ""
  ptArchitecture: x86_64_linux
Results:
  Results Complete: true
  NumTestProcesses: 4
  CPU_INTEGER_MATH: 17628.211333333336
  CPU_FLOATINGPOINT_MATH: 10079.412098397435
  CPU_PRIME: 44.79416922964969
  CPU_SORTING: 10871.151876729502
  CPU_ENCRYPTION: 4451.9498885128451
  CPU_COMPRESSION: 72725.747147223825
  CPU_SINGLETHREAD: 2688.1337555961068
  CPU_PHYSICS: 897.07520632080332
  CPU_MATRIX_MULT_SSE: 5007.8590678664305
  CPU_mm: 473.59352640920218
  CPU_sse: 2104.9876392032102
  CPU_fma: 6519.6666587182353
  CPU_avx: 5376.7092923372384
  CPU_avx512: 6030.072681207037
  m_CPU_enc_SHA: 6194499232.7573252
  m_CPU_enc_AES: 4245121796.9457469
  m_CPU_enc_ECDSA: 3565002389.188663
  ME_ALLOC_S: 1795.1986920795225
  ME_READ_S: 25774.147851562499
  ME_READ_L: 24358.916015625
  ME_WRITE: 17513.978515625
  ME_LARGE: 5990
  ME_LATENCY: 74.72919620426643
  ME_THREADED: 36603.087890625
  SUMM_CPU: 7047.0382363424187
  SUMM_ME: 2122.1411125850182
SystemInformation:
  OSName: Ubuntu 24.04.1 LTS
  Kernel: 6.8.0-1015-gcp
  Device: ""
  Processor: AMD EPYC 9B14
  NumSockets: 1
  Manufacturer: AuthenticAMD
  NumCores: 2
  NumLogicals: 4
  CPUFrequency: 0
  Memory: 15990
  MemModuleInfo:
    iNumMemSticks: 1
    DIMM 1:
      manufacturer: ""
      modulePartNo: ""
      memType: RAM
      size: 16
      clkspeed: 0
      moduleVoltage: 0
Checksum: 01E59E6172381C1AA3ED94207567871CF1921D21