BaselineInfo:
  WebDBID: -1
  TimeStamp: 20250417201721
Version:
  Major: 11
  Minor: 0
  Build: 1002
  SpecialBuildName: ""
  ptArchitecture: x86_64_linux
Results:
  Results Complete: true
  NumTestProcesses: 4
  CPU_INTEGER_MATH: 19091.876333333334
  CPU_FLOATINGPOINT_MATH: 13541.842694750496
  CPU_PRIME: 39.98350706771312
  CPU_SORTING: 9659.0138802277506
  CPU_ENCRYPTION: 4181.9375335736549
  CPU_COMPRESSION: 70355.581842896194
  CPU_SINGLETHREAD: 2910.2423003702079
  CPU_PHYSICS: 923.19366818344633
  CPU_MATRIX_MULT_SSE: 5620.8623658797496
  CPU_mm: 540.26072869900167
  CPU_sse: 2337.5767881958568
  CPU_fma: 6543.4748631383909
  CPU_avx: 4928.9176988564968
  CPU_avx512: 8673.4801133282526
  m_CPU_enc_SHA: 4449110805.8228912
  m_CPU_enc_AES: 5783779411.0584316
  m_CPU_enc_ECDSA: 2922347776.7322645
  ME_ALLOC_S: 2541.4695123401293
  ME_READ_S: 26621.173046874999
  ME_READ_L: 10175.71875
  ME_WRITE: 9154.0234375
  ME_LARGE: 119563.5
  ME_LATENCY: 70.388285235106991
  ME_THREADED: 29829.4375
  SUMM_CPU: 7363.8770455797476
  SUMM_ME: 2097.3970111951821
SystemInformation:
  OSName: Ubuntu 24.04.2 LTS
  Kernel: 6.8.0-1021-azure
  Device: ""
  Processor: INTEL XEON PLATINUM 8573C
  NumSockets: 1
  Manufacturer: GenuineIntel
  NumCores: 2
  NumLogicals: 4
  CPUFrequency: 2300
  Memory: 128812
  MemModuleInfo:
    iNumMemSticks: 3
    DIMM 1:
      manufacturer: Microsoft Corporation
      modulePartNo: None
      memType: Unknown
      size: 1
      clkspeed: 0
      moduleVoltage: 0
    DIMM 2:
      manufacturer: Microsoft Corporation
      modulePartNo: None
      memType: Unknown
      size: 59
      clkspeed: 0
      moduleVoltage: 0
    DIMM 3:
      manufacturer: Microsoft Corporation
      modulePartNo: None
      memType: Unknown
      size: 68
      clkspeed: 0
      moduleVoltage: 0
Checksum: B2B0B8DE813E0B30EDAC57E429EE95CECC6701BF