BaselineInfo:
  WebDBID: -1
  TimeStamp: 20241219002443
Version:
  Major: 11
  Minor: 0
  Build: 1002
  SpecialBuildName: ""
  ptArchitecture: x86_64_linux
Results:
  Results Complete: true
  NumTestProcesses: 4
  CPU_INTEGER_MATH: 19156.651999999998
  CPU_FLOATINGPOINT_MATH: 13722.012716896395
  CPU_PRIME: 63.593984940899524
  CPU_SORTING: 11288.252783259244
  CPU_ENCRYPTION: 4634.140854334918
  CPU_COMPRESSION: 83095.542084915534
  CPU_SINGLETHREAD: 2166.4068610760673
  CPU_PHYSICS: 1062.7093889607777
  CPU_MATRIX_MULT_SSE: 7054.0353353921728
  CPU_mm: 811.99381229408027
  CPU_sse: 3212.8942617146181
  CPU_fma: 10545.015131057464
  CPU_avx: 7404.1966134044369
  CPU_avx512: 0
  m_CPU_enc_SHA: 6530116589.2836914
  m_CPU_enc_AES: 4212233059.0126519
  m_CPU_enc_ECDSA: 3835396993.1289277
  ME_ALLOC_S: 2795.164434742308
  ME_READ_S: 25353.258593750001
  ME_READ_L: 11084.978515625
  ME_WRITE: 10588.212890625
  ME_LARGE: 21214.25
  ME_LATENCY: 59.483679171414906
  ME_THREADED: 33459.9228515625
  SUMM_CPU: 8150.9809401216207
  SUMM_ME: 2271.6404057137138
SystemInformation:
  OSName: Ubuntu 24.04.1 LTS
  Kernel: 6.8.0-31-generic
  Device: ""
  Processor: AMD EPYC 7542 32-Core Processor
  NumSockets: 1
  Manufacturer: AuthenticAMD
  NumCores: 4
  NumLogicals: 4
  CPUFrequency: 0
  Memory: 32050
  MemModuleInfo:
    iNumMemSticks: 2
    DIMM 1:
      manufacturer: QEMU
      modulePartNo: Not Specified
      memType: RAM
      size: 16
      clkspeed: 0
      moduleVoltage: 0
    DIMM 2:
      manufacturer: QEMU
      modulePartNo: Not Specified
      memType: RAM
      size: 16
      clkspeed: 0
      moduleVoltage: 0
Checksum: 686E4117C7A10010F17866707202F583455CDBF4