---
system-info:
      stress-ng-version: 0.17.08
      run-by: root
      date-yyyy-mm-dd: 2024:09:16
      time-hh-mm-ss: 08:40:25
      epoch-secs: 1726476025
      hostname: sc-runner
      sysname: Linux
      nodename: sc-runner
      release: 6.8.0-1014-azure
      version: '#16-Ubuntu SMP Thu Aug 15 20:04:41 UTC 2024'
      machine: x86_64
      compiler: 'musl-gcc 13.2.1'
      uptime: 266
      totalram: 33651281920
      freeram: 23553376256
      sharedram: 54906880
      bufferram: 223776768
      totalswap: 0
      freeswap: 0
      pagesize: 4096
      cpus: 4
      cpus-online: 4
      ticks-per-second: 100

metrics:
    - stressor: cpu
      bogo-ops: 77306
      bogo-ops-per-second-usr-sys-time: 970.781774
      bogo-ops-per-second-real-time: 3865.277272
      wall-clock-time: 20.000118
      user-time: 79.618740
      system-time: 0.013987
      cpu-usage-per-instance: 99.540323
      max-rss: 3128

...
