BaselineInfo:
  WebDBID: -1
  TimeStamp: 20241109232050
Version:
  Major: 11
  Minor: 0
  Build: 1002
  SpecialBuildName: ""
  ptArchitecture: x86_64_linux
Results:
  Results Complete: true
  NumTestProcesses: 80
  CPU_INTEGER_MATH: 248791.88099999994
  CPU_FLOATINGPOINT_MATH: 133338.61164411216
  CPU_PRIME: 315.74589824427443
  CPU_SORTING: 116898.9067476426
  CPU_ENCRYPTION: 31952.844082272313
  CPU_COMPRESSION: 1034979.5149146048
  CPU_SINGLETHREAD: 2121.427619309914
  CPU_PHYSICS: 4512.0079611567453
  CPU_MATRIX_MULT_SSE: 67124.38107925067
  CPU_mm: 6881.7606786862534
  CPU_sse: 25144.257041005694
  CPU_fma: 79988.19327187365
  CPU_avx: 57556.329268154688
  CPU_avx512: 105808.74473596869
  m_CPU_enc_SHA: 10815239043.486914
  m_CPU_enc_AES: 80037269685.04213
  m_CPU_enc_ECDSA: 9662447580.709301
  ME_ALLOC_S: 22753.505809293678
  ME_READ_S: 25032.351367187501
  ME_READ_L: 11024.4052734375
  ME_WRITE: 9872.767578125
  ME_LARGE: 495170.66666666669
  ME_LATENCY: 47.395203187561698
  ME_THREADED: 205494.40576171875
  SUMM_CPU: 53311.421954690304
  SUMM_ME: 2868.8588526974399
SystemInformation:
  OSName: Ubuntu 24.04.1 LTS
  Kernel: 6.8.0-1017-azure
  Device: ""
  Processor: Intel Xeon Platinum 8272CL CPU @ 2.60GHz
  NumSockets: 2
  Manufacturer: GenuineIntel
  NumCores: 40
  NumLogicals: 80
  CPUFrequency: 0
  Memory: 507886
  MemModuleInfo:
    iNumMemSticks: 4
    DIMM 1:
      manufacturer: Microsoft Corporation
      modulePartNo: None
      memType: Unknown
      size: 1
      clkspeed: 0
      moduleVoltage: 0
    DIMM 2:
      manufacturer: Microsoft Corporation
      modulePartNo: None
      memType: Unknown
      size: 60928
      clkspeed: 0
      moduleVoltage: 0
    DIMM 3:
      manufacturer: Microsoft Corporation
      modulePartNo: None
      memType: Unknown
      size: 196096
      clkspeed: 0
      moduleVoltage: 0
    DIMM 4:
      manufacturer: Microsoft Corporation
      modulePartNo: None
      memType: Unknown
      size: 252
      clkspeed: 0
      moduleVoltage: 0
Checksum: 36333AD00B1FD37C4448BCD99F162F9FCCB67547