---
system-info:
      stress-ng-version: 0.17.08
      run-by: root
      date-yyyy-mm-dd: 2024:09:19
      time-hh-mm-ss: 12:42:00
      epoch-secs: 1726749720
      hostname: sc-runner
      sysname: Linux
      nodename: sc-runner
      release: 6.8.0-1014-azure
      version: '#16-Ubuntu SMP Thu Aug 15 20:04:41 UTC 2024'
      machine: x86_64
      compiler: 'musl-gcc 13.2.1'
      uptime: 352
      totalram: 135060627456
      freeram: 124410720256
      sharedram: 42147840
      bufferram: 251310080
      totalswap: 0
      freeswap: 0
      pagesize: 4096
      cpus: 32
      cpus-online: 32
      ticks-per-second: 100

metrics:
    - stressor: cpu
      bogo-ops: 28911
      bogo-ops-per-second-usr-sys-time: 1445.546603
      bogo-ops-per-second-real-time: 1445.542039
      wall-clock-time: 20.000110
      user-time: 20.000047
      system-time: 0.000000
      cpu-usage-per-instance: 99.999684
      max-rss: 3080

...
