BaselineInfo:
  WebDBID: -1
  TimeStamp: 20260708202217
Version:
  Major: 11
  Minor: 0
  Build: 1004
  SpecialBuildName: ""
  ptArchitecture: x86_64_linux
Results:
  Results Complete: true
  NumTestProcesses: 2
  CPU_INTEGER_MATH: 13036.239000000001
  CPU_FLOATINGPOINT_MATH: 7987.3192137451342
  CPU_PRIME: 34.918464582758915
  CPU_SORTING: 6456.590252406877
  CPU_ENCRYPTION: 2604.248388849127
  CPU_COMPRESSION: 50717.888140183517
  CPU_SINGLETHREAD: 3668.4037333254892
  CPU_PHYSICS: 688.93310637423065
  CPU_MATRIX_MULT_SSE: 3739.3032993292559
  CPU_mm: 378.49770664015557
  CPU_sse: 1406.0616244769085
  CPU_fma: 4260.2534527099097
  CPU_avx: 4163.5195781752282
  CPU_avx512: 5127.3785419549777
  m_CPU_enc_SHA: 3287939306.7104049
  m_CPU_enc_AES: 2720775785.4606113
  m_CPU_enc_ECDSA: 2183541983.5865698
  ME_ALLOC_S: 1428.6799416483914
  ME_READ_S: 32966.027539062503
  ME_READ_L: 28973.357421875
  ME_WRITE: 29792.5625
  ME_LARGE: 23773
  ME_LATENCY: 82.513395340029192
  ME_THREADED: 42234.509765625
  SUMM_CPU: 5018.3211867594709
  SUMM_ME: 2352.5812428917789
SystemInformation:
  OSName: Ubuntu 24.04.4 LTS
  Kernel: 6.17.0-1018-azure
  Device: ""
  Processor: "AMD EPYC 9V45 96-Core Processor                "
  NumSockets: 1
  Manufacturer: AuthenticAMD
  NumCores: 1
  NumLogicals: 2
  CPUFrequency: 0
  CPUMaxFrequency: 0
  Memory: 32094
  CPUInfo:
    number: 1
    Family: 15
    Model: 2
    stepping: 1
    features: 395049983
    manufacture: AuthenticAMD
    typestring: "AMD EPYC 9V45 96-Core Processor                "
    iCoresPerPackage: 8
    iThreadsPerPackage: 2
    featuresEx:
      - 395049983
      - 4277809667
      - 802421759
    bHybrid: false
    nPCore: 0
    nLogicalsPerPCore: 0
    nECore: 0
    nLogicalsPerECore: 0
  MemModuleInfo:
    iNumMemSticks: 2
    DIMM 1:
      manufacturer: Microsoft Corporation
      modulePartNo: None
      memType: Unknown
      size: 1
      clkspeed: 0
      moduleVoltage: 0
    DIMM 2:
      manufacturer: Microsoft Corporation
      modulePartNo: None
      memType: Unknown
      size: 31
      clkspeed: 0
      moduleVoltage: 0
Checksum: 01B61E6D3A02E717B1904BB72CD48C5EC9031FD6