BaselineInfo:
  WebDBID: -1
  TimeStamp: 20260618131937
Version:
  Major: 11
  Minor: 0
  Build: 1004
  SpecialBuildName: ""
  ptArchitecture: x86_64_linux
Results:
  Results Complete: true
  NumTestProcesses: 2
  CPU_INTEGER_MATH: 6592.3026666666665
  CPU_FLOATINGPOINT_MATH: 3992.3219015873201
  CPU_PRIME: 17.986826201480731
  CPU_SORTING: 3706.348698600721
  CPU_ENCRYPTION: 2099.0206591634751
  CPU_COMPRESSION: 30157.356719397983
  CPU_SINGLETHREAD: 2078.9548048754432
  CPU_PHYSICS: 342.599626192762
  CPU_MATRIX_MULT_SSE: 1764.5684299180334
  CPU_mm: 197.57836698831687
  CPU_sse: 824.79315425717755
  CPU_fma: 2725.0414065272107
  CPU_avx: 1743.8707289697115
  CPU_avx512: 0
  m_CPU_enc_SHA: 2975526938.7142501
  m_CPU_enc_AES: 2034135669.0951967
  m_CPU_enc_ECDSA: 1593285452.2995539
  ME_ALLOC_S: 689.47395984864431
  ME_READ_S: 23869.913671875001
  ME_READ_L: 11620.6103515625
  ME_WRITE: 10960.640625
  ME_LARGE: 2968.75
  ME_LATENCY: 51.159005847659991
  ME_THREADED: 19540.23828125
  SUMM_CPU: 2792.7549516461236
  SUMM_ME: 1680.6978330605486
SystemInformation:
  OSName: Ubuntu 24.04.4 LTS
  Kernel: 6.8.0-117-generic
  Device: ""
  Processor: "AMD EPYC 7H12 64-Core Processor                "
  NumSockets: 1
  Manufacturer: AuthenticAMD
  NumCores: 1
  NumLogicals: 2
  CPUFrequency: 7
  CPUMaxFrequency: 832
  Memory: 7414
  CPUInfo:
    number: 1
    Family: 15
    Model: 1
    stepping: 0
    features: 395049983
    manufacture: AuthenticAMD
    typestring: "AMD EPYC 7H12 64-Core Processor                "
    iCoresPerPackage: 1
    iThreadsPerPackage: 2
    featuresEx:
      - 395049983
      - 4277678595
      - 776996864
    bHybrid: false
    nPCore: 0
    nLogicalsPerPCore: 0
    nECore: 0
    nLogicalsPerECore: 0
  MemModuleInfo:
    iNumMemSticks: 1
    DIMM 1:
      manufacturer: Alibaba Cloud
      modulePartNo: Not Specified
      memType: RAM
      size: 8
      clkspeed: 0
      moduleVoltage: 0
Checksum: 8DE8E823AC154C1C5E3CE3B501DBE984AD4EEF9E