BaselineInfo:
  WebDBID: -1
  TimeStamp: 20241109055401
Version:
  Major: 11
  Minor: 0
  Build: 1002
  SpecialBuildName: ""
  ptArchitecture: x86_64_linux
Results:
  Results Complete: true
  NumTestProcesses: 64
  CPU_INTEGER_MATH: 265888.91766666673
  CPU_FLOATINGPOINT_MATH: 146129.41098546461
  CPU_PRIME: 374.03520330384515
  CPU_SORTING: 136879.47440791083
  CPU_ENCRYPTION: 68645.587496376553
  CPU_COMPRESSION: 1010049.0705134661
  CPU_SINGLETHREAD: 2395.1658698344991
  CPU_PHYSICS: 6943.5704734514411
  CPU_MATRIX_MULT_SSE: 58109.764622298178
  CPU_mm: 7152.7437812979224
  CPU_sse: 29645.673294523083
  CPU_fma: 79183.821860614946
  CPU_avx: 65499.798711756535
  CPU_avx512: 0
  m_CPU_enc_SHA: 99473753649.207047
  m_CPU_enc_AES: 63620683404.083755
  m_CPU_enc_ECDSA: 52845909610.510712
  ME_ALLOC_S: 26506.498299085539
  ME_READ_S: 24440.834179687499
  ME_READ_L: 20850.423828125
  ME_WRITE: 20236.58203125
  ME_LARGE: 245676.33333333334
  ME_LATENCY: 60.27521376594148
  ME_THREADED: 159391.634765625
  SUMM_CPU: 62168.999221167462
  SUMM_ME: 3045.4961001289917
SystemInformation:
  OSName: Ubuntu 24.04.1 LTS
  Kernel: 6.8.0-1017-azure
  Device: ""
  Processor: AMD EPYC 7763 64-Core Processor
  NumSockets: 1
  Manufacturer: AuthenticAMD
  NumCores: 32
  NumLogicals: 64
  CPUFrequency: 0
  Memory: 257718
  MemModuleInfo:
    iNumMemSticks: 3
    DIMM 1:
      manufacturer: Microsoft Corporation
      modulePartNo: None
      memType: Unknown
      size: 1
      clkspeed: 0
      moduleVoltage: 0
    DIMM 2:
      manufacturer: Microsoft Corporation
      modulePartNo: None
      memType: Unknown
      size: 59
      clkspeed: 0
      moduleVoltage: 0
    DIMM 3:
      manufacturer: Microsoft Corporation
      modulePartNo: None
      memType: Unknown
      size: 196
      clkspeed: 0
      moduleVoltage: 0
Checksum: 79C3C20750795AE7C08B54B631D16830BD3A1CEF