BaselineInfo:
  WebDBID: -1
  TimeStamp: 20251216151832
Version:
  Major: 11
  Minor: 0
  Build: 1002
  SpecialBuildName: ""
  ptArchitecture: x86_64_linux
Results:
  Results Complete: true
  NumTestProcesses: 8
  CPU_INTEGER_MATH: 25869.015666666666
  CPU_FLOATINGPOINT_MATH: 20562.241549166887
  CPU_PRIME: 78.611587287119505
  CPU_SORTING: 15865.844575609381
  CPU_ENCRYPTION: 3328.623693580998
  CPU_COMPRESSION: 130357.30549341503
  CPU_SINGLETHREAD: 1645.0754211187966
  CPU_PHYSICS: 1165.9590858449919
  CPU_MATRIX_MULT_SSE: 8622.3495247493356
  CPU_mm: 1181.6933114391479
  CPU_sse: 4420.0597128432855
  CPU_fma: 13059.627769219471
  CPU_avx: 8387.3610921852487
  CPU_avx512: 0
  m_CPU_enc_SHA: 1828634491.2088852
  m_CPU_enc_AES: 7043429123.3381882
  m_CPU_enc_ECDSA: 1598881139.8140931
  ME_ALLOC_S: 4441.6358824971403
  ME_READ_S: 19695.198828125001
  ME_READ_L: 9836.216796875
  ME_WRITE: 9557.94140625
  ME_LARGE: 32148.333333333332
  ME_LATENCY: 51.830086786309614
  ME_THREADED: 57583.41796875
  SUMM_CPU: 9710.847151593076
  SUMM_ME: 2346.230790588183
SystemInformation:
  OSName: Ubuntu 24.04.2 LTS
  Kernel: 6.8.0-86-generic
  Device: ""
  Processor: Intel Core Processor (Haswell, no TSX)
  NumSockets: 8
  Manufacturer: GenuineIntel
  NumCores: 8
  NumLogicals: 8
  CPUFrequency: 0
  Memory: 44087
  MemModuleInfo:
    iNumMemSticks: 1
    DIMM 1:
      manufacturer: QEMU
      modulePartNo: Not Specified
      memType: RAM
      size: 45000
      clkspeed: 0
      moduleVoltage: 0
Checksum: B4FB0C63FE55124B552C83B1AED86BDA91D3F235