---
system-info:
      stress-ng-version: 0.17.08
      run-by: root
      date-yyyy-mm-dd: 2024:06:08
      time-hh-mm-ss: 13:41:27
      epoch-secs: 1717854087
      hostname: bcc90e4f8dab
      sysname: Linux
      nodename: bcc90e4f8dab
      release: 6.8.0-1008-aws
      version: '#8-Ubuntu SMP Sat Apr 20 00:46:25 UTC 2024'
      machine: x86_64
      compiler: 'musl-gcc 13.2.1'
      uptime: 139
      totalram: 200450965504
      freeram: 195696930816
      sharedram: 40910848
      bufferram: 102199296
      totalswap: 0
      freeswap: 0
      pagesize: 4096
      cpus: 48
      cpus-online: 48
      ticks-per-second: 100

metrics:
    - stressor: cpu
      bogo-ops: 14977
      bogo-ops-per-second-usr-sys-time: 1497.663008
      bogo-ops-per-second-real-time: 1497.667007
      wall-clock-time: 10.000220
      user-time: 9.999247
      system-time: 0.001000
      cpu-usage-per-instance: 100.000267
      max-rss: 3840

...
