---
system-info:
      stress-ng-version: 0.17.08
      run-by: root
      date-yyyy-mm-dd: 2024:06:14
      time-hh-mm-ss: 19:42:21
      epoch-secs: 1718394141
      hostname: 488f7c9bfaa3
      sysname: Linux
      nodename: 488f7c9bfaa3
      release: 6.8.0-1008-aws
      version: '#8-Ubuntu SMP Sat Apr 20 00:46:25 UTC 2024'
      machine: x86_64
      compiler: 'musl-gcc 13.2.1'
      uptime: 149
      totalram: 200450953216
      freeram: 195724566528
      sharedram: 40910848
      bufferram: 110551040
      totalswap: 0
      freeswap: 0
      pagesize: 4096
      cpus: 48
      cpus-online: 48
      ticks-per-second: 100

metrics:
    - stressor: cpu
      bogo-ops: 27632
      bogo-ops-per-second-usr-sys-time: 1381.597513
      bogo-ops-per-second-real-time: 1381.598304
      wall-clock-time: 20.000025
      user-time: 20.000036
      system-time: 0.000000
      cpu-usage-per-instance: 100.000057
      max-rss: 1152

...
