BaselineInfo:
  WebDBID: -1
  TimeStamp: 20260404155434
Version:
  Major: 11
  Minor: 0
  Build: 1004
  SpecialBuildName: ""
  ptArchitecture: x86_64_linux
Results:
  Results Complete: true
  NumTestProcesses: 8
  CPU_INTEGER_MATH: 24068.479333333333
  CPU_FLOATINGPOINT_MATH: 12927.684584980496
  CPU_PRIME: 41.011542529587402
  CPU_SORTING: 14863.969968739922
  CPU_ENCRYPTION: 3331.2492519750581
  CPU_COMPRESSION: 112993.67642462501
  CPU_SINGLETHREAD: 2060.4226146620231
  CPU_PHYSICS: 722.5574018837433
  CPU_MATRIX_MULT_SSE: 6464.2180676364178
  CPU_mm: 731.88488938913281
  CPU_sse: 2621.4817878899712
  CPU_fma: 8397.5223559117385
  CPU_avx: 5909.1882870781519
  CPU_avx512: 8928.6798396658087
  m_CPU_enc_SHA: 1088506990.928421
  m_CPU_enc_AES: 8400526035.8059053
  m_CPU_enc_ECDSA: 990171020.18266892
  ME_ALLOC_S: 2430.2570140906964
  ME_READ_S: 23605.820898437501
  ME_READ_L: 6376.2607421875
  ME_WRITE: 6897.11572265625
  ME_LARGE: 18767.416666666668
  ME_LATENCY: 77.432288361053097
  ME_THREADED: 35408.2548828125
  SUMM_CPU: 8278.7367209261793
  SUMM_ME: 1716.0185588344564
SystemInformation:
  OSName: Ubuntu 24.04.4 LTS
  Kernel: 6.8.0-106-generic
  Device: ""
  Processor: Intel(R) Xeon(R) Gold 6149 CPU @ 3.10GHz
  NumSockets: 1
  Manufacturer: GenuineIntel
  NumCores: 4
  NumLogicals: 8
  CPUFrequency: 3100
  CPUMaxFrequency: 3400
  Memory: 31710
  CPUInfo:
    number: 1
    Family: 6
    Model: 5
    stepping: 4
    features: 529267711
    manufacture: GenuineIntel
    typestring: Intel(R) Xeon(R) Gold 6149 CPU @ 3.10GHz
    iCoresPerPackage: 4
    iThreadsPerPackage: 2
    featuresEx:
      - 529267711
      - 4294586883
      - 739248128
    bHybrid: false
    nPCore: 0
    nLogicalsPerPCore: 0
    nECore: 0
    nLogicalsPerECore: 0
  MemModuleInfo:
    iNumMemSticks: 2
    DIMM 1:
      manufacturer: Alibaba Cloud
      modulePartNo: Not Specified
      memType: RAM
      size: 16
      clkspeed: 0
      moduleVoltage: 0
    DIMM 2:
      manufacturer: Alibaba Cloud
      modulePartNo: Not Specified
      memType: RAM
      size: 16
      clkspeed: 0
      moduleVoltage: 0
Checksum: 4DBEBBDB6FF476649A676E465A22800650BEE523