---
system-info:
      stress-ng-version: 0.17.08
      run-by: root
      date-yyyy-mm-dd: 2024:06:14
      time-hh-mm-ss: 22:40:49
      epoch-secs: 1718404849
      hostname: ac33361f63cb
      sysname: Linux
      nodename: ac33361f63cb
      release: 6.8.0-1008-aws
      version: '#8-Ubuntu SMP Sat Apr 20 00:46:25 UTC 2024'
      machine: x86_64
      compiler: 'musl-gcc 13.2.1'
      uptime: 149
      totalram: 808133001216
      freeram: 799344709632
      sharedram: 203264000
      bufferram: 112107520
      totalswap: 0
      freeswap: 0
      pagesize: 4096
      cpus: 192
      cpus-online: 192
      ticks-per-second: 100

metrics:
    - stressor: cpu
      bogo-ops: 62315
      bogo-ops-per-second-usr-sys-time: 3115.965936
      bogo-ops-per-second-real-time: 3115.743537
      wall-clock-time: 20.000041
      user-time: 19.998614
      system-time: 0.000000
      cpu-usage-per-instance: 99.992863
      max-rss: 0

...
