---
system-info:
      stress-ng-version: 0.17.08
      run-by: root
      date-yyyy-mm-dd: 2024:06:08
      time-hh-mm-ss: 16:25:30
      epoch-secs: 1717863930
      hostname: b4eb53c51c0b
      sysname: Linux
      nodename: b4eb53c51c0b
      release: 6.8.0-1008-aws
      version: '#8-Ubuntu SMP Sat Apr 20 00:46:25 UTC 2024'
      machine: x86_64
      compiler: 'musl-gcc 13.2.1'
      uptime: 123
      totalram: 808133025792
      freeram: 799301763072
      sharedram: 203272192
      bufferram: 105693184
      totalswap: 0
      freeswap: 0
      pagesize: 4096
      cpus: 192
      cpus-online: 192
      ticks-per-second: 100

metrics:
    - stressor: cpu
      bogo-ops: 17805
      bogo-ops-per-second-usr-sys-time: 1780.394601
      bogo-ops-per-second-real-time: 1780.392904
      wall-clock-time: 10.000602
      user-time: 10.000592
      system-time: 0.000000
      cpu-usage-per-instance: 99.999905
      max-rss: 3072

...
