BaselineInfo:
  WebDBID: -1
  TimeStamp: 20241210043012
Version:
  Major: 11
  Minor: 0
  Build: 1002
  SpecialBuildName: ""
  ptArchitecture: x86_64_linux
Results:
  Results Complete: true
  NumTestProcesses: 88
  CPU_INTEGER_MATH: 411161.56799999991
  CPU_FLOATINGPOINT_MATH: 292827.18350841012
  CPU_PRIME: 761.85329614984755
  CPU_SORTING: 204846.44451851596
  CPU_ENCRYPTION: 90518.838500486279
  CPU_COMPRESSION: 1507409.8420195805
  CPU_SINGLETHREAD: 3165.6158002807388
  CPU_PHYSICS: 13090.281127252429
  CPU_MATRIX_MULT_SSE: 114813.1940105932
  CPU_mm: 11633.457294605165
  CPU_sse: 49733.921366399285
  CPU_fma: 129653.49424123162
  CPU_avx: 101476.05454041198
  CPU_avx512: 178389.30589433
  m_CPU_enc_SHA: 95909780297.622971
  m_CPU_enc_AES: 124736856643.41777
  m_CPU_enc_ECDSA: 64101007857.41703
  ME_ALLOC_S: 34867.575098776353
  ME_READ_S: 28060.2275390625
  ME_READ_L: 11214.7607421875
  ME_WRITE: 9940.3642578125
  ME_LARGE: 1533491.1666666667
  ME_LATENCY: 69.555748411804942
  ME_THREADED: 370148.32348632812
  SUMM_CPU: 94297.755577112199
  SUMM_ME: 2496.2722918848608
SystemInformation:
  OSName: Ubuntu 24.04.1 LTS
  Kernel: 6.8.0-1017-azure
  Device: ""
  Processor: Intel Xeon Platinum 8473C
  NumSockets: 2
  Manufacturer: GenuineIntel
  NumCores: 44
  NumLogicals: 88
  CPUFrequency: 2100
  Memory: 1548138
  MemModuleInfo:
    iNumMemSticks: 6
    DIMM 1:
      manufacturer: Microsoft Corporation
      modulePartNo: None
      memType: Unknown
      size: 1
      clkspeed: 0
      moduleVoltage: 0
    DIMM 2:
      manufacturer: Microsoft Corporation
      modulePartNo: None
      memType: Unknown
      size: 59
      clkspeed: 0
      moduleVoltage: 0
    DIMM 3:
      manufacturer: Microsoft Corporation
      modulePartNo: None
      memType: Unknown
      size: 324
      clkspeed: 0
      moduleVoltage: 0
    DIMM 4:
      manufacturer: Microsoft Corporation
      modulePartNo: None
      memType: Unknown
      size: 384
      clkspeed: 0
      moduleVoltage: 0
    DIMM 5:
      manufacturer: Microsoft Corporation
      modulePartNo: None
      memType: Unknown
      size: 384
      clkspeed: 0
      moduleVoltage: 0
    DIMM 6:
      manufacturer: Microsoft Corporation
      modulePartNo: None
      memType: Unknown
      size: 384
      clkspeed: 0
      moduleVoltage: 0
Checksum: CF63D4517CE732288E4BFCA7D030EA27A15A0348