---
system-info:
      stress-ng-version: 0.17.08
      run-by: root
      date-yyyy-mm-dd: 2024:06:07
      time-hh-mm-ss: 18:29:06
      epoch-secs: 1717784946
      hostname: ef1b4dce368e
      sysname: Linux
      nodename: ef1b4dce368e
      release: 6.8.0-1008-aws
      version: '#8-Ubuntu SMP Sat Apr 20 00:46:25 UTC 2024'
      machine: x86_64
      compiler: 'musl-gcc 13.2.1'
      uptime: 149
      totalram: 65976569856
      freeram: 61647376384
      sharedram: 37888000
      bufferram: 93908992
      totalswap: 0
      freeswap: 0
      pagesize: 4096
      cpus: 16
      cpus-online: 16
      ticks-per-second: 100

metrics:
    - stressor: cpu
      bogo-ops: 13901
      bogo-ops-per-second-usr-sys-time: 1390.006592
      bogo-ops-per-second-real-time: 1390.005948
      wall-clock-time: 10.000677
      user-time: 9.999673
      system-time: 0.000999
      cpu-usage-per-instance: 99.999954
      max-rss: 4048

...
