---
system-info:
      stress-ng-version: 0.17.08
      run-by: root
      date-yyyy-mm-dd: 2024:06:13
      time-hh-mm-ss: 10:22:28
      epoch-secs: 1718274148
      hostname: d2f07df33346
      sysname: Linux
      nodename: d2f07df33346
      release: 6.8.0-1008-aws
      version: '#8-Ubuntu SMP Sat Apr 20 00:46:25 UTC 2024'
      machine: x86_64
      compiler: 'musl-gcc 13.2.1'
      uptime: 149
      totalram: 66681192448
      freeram: 62214496256
      sharedram: 40771584
      bufferram: 107061248
      totalswap: 0
      freeswap: 0
      pagesize: 4096
      cpus: 16
      cpus-online: 16
      ticks-per-second: 100

metrics:
    - stressor: cpu
      bogo-ops: 25700
      bogo-ops-per-second-usr-sys-time: 1285.001414
      bogo-ops-per-second-real-time: 1284.992938
      wall-clock-time: 20.000110
      user-time: 19.999978
      system-time: 0.000000
      cpu-usage-per-instance: 99.999340
      max-rss: 976

...
