---
system-info:
      stress-ng-version: 0.17.08
      run-by: root
      date-yyyy-mm-dd: 2024:09:15
      time-hh-mm-ss: 21:01:49
      epoch-secs: 1726434109
      hostname: sc-runner
      sysname: Linux
      nodename: sc-runner
      release: 6.8.0-1014-azure
      version: '#16-Ubuntu SMP Thu Aug 15 20:04:41 UTC 2024'
      machine: x86_64
      compiler: 'musl-gcc 13.2.1'
      uptime: 296
      totalram: 8322605056
      freeram: 260935680
      sharedram: 54878208
      bufferram: 204226560
      totalswap: 0
      freeswap: 0
      pagesize: 4096
      cpus: 2
      cpus-online: 2
      ticks-per-second: 100

metrics:
    - stressor: cpu
      bogo-ops: 38654
      bogo-ops-per-second-usr-sys-time: 974.691532
      bogo-ops-per-second-real-time: 1932.691015
      wall-clock-time: 20.000093
      user-time: 39.652688
      system-time: 0.004987
      cpu-usage-per-instance: 99.143727
      max-rss: 976

...
