BaselineInfo:
  WebDBID: -1
  TimeStamp: 20260403234732
Version:
  Major: 11
  Minor: 0
  Build: 1004
  SpecialBuildName: ""
  ptArchitecture: x86_64_linux
Results:
  Results Complete: true
  NumTestProcesses: 2
  CPU_INTEGER_MATH: 5967.1949999999997
  CPU_FLOATINGPOINT_MATH: 3212.2635311367467
  CPU_PRIME: 14.901070962728431
  CPU_SORTING: 3687.741251811417
  CPU_ENCRYPTION: 827.10989672558594
  CPU_COMPRESSION: 27682.512111799555
  CPU_SINGLETHREAD: 1976.2302313687655
  CPU_PHYSICS: 262.1202383958472
  CPU_MATRIX_MULT_SSE: 1520.0242054830528
  CPU_mm: 182.06102775462611
  CPU_sse: 656.81339117218545
  CPU_fma: 2089.1607830238227
  CPU_avx: 1477.1192749412403
  CPU_avx512: 1857.0033727949631
  m_CPU_enc_SHA: 271010529.92656553
  m_CPU_enc_AES: 2087288372.527801
  m_CPU_enc_ECDSA: 243563858.75241742
  ME_ALLOC_S: 609.36244475585306
  ME_READ_S: 23249.003515625001
  ME_READ_L: 6711.52685546875
  ME_WRITE: 7242.6142578125
  ME_LARGE: 1278
  ME_LATENCY: 77.598158078573803
  ME_THREADED: 9709.220703125
  SUMM_CPU: 2188.1510275599921
  SUMM_ME: 1036.99899037313
SystemInformation:
  OSName: Ubuntu 24.04.4 LTS
  Kernel: 6.8.0-106-generic
  Device: ""
  Processor: Intel(R) Xeon(R) Gold 6149 CPU @ 3.10GHz
  NumSockets: 1
  Manufacturer: GenuineIntel
  NumCores: 1
  NumLogicals: 2
  CPUFrequency: 3100
  CPUMaxFrequency: 3400
  Memory: 7556
  CPUInfo:
    number: 1
    Family: 6
    Model: 5
    stepping: 4
    features: 529267711
    manufacture: GenuineIntel
    typestring: Intel(R) Xeon(R) Gold 6149 CPU @ 3.10GHz
    iCoresPerPackage: 1
    iThreadsPerPackage: 2
    featuresEx:
      - 529267711
      - 4294586883
      - 739248128
    bHybrid: false
    nPCore: 0
    nLogicalsPerPCore: 0
    nECore: 0
    nLogicalsPerECore: 0
  MemModuleInfo:
    iNumMemSticks: 1
    DIMM 1:
      manufacturer: Alibaba Cloud
      modulePartNo: Not Specified
      memType: RAM
      size: 8
      clkspeed: 0
      moduleVoltage: 0
Checksum: 61D037010B58E3F4A5495B8C970FC6C1D6446633