BaselineInfo:
  WebDBID: -1
  TimeStamp: 20260618100642
Version:
  Major: 11
  Minor: 0
  Build: 1004
  SpecialBuildName: ""
  ptArchitecture: x86_64_linux
Results:
  Results Complete: true
  NumTestProcesses: 1
  CPU_INTEGER_MATH: 3059.6503333333335
  CPU_FLOATINGPOINT_MATH: 2341.3926513111946
  CPU_PRIME: 10.655547838503878
  CPU_SORTING: 2138.7563447930311
  CPU_ENCRYPTION: 401.31479557961137
  CPU_COMPRESSION: 15694.273244091803
  CPU_SINGLETHREAD: 1568.4074477456791
  CPU_PHYSICS: 176.9184335941018
  CPU_MATRIX_MULT_SSE: 1188.0966261991987
  CPU_mm: 141.84676277317999
  CPU_sse: 535.43052482175381
  CPU_fma: 1788.2551264602507
  CPU_avx: 1199.0041999292835
  CPU_avx512: 1229.6966535855067
  m_CPU_enc_SHA: 221133206.26901317
  m_CPU_enc_AES: 849695591.47548568
  m_CPU_enc_ECDSA: 191598391.5245609
  ME_ALLOC_S: 532.63439683946092
  ME_READ_S: 18634.352148437501
  ME_READ_L: 5894.169921875
  ME_WRITE: 6363.013671875
  ME_LARGE: 518.5
  ME_LATENCY: 83.089445197197008
  ME_THREADED: 5940.3642578125
  SUMM_CPU: 1291.582413656371
  SUMM_ME: 673.92972387174996
SystemInformation:
  OSName: Ubuntu 24.04.4 LTS
  Kernel: 6.8.0-117-generic
  Device: ""
  Processor: Intel(R) Xeon(R) Platinum 8163 CPU @ 2.50GHz
  NumSockets: 1
  Manufacturer: GenuineIntel
  NumCores: 1
  NumLogicals: 1
  CPUFrequency: 2500
  CPUMaxFrequency: 3100
  Memory: 1710
  CPUInfo:
    number: 1
    Family: 6
    Model: 5
    stepping: 4
    features: 529267711
    manufacture: GenuineIntel
    typestring: Intel(R) Xeon(R) Platinum 8163 CPU @ 2.50GHz
    iCoresPerPackage: 1
    iThreadsPerPackage: 2
    featuresEx:
      - 529267711
      - 4294586883
      - 739248128
    bHybrid: false
    nPCore: 0
    nLogicalsPerPCore: 0
    nECore: 0
    nLogicalsPerECore: 0
  MemModuleInfo:
    iNumMemSticks: 1
    DIMM 1:
      manufacturer: Alibaba Cloud
      modulePartNo: Not Specified
      memType: RAM
      size: 2
      clkspeed: 0
      moduleVoltage: 0
Checksum: 7BAB451F078DAA98C4BC6A07020D602C37B51D9C