---
system-info:
      stress-ng-version: 0.17.08
      run-by: root
      date-yyyy-mm-dd: 2024:06:14
      time-hh-mm-ss: 22:18:20
      epoch-secs: 1718403500
      hostname: 8273566d91a7
      sysname: Linux
      nodename: 8273566d91a7
      release: 6.8.0-31-generic
      version: '#31-Ubuntu SMP PREEMPT_DYNAMIC Sat Apr 20 00:40:06 UTC 2024'
      machine: x86_64
      compiler: 'musl-gcc 13.2.1'
      uptime: 87
      totalram: 16369598464
      freeram: 12824444928
      sharedram: 38006784
      bufferram: 112488448
      totalswap: 0
      freeswap: 0
      pagesize: 4096
      cpus: 4
      cpus-online: 4
      ticks-per-second: 100

metrics:
    - stressor: cpu
      bogo-ops: 61330
      bogo-ops-per-second-usr-sys-time: 3066.733532
      bogo-ops-per-second-real-time: 3066.493932
      wall-clock-time: 20.000040
      user-time: 19.996478
      system-time: 0.001999
      cpu-usage-per-instance: 99.992187
      max-rss: 1104

...
