---
system-info:
      stress-ng-version: 0.17.08
      run-by: root
      date-yyyy-mm-dd: 2024:06:08
      time-hh-mm-ss: 12:17:35
      epoch-secs: 1717849055
      hostname: bf878acd064f
      sysname: Linux
      nodename: bf878acd064f
      release: 6.8.0-31-generic
      version: '#31-Ubuntu SMP PREEMPT_DYNAMIC Sat Apr 20 00:40:06 UTC 2024'
      machine: x86_64
      compiler: 'musl-gcc 13.2.1'
      uptime: 69
      totalram: 16369586176
      freeram: 12822036480
      sharedram: 38006784
      bufferram: 104841216
      totalswap: 0
      freeswap: 0
      pagesize: 4096
      cpus: 4
      cpus-online: 4
      ticks-per-second: 100

metrics:
    - stressor: cpu
      bogo-ops: 17786
      bogo-ops-per-second-usr-sys-time: 1778.744790
      bogo-ops-per-second-real-time: 1778.583717
      wall-clock-time: 10.000092
      user-time: 9.997187
      system-time: 0.001999
      cpu-usage-per-instance: 99.990945
      max-rss: 3920

...
