---
system-info:
      stress-ng-version: 0.17.08
      run-by: root
      date-yyyy-mm-dd: 2024:09:03
      time-hh-mm-ss: 09:01:39
      epoch-secs: 1725354099
      hostname: sc-runner
      sysname: Linux
      nodename: sc-runner
      release: 6.8.0-1013-azure
      version: '#15-Ubuntu SMP Thu Aug  8 18:40:40 UTC 2024'
      machine: x86_64
      compiler: 'musl-gcc 13.2.1'
      uptime: 393
      totalram: 33651625984
      freeram: 25050243072
      sharedram: 57155584
      bufferram: 216317952
      totalswap: 0
      freeswap: 0
      pagesize: 4096
      cpus: 8
      cpus-online: 8
      ticks-per-second: 100

metrics:
    - stressor: cpu
      bogo-ops: 77945
      bogo-ops-per-second-usr-sys-time: 489.519546
      bogo-ops-per-second-real-time: 3897.218013
      wall-clock-time: 20.000164
      user-time: 159.177490
      system-time: 0.050064
      cpu-usage-per-instance: 99.516404
      max-rss: 3152

...
