BaselineInfo:
  WebDBID: -1
  TimeStamp: 20250415094130
Version:
  Major: 11
  Minor: 0
  Build: 1002
  SpecialBuildName: ""
  ptArchitecture: x86_64_linux
Results:
  Results Complete: true
  NumTestProcesses: 96
  CPU_INTEGER_MATH: 404125.39699999994
  CPU_FLOATINGPOINT_MATH: 206605.20258666406
  CPU_PRIME: 481.74895161227931
  CPU_SORTING: 199755.87407467136
  CPU_ENCRYPTION: 87470.541449893877
  CPU_COMPRESSION: 1459781.4320492356
  CPU_SINGLETHREAD: 2435.5652622830162
  CPU_PHYSICS: 7633.8861826615557
  CPU_MATRIX_MULT_SSE: 84050.229296857593
  CPU_mm: 8705.1977838505936
  CPU_sse: 37524.461182002808
  CPU_fma: 101851.13759845549
  CPU_avx: 76185.746782201139
  CPU_avx512: 120639.57162477095
  m_CPU_enc_SHA: 88551696054.07634
  m_CPU_enc_AES: 132568746332.38562
  m_CPU_enc_ECDSA: 54038089027.629784
  ME_ALLOC_S: 30980.203112212377
  ME_READ_S: 24426.396874999999
  ME_READ_L: 12657.517578125
  ME_WRITE: 11529.689453125
  ME_LARGE: 662399.91666666663
  ME_LATENCY: 50.842120173388025
  ME_THREADED: 319702.2392578125
  SUMM_CPU: 76733.987680070379
  SUMM_ME: 2935.6878854891465
SystemInformation:
  OSName: Ubuntu 24.04.2 LTS
  Kernel: 6.8.0-1021-azure
  Device: ""
  Processor: Intel Xeon Platinum 8370C CPU @ 2.80GHz
  NumSockets: 2
  Manufacturer: GenuineIntel
  NumCores: 48
  NumLogicals: 96
  CPUFrequency: 2800
  Memory: 677224
  MemModuleInfo:
    iNumMemSticks: 4
    DIMM 1:
      manufacturer: Microsoft Corporation
      modulePartNo: None
      memType: Unknown
      size: 1
      clkspeed: 0
      moduleVoltage: 0
    DIMM 2:
      manufacturer: Microsoft Corporation
      modulePartNo: None
      memType: Unknown
      size: 59
      clkspeed: 0
      moduleVoltage: 0
    DIMM 3:
      manufacturer: Microsoft Corporation
      modulePartNo: None
      memType: Unknown
      size: 276
      clkspeed: 0
      moduleVoltage: 0
    DIMM 4:
      manufacturer: Microsoft Corporation
      modulePartNo: None
      memType: Unknown
      size: 336
      clkspeed: 0
      moduleVoltage: 0
Checksum: E130610A589230972DF0CE85D4D2F08C7186DFF3