---
system-info:
      stress-ng-version: 0.17.08
      run-by: root
      date-yyyy-mm-dd: 2024:09:16
      time-hh-mm-ss: 23:24:25
      epoch-secs: 1726529065
      hostname: sc-runner
      sysname: Linux
      nodename: sc-runner
      release: 6.8.0-1014-azure
      version: '#16-Ubuntu SMP Thu Aug 15 20:04:41 UTC 2024'
      machine: x86_64
      compiler: 'musl-gcc 13.2.1'
      uptime: 283
      totalram: 135059603456
      freeram: 124384210944
      sharedram: 55152640
      bufferram: 235933696
      totalswap: 0
      freeswap: 0
      pagesize: 4096
      cpus: 32
      cpus-online: 32
      ticks-per-second: 100

metrics:
    - stressor: cpu
      bogo-ops: 621229
      bogo-ops-per-second-usr-sys-time: 971.229144
      bogo-ops-per-second-real-time: 31061.330423
      wall-clock-time: 20.000077
      user-time: 639.584782
      system-time: 0.046971
      cpu-usage-per-instance: 99.942077
      max-rss: 3080

...
