---
system-info:
      stress-ng-version: 0.17.08
      run-by: root
      date-yyyy-mm-dd: 2024:06:09
      time-hh-mm-ss: 11:42:56
      epoch-secs: 1717933376
      hostname: d66aac541683
      sysname: Linux
      nodename: d66aac541683
      release: 6.8.0-1008-aws
      version: '#8-Ubuntu SMP Sat Apr 20 00:46:25 UTC 2024'
      machine: x86_64
      compiler: 'musl-gcc 13.2.1'
      uptime: 146
      totalram: 64254877696
      freeram: 59684233216
      sharedram: 48549888
      bufferram: 107307008
      totalswap: 0
      freeswap: 0
      pagesize: 4096
      cpus: 8
      cpus-online: 8
      ticks-per-second: 100

metrics:
    - stressor: cpu
      bogo-ops: 64904
      bogo-ops-per-second-usr-sys-time: 814.184605
      bogo-ops-per-second-real-time: 6488.467775
      wall-clock-time: 10.002978
      user-time: 79.702581
      system-time: 0.013984
      cpu-usage-per-instance: 99.616041
      max-rss: 4048

...
