---
system-info:
      stress-ng-version: 0.17.08
      run-by: root
      date-yyyy-mm-dd: 2024:06:15
      time-hh-mm-ss: 14:19:15
      epoch-secs: 1718461155
      hostname: 27477bdec8b4
      sysname: Linux
      nodename: 27477bdec8b4
      release: 6.8.0-1008-aws
      version: '#8-Ubuntu SMP Sat Apr 20 00:46:25 UTC 2024'
      machine: x86_64
      compiler: 'musl-gcc 13.2.1'
      uptime: 165
      totalram: 64254869504
      freeram: 59794620416
      sharedram: 48549888
      bufferram: 108691456
      totalswap: 0
      freeswap: 0
      pagesize: 4096
      cpus: 8
      cpus-online: 8
      ticks-per-second: 100

metrics:
    - stressor: cpu
      bogo-ops: 83158
      bogo-ops-per-second-usr-sys-time: 521.389209
      bogo-ops-per-second-real-time: 4157.842126
      wall-clock-time: 20.000278
      user-time: 159.483143
      system-time: 0.009993
      cpu-usage-per-instance: 99.681823
      max-rss: 1104

...
