---
system-info:
      stress-ng-version: 0.17.08
      run-by: root
      date-yyyy-mm-dd: 2024:09:19
      time-hh-mm-ss: 06:26:50
      epoch-secs: 1726727210
      hostname: sc-runner
      sysname: Linux
      nodename: sc-runner
      release: 6.8.0-1014-azure
      version: '#16-Ubuntu SMP Thu Aug 15 21:06:50 UTC 2024'
      machine: aarch64
      compiler: 'musl-gcc 13.2.1'
      uptime: 335
      totalram: 101038989312
      freeram: 89920196608
      sharedram: 38526976
      bufferram: 306827264
      totalswap: 0
      freeswap: 0
      pagesize: 4096
      cpus: 48
      cpus-online: 48
      ticks-per-second: 100

metrics:
    - stressor: cpu
      bogo-ops: 1700567
      bogo-ops-per-second-usr-sys-time: 1772.160843
      bogo-ops-per-second-real-time: 85028.077275
      wall-clock-time: 20.000064
      user-time: 959.578834
      system-time: 0.021987
      cpu-usage-per-instance: 99.958098
      max-rss: 1152

...
