"size","threads","connections","rps","latency","failed","server_usr","server_sys","client_usr","client_sys"
"1k",8,8,703987,0.000011430,0,15.31,25.31,8.35,31.68
"1k",8,16,627031,0.000024600,0,13.30,25.07,6.42,30.65
"1k",8,32,704690,0.000044600,0,14.41,24.91,7.04,29.00
"1k",8,64,773221,0.000110170,0,14.83,25.56,7.13,29.78
"1k",8,128,818171,0.000275960,0,15.25,26.04,7.13,30.42
"1k",8,256,845015,0.000378510,0,15.29,26.39,6.89,30.51
"1k",16,16,656812,0.000026070,0,12.97,26.22,7.97,32.29
"1k",16,32,656678,0.000054760,0,11.97,26.18,7.54,33.05
"1k",16,64,698702,0.000203670,0,12.07,26.77,7.41,33.79
"1k",16,128,733552,0.000438000,0,12.69,26.59,7.36,33.72
"1k",16,256,749373,0.000595970,0,12.71,26.67,7.60,33.62
"1k",32,32,644045,0.000057100,0,11.87,25.87,8.06,33.10
"1k",32,64,647119,0.000184130,0,11.14,26.57,7.86,34.42
"1k",32,128,652802,0.000375300,0,10.65,26.90,7.93,34.91
"1k",32,256,674361,0.000550820,0,11.22,26.60,7.68,35.02
"16k",8,8,506631,0.000016210,0,13.41,24.07,7.10,30.62
"16k",8,16,471929,0.000032040,0,12.26,21.86,5.63,28.29
"16k",8,32,556804,0.000057540,0,13.69,23.78,6.71,30.06
"16k",8,64,603797,0.000124840,0,13.89,25.24,6.82,31.74
"16k",8,128,632469,0.000375090,0,14.15,25.87,7.03,32.17
"16k",8,256,626129,0.000582210,0,14.30,25.80,6.70,32.17
"16k",16,16,551103,0.000030460,0,12.39,24.99,8.01,33.89
"16k",16,32,540268,0.000063320,0,11.47,25.70,7.63,34.31
"16k",16,64,568710,0.000183070,0,11.77,25.62,7.58,35.08
"16k",16,128,582489,0.000471570,0,12.12,25.92,7.17,34.81
"16k",16,256,574894,0.000709930,0,12.51,25.83,7.28,34.71
"16k",32,32,534070,0.000068450,0,11.23,25.24,8.14,34.79
"16k",32,64,530618,0.000186780,0,10.71,25.74,7.98,35.41
"16k",32,128,546072,0.000424650,0,10.96,25.64,8.16,35.79
"16k",32,256,537664,0.000605900,0,11.06,25.82,7.76,35.93
"64k",8,8,280987,0.000028870,0,11.10,25.41,5.73,32.27
"64k",8,16,279076,0.000052840,0,10.99,23.94,5.41,31.62
"64k",8,32,299418,0.000098810,0,11.25,25.08,5.47,33.46
"64k",8,64,319064,0.000199230,0,11.67,26.01,5.79,34.43
"64k",8,128,325945,0.000408910,0,12.08,26.71,5.63,35.03
"64k",8,256,288717,0.000850000,0,13.65,26.31,5.01,34.37
"64k",16,16,297060,0.000055140,0,11.04,26.23,6.43,35.47
"64k",16,32,299943,0.000113250,0,10.19,26.65,6.44,36.38
"64k",16,64,310548,0.000248450,0,10.44,26.99,6.45,36.60
"64k",16,128,310815,0.000568080,0,10.26,27.16,6.26,36.32
"64k",16,256,292710,0.001080000,0,11.71,27.07,5.59,36.03
"64k",32,32,295169,0.000116360,0,10.24,25.82,6.69,36.68
"64k",32,64,296283,0.000299360,0,9.49,27.02,6.70,37.10
"64k",32,128,296801,0.000635550,0,9.46,27.03,6.75,37.16
"64k",32,256,279322,0.001070000,0,10.36,27.16,6.30,36.83
"256k",8,8,106445,0.000075710,0,11.11,26.87,5.07,31.27
"256k",8,16,110236,0.000137120,0,10.60,26.25,5.05,32.23
"256k",8,32,115059,0.000257640,0,10.82,28.55,5.14,32.50
"256k",8,64,104522,0.000577350,0,12.69,29.13,4.45,32.38
"256k",8,128,71638,0.001740000,0,17.25,29.62,3.76,29.56
"256k",16,16,115307,0.000141520,0,10.94,28.66,5.71,34.69
"256k",16,32,114286,0.000296750,0,10.28,29.13,5.80,35.14
"256k",16,64,108574,0.000730230,0,10.67,29.68,5.28,34.25
"256k",16,128,79805,0.001670000,0,15.78,29.59,4.27,30.62
"256k",32,32,112660,0.000373250,0,9.92,28.81,6.00,35.73
"256k",32,64,105922,0.000693220,0,10.02,29.72,5.64,35.19
"256k",32,128,86894,0.001560000,0,14.47,29.70,4.89,31.61
"512k",8,8,53862,0.006340000,0,9.76,22.86,4.19,33.10
"512k",8,16,57980,0.000389290,0,10.33,23.89,4.49,35.18
"512k",8,32,54769,0.000529130,0,12.02,28.70,4.10,32.51
"512k",8,64,36984,0.001670000,0,17.69,29.47,3.40,29.59
"512k",8,128,26400,0.004630000,0,22.64,30.98,2.56,24.22
"512k",16,16,61547,0.000516770,0,10.21,24.24,5.16,40.59
"512k",16,32,57450,0.000582770,0,10.95,29.87,4.85,34.15
"512k",16,64,39638,0.001670000,0,17.14,29.48,3.87,29.57
"512k",16,128,27618,0.004590000,0,22.31,30.30,2.98,24.61
"512k",32,32,55632,0.000730370,0,10.54,30.19,5.23,34.61
"512k",32,64,39465,0.001670000,0,17.24,29.59,4.23,28.86
"512k",32,128,28771,0.004440000,0,21.87,30.38,3.26,24.79
