---
system-info:
      stress-ng-version: 0.17.08
      run-by: root
      date-yyyy-mm-dd: 2024:06:14
      time-hh-mm-ss: 16:24:59
      epoch-secs: 1718382299
      hostname: df081ff91e4e
      sysname: Linux
      nodename: df081ff91e4e
      release: 6.8.0-1008-aws
      version: '#8-Ubuntu SMP Sat Apr 20 00:46:25 UTC 2024'
      machine: x86_64
      compiler: 'musl-gcc 13.2.1'
      uptime: 168
      totalram: 31539245056
      freeram: 27161153536
      sharedram: 27590656
      bufferram: 109428736
      totalswap: 0
      freeswap: 0
      pagesize: 4096
      cpus: 8
      cpus-online: 8
      ticks-per-second: 100

metrics:
    - stressor: cpu
      bogo-ops: 133850
      bogo-ops-per-second-usr-sys-time: 839.758727
      bogo-ops-per-second-real-time: 6692.459691
      wall-clock-time: 20.000120
      user-time: 159.385030
      system-time: 0.005990
      cpu-usage-per-instance: 99.618787
      max-rss: 1104

...
