---
system-info:
      stress-ng-version: 0.17.08
      run-by: root
      date-yyyy-mm-dd: 2024:06:07
      time-hh-mm-ss: 17:00:01
      epoch-secs: 1717779601
      hostname: 0b2cc589273b
      sysname: Linux
      nodename: 0b2cc589273b
      release: 6.8.0-1008-aws
      version: '#8-Ubuntu SMP Sat Apr 20 00:46:25 UTC 2024'
      machine: x86_64
      compiler: 'musl-gcc 13.2.1'
      uptime: 164
      totalram: 31539212288
      freeram: 27250438144
      sharedram: 27598848
      bufferram: 94322688
      totalswap: 0
      freeswap: 0
      pagesize: 4096
      cpus: 8
      cpus-online: 8
      ticks-per-second: 100

metrics:
    - stressor: cpu
      bogo-ops: 80987
      bogo-ops-per-second-usr-sys-time: 1018.961668
      bogo-ops-per-second-real-time: 8097.672443
      wall-clock-time: 10.001269
      user-time: 79.466907
      system-time: 0.013021
      cpu-usage-per-instance: 99.337305
      max-rss: 3920

...
