BaselineInfo:
  WebDBID: -1
  TimeStamp: 20241108051856
Version:
  Major: 11
  Minor: 0
  Build: 1002
  SpecialBuildName: ""
  ptArchitecture: x86_64_linux
Results:
  Results Complete: true
  NumTestProcesses: 8
  CPU_INTEGER_MATH: 33501.917999999998
  CPU_FLOATINGPOINT_MATH: 17129.308727642157
  CPU_PRIME: 73.601637036141469
  CPU_SORTING: 17562.650400656999
  CPU_ENCRYPTION: 7282.1340665721564
  CPU_COMPRESSION: 125697.7707606535
  CPU_SINGLETHREAD: 2361.6838507044245
  CPU_PHYSICS: 1405.5354846263815
  CPU_MATRIX_MULT_SSE: 6937.8158701809161
  CPU_mm: 721.8765252562805
  CPU_sse: 3178.9540908436738
  CPU_fma: 8732.9888308691807
  CPU_avx: 6446.52140135847
  CPU_avx512: 9392.7991576523382
  m_CPU_enc_SHA: 7347653449.2004147
  m_CPU_enc_AES: 11055334720.551306
  m_CPU_enc_ECDSA: 4504624863.2181721
  ME_ALLOC_S: 4000.4057383011445
  ME_READ_S: 24225.895117187501
  ME_READ_L: 11794.705078125
  ME_WRITE: 10599.5595703125
  ME_LARGE: 21434.333333333332
  ME_LATENCY: 60.566793686860628
  ME_THREADED: 55294.97998046875
  SUMM_CPU: 11363.046562162681
  SUMM_ME: 2366.737581401781
SystemInformation:
  OSName: Ubuntu 24.04.1 LTS
  Kernel: 6.8.0-1016-aws
  Device: ""
  Processor: Intel Xeon Platinum 8375C CPU @ 2.90GHz
  NumSockets: 1
  Manufacturer: GenuineIntel
  NumCores: 4
  NumLogicals: 8
  CPUFrequency: 0
  Memory: 31556
  MemModuleInfo:
    iNumMemSticks: 1
    DIMM 1:
      manufacturer: Not Specified
      modulePartNo: Not Specified
      memType: DDR4
      size: 32
      clkspeed: 1600
      moduleVoltage: 0
Checksum: 413897526ADFAF467D252DEAC0BBFCF1288D9248