BaselineInfo:
  WebDBID: -1
  TimeStamp: 20241108210128
Version:
  Major: 11
  Minor: 0
  Build: 1002
  SpecialBuildName: ""
  ptArchitecture: aarch64_linux
Results:
  Results Complete: true
  NumTestProcesses: 64
  CPU_INTEGER_MATH: 252642.66066666666
  CPU_FLOATINGPOINT_MATH: 191541.38110746193
  CPU_PRIME: 242.57769076382215
  CPU_SORTING: 175002.25864690347
  CPU_ENCRYPTION: 8742.4753172256987
  CPU_COMPRESSION: 304710.06514299725
  CPU_SINGLETHREAD: 1110.9011721365614
  CPU_PHYSICS: 3876.4395758524865
  CPU_MATRIX_MULT_SSE: 39866.086602310483
  CPU_mm: 6644.3361204687353
  CPU_sse: 33394.467456108287
  CPU_fma: 46337.705748512672
  CPU_avx: 0
  CPU_avx512: 0
  m_CPU_enc_SHA: 13121062217.262173
  m_CPU_enc_AES: 6069170655.3506184
  m_CPU_enc_ECDSA: 8311216522.0929632
  ME_ALLOC_S: 20471.046158676392
  ME_READ_S: 9486.17041015625
  ME_READ_L: 9215.560546875
  ME_WRITE: 12546.66015625
  ME_LARGE: 113852.75
  ME_LATENCY: 69.741965784470167
  ME_THREADED: 170197.08251953125
  SUMM_CPU: 28043.214159854702
  SUMM_ME: 1844.5579687384477
SystemInformation:
  OSName: Ubuntu 24.04.1 LTS
  Kernel: 6.8.0-1016-aws
  Device: ""
  Processor: ARM Neoverse-N1 64 Core 0 MHz
  NumSockets: 1
  Manufacturer: ARM
  NumCores: 64
  NumLogicals: 64
  CPUFrequency: 0
  Memory: 126497
Checksum: 998F3B7F26A302B39863716B3509229F6BBB0C4E