---
system-info:
      stress-ng-version: 0.17.08
      run-by: root
      date-yyyy-mm-dd: 2024:09:16
      time-hh-mm-ss: 00:10:58
      epoch-secs: 1726445458
      hostname: sc-runner
      sysname: Linux
      nodename: sc-runner
      release: 6.8.0-1014-azure
      version: '#16-Ubuntu SMP Thu Aug 15 20:04:41 UTC 2024'
      machine: x86_64
      compiler: 'musl-gcc 13.2.1'
      uptime: 296
      totalram: 8321904640
      freeram: 292421632
      sharedram: 54906880
      bufferram: 220090368
      totalswap: 0
      freeswap: 0
      pagesize: 4096
      cpus: 4
      cpus-online: 4
      ticks-per-second: 100

metrics:
    - stressor: cpu
      bogo-ops: 37970
      bogo-ops-per-second-usr-sys-time: 1898.518795
      bogo-ops-per-second-real-time: 1898.499344
      wall-clock-time: 20.000007
      user-time: 19.998803
      system-time: 0.000999
      cpu-usage-per-instance: 99.998975
      max-rss: 3152

...
