BaselineInfo:
  WebDBID: -1
  TimeStamp: 20260405032145
Version:
  Major: 11
  Minor: 0
  Build: 1004
  SpecialBuildName: ""
  ptArchitecture: aarch64_linux
Results:
  Results Complete: true
  NumTestProcesses: 64
  CPU_INTEGER_MATH: 350354.94333333324
  CPU_FLOATINGPOINT_MATH: 293171.63690454786
  CPU_PRIME: 277.33392413832712
  CPU_SORTING: 196241.07122802781
  CPU_ENCRYPTION: 10410.518201021783
  CPU_COMPRESSION: 383044.91525340715
  CPU_SINGLETHREAD: 1644.3041057092041
  CPU_PHYSICS: 5071.8235361893803
  CPU_MATRIX_MULT_SSE: 49663.068839890126
  CPU_mm: 8019.9298596954604
  CPU_sse: 41915.776552474825
  CPU_fma: 57410.36112730539
  CPU_avx: 0
  CPU_avx512: 0
  m_CPU_enc_SHA: 15372960624.391882
  m_CPU_enc_AES: 6753580824.1281891
  m_CPU_enc_ECDSA: 10622117150.943779
  ME_ALLOC_S: 24564.672998218855
  ME_READ_S: 22436.421484375001
  ME_READ_L: 19602.3125
  ME_WRITE: 22423.37890625
  ME_LARGE: 234672.33333333334
  ME_LATENCY: 58.982886169049472
  ME_THREADED: 136589.8291015625
  SUMM_CPU: 36883.52417870162
  SUMM_ME: 3005.0461589182873
SystemInformation:
  OSName: Ubuntu 24.04.4 LTS
  Kernel: 6.8.0-106-generic
  Device: ""
  Processor: ARM Neoverse-N2 64 Core 3000 MHz
  NumSockets: 1
  Manufacturer: ARM
  NumCores: 64
  NumLogicals: 64
  CPUFrequency: 3000
  CPUMaxFrequency: 3000
  Memory: 251227
Checksum: 9DB2486747E96191A668530B14105C0823845B67