---
system-info:
      stress-ng-version: 0.17.08
      run-by: root
      date-yyyy-mm-dd: 2024:06:16
      time-hh-mm-ss: 06:28:52
      epoch-secs: 1718519332
      hostname: 0e3a22fedc58
      sysname: Linux
      nodename: 0e3a22fedc58
      release: 6.8.0-1008-aws
      version: '#8-Ubuntu SMP Sat Apr 20 00:46:25 UTC 2024'
      machine: x86_64
      compiler: 'musl-gcc 13.2.1'
      uptime: 189
      totalram: 4102279168
      freeram: 240218112
      sharedram: 48492544
      bufferram: 105738240
      totalswap: 0
      freeswap: 0
      pagesize: 4096
      cpus: 2
      cpus-online: 2
      ticks-per-second: 100

metrics:
    - stressor: cpu
      bogo-ops: 17566
      bogo-ops-per-second-usr-sys-time: 878.481011
      bogo-ops-per-second-real-time: 878.296964
      wall-clock-time: 20.000069
      user-time: 19.995879
      system-time: 0.000000
      cpu-usage-per-instance: 99.979049
      max-rss: 976

...
