---
system-info:
      stress-ng-version: 0.17.08
      run-by: root
      date-yyyy-mm-dd: 2024:06:10
      time-hh-mm-ss: 03:57:11
      epoch-secs: 1717991831
      hostname: caa63e15510f
      sysname: Linux
      nodename: caa63e15510f
      release: 6.8.0-1008-aws
      version: '#8-Ubuntu SMP Sat Apr 20 00:46:25 UTC 2024'
      machine: x86_64
      compiler: 'musl-gcc 13.2.1'
      uptime: 183
      totalram: 4102275072
      freeram: 231182336
      sharedram: 48488448
      bufferram: 108048384
      totalswap: 0
      freeswap: 0
      pagesize: 4096
      cpus: 2
      cpus-online: 2
      ticks-per-second: 100

metrics:
    - stressor: cpu
      bogo-ops: 11233
      bogo-ops-per-second-usr-sys-time: 1123.206100
      bogo-ops-per-second-real-time: 1122.992819
      wall-clock-time: 10.002735
      user-time: 9.998837
      system-time: 0.001999
      cpu-usage-per-instance: 99.981011
      max-rss: 3920

...
