BaselineInfo:
  WebDBID: -1
  TimeStamp: 20241219003515
Version:
  Major: 11
  Minor: 0
  Build: 1002
  SpecialBuildName: ""
  ptArchitecture: x86_64_linux
Results:
  Results Complete: true
  NumTestProcesses: 4
  CPU_INTEGER_MATH: 18920.056333333334
  CPU_FLOATINGPOINT_MATH: 13496.556517654299
  CPU_PRIME: 40.302348434223269
  CPU_SORTING: 9951.3814211249792
  CPU_ENCRYPTION: 4611.9226882918974
  CPU_COMPRESSION: 83009.02980669016
  CPU_SINGLETHREAD: 2192.6628649246773
  CPU_PHYSICS: 1038.4796202412901
  CPU_MATRIX_MULT_SSE: 7084.3350188745699
  CPU_mm: 803.40172808462592
  CPU_sse: 3205.2247449327751
  CPU_fma: 10666.568030950508
  CPU_avx: 7381.2122807404266
  CPU_avx512: 0
  m_CPU_enc_SHA: 6535317616.4427547
  m_CPU_enc_AES: 4174660031.3282375
  m_CPU_enc_ECDSA: 3797876686.6241007
  ME_ALLOC_S: 2255.6563262456921
  ME_READ_S: 25310.908789062501
  ME_READ_L: 7443.65087890625
  ME_WRITE: 7227.7294921875
  ME_LARGE: 53374.416666666664
  ME_LATENCY: 103.51996623156792
  ME_THREADED: 23841.11328125
  SUMM_CPU: 7846.3346056050777
  SUMM_ME: 1566.0767623819422
SystemInformation:
  OSName: Ubuntu 24.04.1 LTS
  Kernel: 6.8.0-31-generic
  Device: ""
  Processor: AMD EPYC 7542 32-Core Processor
  NumSockets: 1
  Manufacturer: AuthenticAMD
  NumCores: 4
  NumLogicals: 4
  CPUFrequency: 0
  Memory: 64258
  MemModuleInfo:
    iNumMemSticks: 4
    DIMM 1:
      manufacturer: QEMU
      modulePartNo: Not Specified
      memType: RAM
      size: 16
      clkspeed: 0
      moduleVoltage: 0
    DIMM 2:
      manufacturer: QEMU
      modulePartNo: Not Specified
      memType: RAM
      size: 16
      clkspeed: 0
      moduleVoltage: 0
    DIMM 3:
      manufacturer: QEMU
      modulePartNo: Not Specified
      memType: RAM
      size: 16
      clkspeed: 0
      moduleVoltage: 0
    DIMM 4:
      manufacturer: QEMU
      modulePartNo: Not Specified
      memType: RAM
      size: 16
      clkspeed: 0
      moduleVoltage: 0
Checksum: 19AA6FF3ABDF6CE31D8A401D4B9E63104233D18F