BaselineInfo:
  WebDBID: -1
  TimeStamp: 20260620143510
Version:
  Major: 11
  Minor: 0
  Build: 1004
  SpecialBuildName: ""
  ptArchitecture: x86_64_linux
Results:
  Results Complete: true
  NumTestProcesses: 64
  CPU_INTEGER_MATH: 419686.84566666681
  CPU_FLOATINGPOINT_MATH: 245382.31234188625
  CPU_PRIME: 563.99391718981963
  CPU_SORTING: 180159.40432477809
  CPU_ENCRYPTION: 79770.331025275125
  CPU_COMPRESSION: 1389603.1530098659
  CPU_SINGLETHREAD: 3794.4989503658226
  CPU_PHYSICS: 11612.764826236411
  CPU_MATRIX_MULT_SSE: 105726.84378329414
  CPU_mm: 10172.736467565959
  CPU_sse: 38833.822300007989
  CPU_fma: 113356.09361249096
  CPU_avx: 110858.99419549217
  CPU_avx512: 159858.46502518549
  m_CPU_enc_SHA: 101961899791.39749
  m_CPU_enc_AES: 82516928853.927155
  m_CPU_enc_ECDSA: 66456935230.1521
  ME_ALLOC_S: 38333.792835857101
  ME_READ_S: 34174.851953124999
  ME_READ_L: 30587.2265625
  ME_WRITE: 30449.287109375
  ME_LARGE: 118860.66666666667
  ME_LATENCY: 78.75371418099121
  ME_THREADED: 282114.44360351562
  SUMM_CPU: 94577.074039189538
  SUMM_ME: 2958.7804955974375
SystemInformation:
  OSName: Ubuntu 24.04.4 LTS
  Kernel: 6.17.0-1018-azure
  Device: ""
  Processor: "AMD EPYC 9V45 96-Core Processor                "
  NumSockets: 1
  Manufacturer: AuthenticAMD
  NumCores: 32
  NumLogicals: 64
  CPUFrequency: 0
  CPUMaxFrequency: 0
  Memory: 128791
  CPUInfo:
    number: 1
    Family: 15
    Model: 2
    stepping: 1
    features: 395049983
    manufacture: AuthenticAMD
    typestring: "AMD EPYC 9V45 96-Core Processor                "
    iCoresPerPackage: 32
    iThreadsPerPackage: 2
    featuresEx:
      - 395049983
      - 4277809667
      - 802421759
    bHybrid: false
    nPCore: 0
    nLogicalsPerPCore: 0
    nECore: 0
    nLogicalsPerECore: 0
  MemModuleInfo:
    iNumMemSticks: 3
    DIMM 1:
      manufacturer: Microsoft Corporation
      modulePartNo: None
      memType: Unknown
      size: 1
      clkspeed: 0
      moduleVoltage: 0
    DIMM 2:
      manufacturer: Microsoft Corporation
      modulePartNo: None
      memType: Unknown
      size: 59
      clkspeed: 0
      moduleVoltage: 0
    DIMM 3:
      manufacturer: Microsoft Corporation
      modulePartNo: None
      memType: Unknown
      size: 68
      clkspeed: 0
      moduleVoltage: 0
Checksum: C310D35BDDA2C3B1F272106C822E33BB26F8BC29