BaselineInfo:
  WebDBID: -1
  TimeStamp: 20241109195724
Version:
  Major: 11
  Minor: 0
  Build: 1002
  SpecialBuildName: ""
  ptArchitecture: x86_64_linux
Results:
  Results Complete: true
  NumTestProcesses: 96
  CPU_INTEGER_MATH: 402378.13433333318
  CPU_FLOATINGPOINT_MATH: 205698.94847268672
  CPU_PRIME: 446.10035149450863
  CPU_SORTING: 196680.1441993601
  CPU_ENCRYPTION: 86799.67652769915
  CPU_COMPRESSION: 1448999.1340046751
  CPU_SINGLETHREAD: 2364.9944729284371
  CPU_PHYSICS: 7501.5177527203068
  CPU_MATRIX_MULT_SSE: 83950.491430646696
  CPU_mm: 8599.2115623904756
  CPU_sse: 37442.01109599878
  CPU_fma: 102164.22045986303
  CPU_avx: 76901.599235961097
  CPU_avx512: 119294.13493076389
  m_CPU_enc_SHA: 88158858988.804977
  m_CPU_enc_AES: 131548205787.19771
  m_CPU_enc_ECDSA: 53341108068.123344
  ME_ALLOC_S: 29214.327689518203
  ME_READ_S: 24167.641210937501
  ME_READ_L: 12092.8486328125
  ME_WRITE: 10744.7431640625
  ME_LARGE: 177320.16666666666
  ME_LATENCY: 57.945399706242448
  ME_THREADED: 295685.37255859375
  SUMM_CPU: 75255.864544407988
  SUMM_ME: 2699.8293789606496
SystemInformation:
  OSName: Ubuntu 24.04.1 LTS
  Kernel: 6.8.0-1016-aws
  Device: ""
  Processor: Intel Xeon Platinum 8375C CPU @ 2.90GHz
  NumSockets: 2
  Manufacturer: GenuineIntel
  NumCores: 48
  NumLogicals: 96
  CPUFrequency: 0
  Memory: 190298
  MemModuleInfo:
    iNumMemSticks: 2
    DIMM 1:
      manufacturer: Not Specified
      modulePartNo: Not Specified
      memType: DDR4
      size: 96
      clkspeed: 1600
      moduleVoltage: 0
    DIMM 2:
      manufacturer: Not Specified
      modulePartNo: Not Specified
      memType: DDR4
      size: 96
      clkspeed: 1600
      moduleVoltage: 0
Checksum: E146AB53FFEEC700D03304FDAE0DD277699DE384