---
system-info:
      stress-ng-version: 0.17.08
      run-by: root
      date-yyyy-mm-dd: 2024:06:12
      time-hh-mm-ss: 21:40:39
      epoch-secs: 1718228439
      hostname: 450d7283ce94
      sysname: Linux
      nodename: 450d7283ce94
      release: 6.8.0-1008-aws
      version: '#8-Ubuntu SMP Sat Apr 20 00:46:25 UTC 2024'
      machine: x86_64
      compiler: 'musl-gcc 13.2.1'
      uptime: 140
      totalram: 8055431168
      freeram: 3710029824
      sharedram: 29200384
      bufferram: 112484352
      totalswap: 0
      freeswap: 0
      pagesize: 4096
      cpus: 4
      cpus-online: 4
      ticks-per-second: 100

metrics:
    - stressor: cpu
      bogo-ops: 28102
      bogo-ops-per-second-usr-sys-time: 1405.112365
      bogo-ops-per-second-real-time: 1405.091290
      wall-clock-time: 20.000124
      user-time: 19.999824
      system-time: 0.000000
      cpu-usage-per-instance: 99.998500
      max-rss: 1104

...
