---
system-info:
      stress-ng-version: 0.17.08
      run-by: root
      date-yyyy-mm-dd: 2024:06:05
      time-hh-mm-ss: 21:59:48
      epoch-secs: 1717624788
      hostname: b378ab462a87
      sysname: Linux
      nodename: b378ab462a87
      release: 6.8.0-1008-aws
      version: '#8-Ubuntu SMP Sat Apr 20 00:46:25 UTC 2024'
      machine: x86_64
      compiler: 'musl-gcc 13.2.1'
      uptime: 118
      totalram: 8055431168
      freeram: 3988664320
      sharedram: 29200384
      bufferram: 79704064
      totalswap: 0
      freeswap: 0
      pagesize: 4096
      cpus: 4
      cpus-online: 4
      ticks-per-second: 100

metrics:
    - stressor: cpu
      bogo-ops: 15230
      bogo-ops-per-second-usr-sys-time: 1522.912128
      bogo-ops-per-second-real-time: 1522.848126
      wall-clock-time: 10.000997
      user-time: 9.999577
      system-time: 0.001000
      cpu-usage-per-instance: 99.995797
      max-rss: 3920

...
