---
system-info:
      stress-ng-version: 0.17.08
      run-by: root
      date-yyyy-mm-dd: 2024:09:05
      time-hh-mm-ss: 16:32:56
      epoch-secs: 1725553976
      hostname: sc-runner
      sysname: Linux
      nodename: sc-runner
      release: 6.8.0-1013-azure
      version: '#15-Ubuntu SMP Thu Aug  8 18:40:40 UTC 2024'
      machine: x86_64
      compiler: 'musl-gcc 13.2.1'
      uptime: 381
      totalram: 67420598272
      freeram: 58710134784
      sharedram: 42094592
      bufferram: 223547392
      totalswap: 0
      freeswap: 0
      pagesize: 4096
      cpus: 16
      cpus-online: 16
      ticks-per-second: 100

metrics:
    - stressor: cpu
      bogo-ops: 24919
      bogo-ops-per-second-usr-sys-time: 1245.971555
      bogo-ops-per-second-real-time: 1245.939588
      wall-clock-time: 20.000167
      user-time: 19.999654
      system-time: 0.000000
      cpu-usage-per-instance: 99.997434
      max-rss: 3152

...
