BaselineInfo:
  WebDBID: -1
  TimeStamp: 20250526172644
Version:
  Major: 11
  Minor: 0
  Build: 1002
  SpecialBuildName: ""
  ptArchitecture: x86_64_linux
Results:
  Results Complete: true
  NumTestProcesses: 2
  CPU_INTEGER_MATH: 10609.127666666667
  CPU_FLOATINGPOINT_MATH: 7528.3341901402782
  CPU_PRIME: 21.17417042703525
  CPU_SORTING: 5354.0884590933092
  CPU_ENCRYPTION: 2357.8680900158743
  CPU_COMPRESSION: 40348.360019372907
  CPU_SINGLETHREAD: 3211.1219080152327
  CPU_PHYSICS: 518.11528925024231
  CPU_MATRIX_MULT_SSE: 3009.5236783798237
  CPU_mm: 300.21871240566117
  CPU_sse: 1299.9055661870379
  CPU_fma: 3593.0204302492884
  CPU_avx: 2684.1916449429923
  CPU_avx512: 4460.9770721399764
  m_CPU_enc_SHA: 2473157503.9756536
  m_CPU_enc_AES: 3211459366.3510618
  m_CPU_enc_ECDSA: 1732594800.7427411
  ME_ALLOC_S: 1767.7962645116613
  ME_READ_S: 28547.0283203125
  ME_READ_L: 10507.6845703125
  ME_WRITE: 9578.1083984375
  ME_LARGE: 159568
  ME_LATENCY: 58.750362943213609
  ME_THREADED: 16070.25048828125
  SUMM_CPU: 4171.279646640648
  SUMM_ME: 2107.6980262146631
SystemInformation:
  OSName: Ubuntu 24.04.2 LTS
  Kernel: 6.11.0-1015-azure
  Device: ""
  Processor: INTEL XEON PLATINUM 8573C
  NumSockets: 1
  Manufacturer: GenuineIntel
  NumCores: 1
  NumLogicals: 2
  CPUFrequency: 2300
  Memory: 169042
  MemModuleInfo:
    iNumMemSticks: 3
    DIMM 1:
      manufacturer: Microsoft Corporation
      modulePartNo: None
      memType: Unknown
      size: 1
      clkspeed: 0
      moduleVoltage: 0
    DIMM 2:
      manufacturer: Microsoft Corporation
      modulePartNo: None
      memType: Unknown
      size: 59
      clkspeed: 0
      moduleVoltage: 0
    DIMM 3:
      manufacturer: Microsoft Corporation
      modulePartNo: None
      memType: Unknown
      size: 108
      clkspeed: 0
      moduleVoltage: 0
Checksum: 4AE3F98640ACE91B2A7D27091097D3C56D0ADD17