---
system-info:
      stress-ng-version: 0.17.08
      run-by: root
      date-yyyy-mm-dd: 2024:06:09
      time-hh-mm-ss: 20:40:22
      epoch-secs: 1717965622
      hostname: 8dd489d1b8e7
      sysname: Linux
      nodename: 8dd489d1b8e7
      release: 6.8.0-1008-aws
      version: '#8-Ubuntu SMP Sat Apr 20 00:46:25 UTC 2024'
      machine: x86_64
      compiler: 'musl-gcc 13.2.1'
      uptime: 144
      totalram: 1589348495360
      freeram: 1582358183936
      sharedram: 71770112
      bufferram: 113704960
      totalswap: 0
      freeswap: 0
      pagesize: 4096
      cpus: 192
      cpus-online: 192
      ticks-per-second: 100

metrics:
    - stressor: cpu
      bogo-ops: 17637
      bogo-ops-per-second-usr-sys-time: 1763.772491
      bogo-ops-per-second-real-time: 1763.664090
      wall-clock-time: 10.000204
      user-time: 9.997590
      system-time: 0.001999
      cpu-usage-per-instance: 99.993854
      max-rss: 3072

...
