---
system-info:
      stress-ng-version: 0.17.08
      run-by: root
      date-yyyy-mm-dd: 2024:07:26
      time-hh-mm-ss: 10:44:20
      epoch-secs: 1721990660
      hostname: ip-172-31-30-195
      sysname: Linux
      nodename: ip-172-31-30-195
      release: 6.8.0-1012-aws
      version: '#13-Ubuntu SMP Mon Jul 15 13:40:27 UTC 2024'
      machine: x86_64
      compiler: 'musl-gcc 13.2.1'
      uptime: 239
      totalram: 1589348458496
      freeram: 1581801201664
      sharedram: 71757824
      bufferram: 133402624
      totalswap: 0
      freeswap: 0
      pagesize: 4096
      cpus: 192
      cpus-online: 192
      ticks-per-second: 100

metrics:
    - stressor: cpu
      bogo-ops: 61488
      bogo-ops-per-second-usr-sys-time: 3074.511144
      bogo-ops-per-second-real-time: 3074.386403
      wall-clock-time: 20.000088
      user-time: 19.998278
      system-time: 0.000999
      cpu-usage-per-instance: 99.995943
      max-rss: 0

...
