---
system-info:
      stress-ng-version: 0.17.08
      run-by: root
      date-yyyy-mm-dd: 2024:07:03
      time-hh-mm-ss: 14:31:15
      epoch-secs: 1720017075
      hostname: c3-highmem-88-2f1c1ef
      sysname: Linux
      nodename: c3-highmem-88-2f1c1ef
      release: 6.8.0-1009-gcp
      version: '#10-Ubuntu SMP Wed Jun 12 18:52:23 UTC 2024'
      machine: x86_64
      compiler: 'musl-gcc 13.2.1'
      uptime: 149
      totalram: 743947878400
      freeram: 737458262016
      sharedram: 221958144
      bufferram: 132722688
      totalswap: 0
      freeswap: 0
      pagesize: 4096
      cpus: 88
      cpus-online: 88
      ticks-per-second: 100

metrics:
    - stressor: cpu
      bogo-ops: 32474
      bogo-ops-per-second-usr-sys-time: 1623.716968
      bogo-ops-per-second-real-time: 1623.693458
      wall-clock-time: 20.000081
      user-time: 19.999791
      system-time: 0.000000
      cpu-usage-per-instance: 99.998552
      max-rss: 704

...
