---
system-info:
      stress-ng-version: 0.17.08
      run-by: root
      date-yyyy-mm-dd: 2024:06:12
      time-hh-mm-ss: 23:41:09
      epoch-secs: 1718235669
      hostname: 4d5eafbbf501
      sysname: Linux
      nodename: 4d5eafbbf501
      release: 6.8.0-1008-aws
      version: '#8-Ubuntu SMP Sat Apr 20 00:46:25 UTC 2024'
      machine: x86_64
      compiler: 'musl-gcc 13.2.1'
      uptime: 164
      totalram: 132900220928
      freeram: 128180187136
      sharedram: 60116992
      bufferram: 112652288
      totalswap: 0
      freeswap: 0
      pagesize: 4096
      cpus: 64
      cpus-online: 64
      ticks-per-second: 100

metrics:
    - stressor: cpu
      bogo-ops: 37843
      bogo-ops-per-second-usr-sys-time: 1892.109414
      bogo-ops-per-second-real-time: 1892.148060
      wall-clock-time: 20.000021
      user-time: 20.000429
      system-time: 0.000000
      cpu-usage-per-instance: 100.002042
      max-rss: 512

...
