---
system-info:
      stress-ng-version: 0.17.08
      run-by: root
      date-yyyy-mm-dd: 2024:06:06
      time-hh-mm-ss: 09:41:56
      epoch-secs: 1717666916
      hostname: c23d39029b5a
      sysname: Linux
      nodename: c23d39029b5a
      release: 6.8.0-1008-aws
      version: '#8-Ubuntu SMP Sat Apr 20 00:46:25 UTC 2024'
      machine: x86_64
      compiler: 'musl-gcc 13.2.1'
      uptime: 142
      totalram: 132900225024
      freeram: 128460668928
      sharedram: 60116992
      bufferram: 82309120
      totalswap: 0
      freeswap: 0
      pagesize: 4096
      cpus: 64
      cpus-online: 64
      ticks-per-second: 100

metrics:
    - stressor: cpu
      bogo-ops: 16776
      bogo-ops-per-second-usr-sys-time: 1677.550177
      bogo-ops-per-second-real-time: 1677.591041
      wall-clock-time: 10.000053
      user-time: 10.000297
      system-time: 0.000000
      cpu-usage-per-instance: 100.002436
      max-rss: 3584

...
