---
system-info:
      stress-ng-version: 0.17.08
      run-by: root
      date-yyyy-mm-dd: 2024:06:10
      time-hh-mm-ss: 11:44:02
      epoch-secs: 1718019842
      hostname: c9d6aa15494d
      sysname: Linux
      nodename: c9d6aa15494d
      release: 6.8.0-1008-aws
      version: '#8-Ubuntu SMP Sat Apr 20 00:46:25 UTC 2024'
      machine: x86_64
      compiler: 'musl-gcc 13.2.1'
      uptime: 162
      totalram: 1589205471232
      freeram: 1581384232960
      sharedram: 139157504
      bufferram: 115896320
      totalswap: 0
      freeswap: 0
      pagesize: 4096
      cpus: 192
      cpus-online: 192
      ticks-per-second: 100

metrics:
    - stressor: cpu
      bogo-ops: 2360005
      bogo-ops-per-second-usr-sys-time: 1230.667685
      bogo-ops-per-second-real-time: 235959.103261
      wall-clock-time: 10.001754
      user-time: 1917.421419
      system-time: 0.240862
      cpu-usage-per-instance: 99.860724
      max-rss: 3072

...
