---
system-info:
      stress-ng-version: 0.17.08
      run-by: root
      date-yyyy-mm-dd: 2024:07:12
      time-hh-mm-ss: 11:27:15
      epoch-secs: 1720783635
      hostname: ip-172-31-0-200
      sysname: Linux
      nodename: ip-172-31-0-200
      release: 6.8.0-1010-aws
      version: '#10-Ubuntu SMP Thu Jun 13 17:36:15 UTC 2024'
      machine: x86_64
      compiler: 'musl-gcc 13.2.1'
      uptime: 134
      totalram: 1589205495808
      freeram: 1581863698432
      sharedram: 139137024
      bufferram: 129298432
      totalswap: 0
      freeswap: 0
      pagesize: 4096
      cpus: 192
      cpus-online: 192
      ticks-per-second: 100

metrics:
    - stressor: cpu
      bogo-ops: 5727515
      bogo-ops-per-second-usr-sys-time: 1492.438643
      bogo-ops-per-second-real-time: 286374.941041
      wall-clock-time: 20.000056
      user-time: 3837.620812
      system-time: 0.067945
      cpu-usage-per-instance: 99.939529
      max-rss: 0

...
