---
system-info:
      stress-ng-version: 0.17.08
      run-by: root
      date-yyyy-mm-dd: 2024:09:16
      time-hh-mm-ss: 15:22:42
      epoch-secs: 1726500162
      hostname: sc-runner
      sysname: Linux
      nodename: sc-runner
      release: 6.8.0-1014-azure
      version: '#16-Ubuntu SMP Thu Aug 15 20:04:41 UTC 2024'
      machine: x86_64
      compiler: 'musl-gcc 13.2.1'
      uptime: 303
      totalram: 29423050752
      freeram: 19275419648
      sharedram: 42086400
      bufferram: 231174144
      totalswap: 0
      freeswap: 0
      pagesize: 4096
      cpus: 8
      cpus-online: 8
      ticks-per-second: 100

metrics:
    - stressor: cpu
      bogo-ops: 198915
      bogo-ops-per-second-usr-sys-time: 1246.941470
      bogo-ops-per-second-real-time: 9945.703079
      wall-clock-time: 20.000094
      user-time: 159.511333
      system-time: 0.010990
      cpu-usage-per-instance: 99.700982
      max-rss: 3124

...
