BaselineInfo:
  WebDBID: -1
  TimeStamp: 20251218051049
Version:
  Major: 11
  Minor: 0
  Build: 1002
  SpecialBuildName: ""
  ptArchitecture: x86_64_linux
Results:
  Results Complete: true
  NumTestProcesses: 4
  CPU_INTEGER_MATH: 19572.002
  CPU_FLOATINGPOINT_MATH: 13965.758764202898
  CPU_PRIME: 46.579333562011428
  CPU_SORTING: 12096.192421441358
  CPU_ENCRYPTION: 2496.4570737351737
  CPU_COMPRESSION: 98435.66344136867
  CPU_SINGLETHREAD: 2524.1328008143673
  CPU_PHYSICS: 719.69549332592078
  CPU_MATRIX_MULT_SSE: 7180.7896096786972
  CPU_mm: 865.8591799438168
  CPU_sse: 3121.1051351748433
  CPU_fma: 9559.7350545018089
  CPU_avx: 6410.9485311624012
  CPU_avx512: 9631.369717875732
  m_CPU_enc_SHA: 1379687341.3030365
  m_CPU_enc_AES: 5263735990.89044
  m_CPU_enc_ECDSA: 1209751585.4533238
  ME_ALLOC_S: 3430.9234023514714
  ME_READ_S: 29140.707617187501
  ME_READ_L: 11755.96875
  ME_WRITE: 11617.19921875
  ME_LARGE: 11201.083333333334
  ME_LATENCY: 49.575236386160363
  ME_THREADED: 41564.1357421875
  SUMM_CPU: 7500.983664223636
  SUMM_ME: 2523.6220818203687
SystemInformation:
  OSName: Ubuntu 24.04.2 LTS
  Kernel: 6.8.0-86-generic
  Device: ""
  Processor: Intel Xeon W-3235 CPU @ 3.30GHz
  NumSockets: 4
  Manufacturer: GenuineIntel
  NumCores: 4
  NumLogicals: 4
  CPUFrequency: 0
  Memory: 27403
  MemModuleInfo:
    iNumMemSticks: 1
    DIMM 1:
      manufacturer: QEMU
      modulePartNo: Not Specified
      memType: RAM
      size: 28000
      clkspeed: 0
      moduleVoltage: 0
Checksum: 62B762B9FC38DD2F1639895E8C91961CF1EDE61D