---
system-info:
      stress-ng-version: 0.17.08
      run-by: root
      date-yyyy-mm-dd: 2024:06:05
      time-hh-mm-ss: 22:39:49
      epoch-secs: 1717627189
      hostname: 83fcfdfdaeb1
      sysname: Linux
      nodename: 83fcfdfdaeb1
      release: 6.8.0-1008-aws
      version: '#8-Ubuntu SMP Sat Apr 20 00:46:25 UTC 2024'
      machine: x86_64
      compiler: 'musl-gcc 13.2.1'
      uptime: 130
      totalram: 21528207360
      freeram: 17414778880
      sharedram: 29204480
      bufferram: 79806464
      totalswap: 0
      freeswap: 0
      pagesize: 4096
      cpus: 8
      cpus-online: 8
      ticks-per-second: 100

metrics:
    - stressor: cpu
      bogo-ops: 15299
      bogo-ops-per-second-usr-sys-time: 1529.827486
      bogo-ops-per-second-real-time: 1529.821691
      wall-clock-time: 10.000512
      user-time: 9.999475
      system-time: 0.000999
      cpu-usage-per-instance: 99.999621
      max-rss: 3920

...
