---
system-info:
      stress-ng-version: 0.17.08
      run-by: root
      date-yyyy-mm-dd: 2024:06:12
      time-hh-mm-ss: 21:42:08
      epoch-secs: 1718228528
      hostname: 14ec01cb3f09
      sysname: Linux
      nodename: 14ec01cb3f09
      release: 6.8.0-1008-aws
      version: '#8-Ubuntu SMP Sat Apr 20 00:46:25 UTC 2024'
      machine: x86_64
      compiler: 'musl-gcc 13.2.1'
      uptime: 159
      totalram: 21528203264
      freeram: 17146040320
      sharedram: 29204480
      bufferram: 112418816
      totalswap: 0
      freeswap: 0
      pagesize: 4096
      cpus: 8
      cpus-online: 8
      ticks-per-second: 100

metrics:
    - stressor: cpu
      bogo-ops: 28147
      bogo-ops-per-second-usr-sys-time: 1407.367451
      bogo-ops-per-second-real-time: 1407.343256
      wall-clock-time: 20.000096
      user-time: 19.999752
      system-time: 0.000000
      cpu-usage-per-instance: 99.998281
      max-rss: 1104

...
