---
system-info:
      stress-ng-version: 0.17.08
      run-by: root
      date-yyyy-mm-dd: 2024:06:28
      time-hh-mm-ss: 17:51:29
      epoch-secs: 1719597089
      hostname: c3d-highmem-180-f37e5e8
      sysname: Linux
      nodename: c3d-highmem-180-f37e5e8
      release: 6.8.0-1009-gcp
      version: '#10-Ubuntu SMP Wed Jun 12 18:52:23 UTC 2024'
      machine: x86_64
      compiler: 'musl-gcc 13.2.1'
      uptime: 129
      totalram: 1521439174656
      freeram: 1515349397504
      sharedram: 36532224
      bufferram: 131862528
      totalswap: 0
      freeswap: 0
      pagesize: 4096
      cpus: 180
      cpus-online: 180
      ticks-per-second: 100

metrics:
    - stressor: cpu
      bogo-ops: 5539155
      bogo-ops-per-second-usr-sys-time: 1539.555918
      bogo-ops-per-second-real-time: 276956.978640
      wall-clock-time: 20.000056
      user-time: 3597.822448
      system-time: 0.068954
      cpu-usage-per-instance: 99.941149
      max-rss: 0

...
