---
system-info:
      stress-ng-version: 0.17.08
      run-by: root
      date-yyyy-mm-dd: 2024:06:12
      time-hh-mm-ss: 23:20:42
      epoch-secs: 1718234442
      hostname: f98385414c82
      sysname: Linux
      nodename: f98385414c82
      release: 6.8.0-1008-aws
      version: '#8-Ubuntu SMP Sat Apr 20 02:43:14 UTC 2024'
      machine: aarch64
      compiler: 'musl-gcc 13.2.1'
      uptime: 136
      totalram: 8140922880
      freeram: 3907469312
      sharedram: 35012608
      bufferram: 109924352
      totalswap: 0
      freeswap: 0
      pagesize: 4096
      cpus: 4
      cpus-online: 4
      ticks-per-second: 100

metrics:
    - stressor: cpu
      bogo-ops: 121015
      bogo-ops-per-second-usr-sys-time: 1519.069777
      bogo-ops-per-second-real-time: 6050.727567
      wall-clock-time: 20.000074
      user-time: 79.654887
      system-time: 0.008998
      cpu-usage-per-instance: 99.579487
      max-rss: 1320

...
