BaselineInfo:
  WebDBID: -1
  TimeStamp: 20241108005432
Version:
  Major: 11
  Minor: 0
  Build: 1002
  SpecialBuildName: ""
  ptArchitecture: x86_64_linux
Results:
  Results Complete: true
  NumTestProcesses: 8
  CPU_INTEGER_MATH: 24885.926000000003
  CPU_FLOATINGPOINT_MATH: 13350.997534457259
  CPU_PRIME: 48.374507039963468
  CPU_SORTING: 12990.066744271855
  CPU_ENCRYPTION: 3425.8216647496324
  CPU_COMPRESSION: 110904.44824783574
  CPU_SINGLETHREAD: 2018.237817598922
  CPU_PHYSICS: 919.70089736589637
  CPU_MATRIX_MULT_SSE: 7059.4654212855112
  CPU_mm: 756.01988107862769
  CPU_sse: 2704.4823697168722
  CPU_fma: 8729.401815295605
  CPU_avx: 6181.8901944156441
  CPU_avx512: 10622.087305713929
  m_CPU_enc_SHA: 1125579538.4412434
  m_CPU_enc_AES: 8640951701.7418423
  m_CPU_enc_ECDSA: 1010171893.6264439
  ME_ALLOC_S: 2918.9329943705634
  ME_READ_S: 24230.966210937499
  ME_READ_L: 11709.3251953125
  ME_WRITE: 10495.3125
  ME_LARGE: 54295.833333333336
  ME_LATENCY: 49.35882549194713
  ME_THREADED: 44484.12744140625
  SUMM_CPU: 8479.4380668695267
  SUMM_ME: 2553.4879646841896
SystemInformation:
  OSName: Ubuntu 24.04.1 LTS
  Kernel: 6.8.0-1017-azure
  Device: ""
  Processor: Intel Xeon Platinum 8272CL CPU @ 2.60GHz
  NumSockets: 1
  Manufacturer: GenuineIntel
  NumCores: 4
  NumLogicals: 8
  CPUFrequency: 0
  Memory: 64299
  MemModuleInfo:
    iNumMemSticks: 3
    DIMM 1:
      manufacturer: Microsoft Corporation
      modulePartNo: None
      memType: Unknown
      size: 1
      clkspeed: 0
      moduleVoltage: 0
    DIMM 2:
      manufacturer: Microsoft Corporation
      modulePartNo: None
      memType: Unknown
      size: 60928
      clkspeed: 0
      moduleVoltage: 0
    DIMM 3:
      manufacturer: Microsoft Corporation
      modulePartNo: None
      memType: Unknown
      size: 3584
      clkspeed: 0
      moduleVoltage: 0
Checksum: 7931A2EDF92ADE69C3A1180C008594BE189F46BB