---
system-info:
      stress-ng-version: 0.17.08
      run-by: root
      date-yyyy-mm-dd: 2024:06:15
      time-hh-mm-ss: 05:41:13
      epoch-secs: 1718430073
      hostname: 62122b25af66
      sysname: Linux
      nodename: 62122b25af66
      release: 6.8.0-1008-aws
      version: '#8-Ubuntu SMP Sat Apr 20 02:43:14 UTC 2024'
      machine: aarch64
      compiler: 'musl-gcc 13.2.1'
      uptime: 140
      totalram: 3993309184
      freeram: 225435648
      sharedram: 35008512
      bufferram: 98127872
      totalswap: 0
      freeswap: 0
      pagesize: 4096
      cpus: 1
      cpus-online: 1
      ticks-per-second: 100

metrics:
    - stressor: cpu
      bogo-ops: 30254
      bogo-ops-per-second-usr-sys-time: 1532.215367
      bogo-ops-per-second-real-time: 1512.691867
      wall-clock-time: 20.000108
      user-time: 19.744273
      system-time: 0.000993
      cpu-usage-per-instance: 98.725799
      max-rss: 1192

...
