---
system-info:
      stress-ng-version: 0.17.08
      run-by: root
      date-yyyy-mm-dd: 2024:06:08
      time-hh-mm-ss: 20:55:48
      epoch-secs: 1717880148
      hostname: abf9a718f6df
      sysname: Linux
      nodename: abf9a718f6df
      release: 6.8.0-1008-aws
      version: '#8-Ubuntu SMP Sat Apr 20 02:43:14 UTC 2024'
      machine: aarch64
      compiler: 'musl-gcc 13.2.1'
      uptime: 125
      totalram: 3993309184
      freeram: 95260672
      sharedram: 35008512
      bufferram: 91226112
      totalswap: 0
      freeswap: 0
      pagesize: 4096
      cpus: 1
      cpus-online: 1
      ticks-per-second: 100

metrics:
    - stressor: cpu
      bogo-ops: 4193
      bogo-ops-per-second-usr-sys-time: 424.472623
      bogo-ops-per-second-real-time: 418.650321
      wall-clock-time: 10.015518
      user-time: 9.875164
      system-time: 0.002976
      cpu-usage-per-instance: 98.628344
      max-rss: 4136

...
