---
system-info:
      stress-ng-version: 0.17.08
      run-by: root
      date-yyyy-mm-dd: 2024:06:08
      time-hh-mm-ss: 22:20:07
      epoch-secs: 1717885207
      hostname: f986069abba3
      sysname: Linux
      nodename: f986069abba3
      release: 6.8.0-1008-aws
      version: '#8-Ubuntu SMP Sat Apr 20 00:46:25 UTC 2024'
      machine: x86_64
      compiler: 'musl-gcc 13.2.1'
      uptime: 121
      totalram: 33089794048
      freeram: 28565585920
      sharedram: 113532928
      bufferram: 106668032
      totalswap: 0
      freeswap: 0
      pagesize: 4096
      cpus: 8
      cpus-online: 8
      ticks-per-second: 100

metrics:
    - stressor: cpu
      bogo-ops: 21054
      bogo-ops-per-second-usr-sys-time: 2105.295788
      bogo-ops-per-second-real-time: 2105.305233
      wall-clock-time: 10.000450
      user-time: 9.999495
      system-time: 0.001000
      cpu-usage-per-instance: 100.000449
      max-rss: 3920

...
