---
system-info:
      stress-ng-version: 0.17.08
      run-by: root
      date-yyyy-mm-dd: 2024:06:15
      time-hh-mm-ss: 06:56:21
      epoch-secs: 1718434581
      hostname: f436684b34b5
      sysname: Linux
      nodename: f436684b34b5
      release: 6.8.0-1008-aws
      version: '#8-Ubuntu SMP Sat Apr 20 00:46:25 UTC 2024'
      machine: x86_64
      compiler: 'musl-gcc 13.2.1'
      uptime: 148
      totalram: 33089794048
      freeram: 28611510272
      sharedram: 113532928
      bufferram: 109912064
      totalswap: 0
      freeswap: 0
      pagesize: 4096
      cpus: 8
      cpus-online: 8
      ticks-per-second: 100

metrics:
    - stressor: cpu
      bogo-ops: 37521
      bogo-ops-per-second-usr-sys-time: 1876.064352
      bogo-ops-per-second-real-time: 1876.045840
      wall-clock-time: 20.000044
      user-time: 19.999847
      system-time: 0.000000
      cpu-usage-per-instance: 99.999013
      max-rss: 1104

...
