---
system-info:
      stress-ng-version: 0.17.08
      run-by: root
      date-yyyy-mm-dd: 2024:06:15
      time-hh-mm-ss: 11:41:59
      epoch-secs: 1718451719
      hostname: 94452b3c8afd
      sysname: Linux
      nodename: 94452b3c8afd
      release: 6.8.0-1008-aws
      version: '#8-Ubuntu SMP Sat Apr 20 00:46:25 UTC 2024'
      machine: x86_64
      compiler: 'musl-gcc 13.2.1'
      uptime: 142
      totalram: 16469213184
      freeram: 12054802432
      sharedram: 113516544
      bufferram: 109375488
      totalswap: 0
      freeswap: 0
      pagesize: 4096
      cpus: 4
      cpus-online: 4
      ticks-per-second: 100

metrics:
    - stressor: cpu
      bogo-ops: 37093
      bogo-ops-per-second-usr-sys-time: 1854.750435
      bogo-ops-per-second-real-time: 1854.645092
      wall-clock-time: 20.000053
      user-time: 19.998917
      system-time: 0.000000
      cpu-usage-per-instance: 99.994320
      max-rss: 1104

...
