---
system-info:
      stress-ng-version: 0.17.08
      run-by: root
      date-yyyy-mm-dd: 2024:06:09
      time-hh-mm-ss: 09:54:46
      epoch-secs: 1717926886
      hostname: 47248c8ae086
      sysname: Linux
      nodename: 47248c8ae086
      release: 6.8.0-1008-aws
      version: '#8-Ubuntu SMP Sat Apr 20 00:46:25 UTC 2024'
      machine: x86_64
      compiler: 'musl-gcc 13.2.1'
      uptime: 116
      totalram: 16469204992
      freeram: 11975254016
      sharedram: 113516544
      bufferram: 106479616
      totalswap: 0
      freeswap: 0
      pagesize: 4096
      cpus: 4
      cpus-online: 4
      ticks-per-second: 100

metrics:
    - stressor: cpu
      bogo-ops: 20762
      bogo-ops-per-second-usr-sys-time: 2076.087061
      bogo-ops-per-second-real-time: 2076.058686
      wall-clock-time: 10.000681
      user-time: 10.000544
      system-time: 0.000000
      cpu-usage-per-instance: 99.998633
      max-rss: 3792

...
