BaselineInfo:
  WebDBID: -1
  TimeStamp: 20260611232130
Version:
  Major: 11
  Minor: 0
  Build: 1004
  SpecialBuildName: ""
  ptArchitecture: x86_64_linux
Results:
  Results Complete: true
  NumTestProcesses: 2
  CPU_INTEGER_MATH: 13402.741
  CPU_FLOATINGPOINT_MATH: 11789.760252467644
  CPU_PRIME: 42.342669544474106
  CPU_SORTING: 8446.2925920353082
  CPU_ENCRYPTION: 2872.0387191366531
  CPU_COMPRESSION: 57267.876006938233
  CPU_SINGLETHREAD: 3222.879035363957
  CPU_PHYSICS: 766.94707381686794
  CPU_MATRIX_MULT_SSE: 5199.6981839362998
  CPU_mm: 577.13650139948504
  CPU_sse: 2584.7289124104036
  CPU_fma: 7569.9397704405073
  CPU_avx: 6493.2707958888441
  CPU_avx512: 4150.8532570054449
  m_CPU_enc_SHA: 4006894987.6209364
  m_CPU_enc_AES: 2540366492.6244907
  m_CPU_enc_ECDSA: 2487391135.6268778
  ME_ALLOC_S: 1156.3924863087732
  ME_READ_S: 30798.20703125
  ME_READ_L: 28481.046875
  ME_WRITE: 28327.939453125
  ME_LARGE: 2060.5
  ME_LATENCY: 67.210107803315807
  ME_THREADED: 56392.271484375
  SUMM_CPU: 5984.6871901852464
  SUMM_ME: 1884.0143402622969
SystemInformation:
  OSName: Ubuntu 24.04.4 LTS
  Kernel: 6.8.0-124-generic
  Device: ""
  Processor: AMD EPYC-Genoa Processor
  NumSockets: 1
  Manufacturer: AuthenticAMD
  NumCores: 1
  NumLogicals: 2
  CPUFrequency: 0
  CPUMaxFrequency: 0
  Memory: 3909
  CPUInfo:
    number: 1
    Family: 15
    Model: 1
    stepping: 0
    features: 395049983
    manufacture: AuthenticAMD
    typestring: AMD EPYC-Genoa Processor
    iCoresPerPackage: 1
    iThreadsPerPackage: 2
    featuresEx:
      - 395049983
      - 4277809667
      - 802421759
    bHybrid: false
    nPCore: 0
    nLogicalsPerPCore: 0
    nECore: 0
    nLogicalsPerECore: 0
  MemModuleInfo:
    iNumMemSticks: 1
    DIMM 1:
      manufacturer: QEMU
      modulePartNo: Not Specified
      memType: RAM
      size: 4
      clkspeed: 0
      moduleVoltage: 0
Checksum: 5657133BA8C87F4E459C07403128AAA717F25616