BaselineInfo:
  WebDBID: -1
  TimeStamp: 20251219083250
Version:
  Major: 11
  Minor: 0
  Build: 1002
  SpecialBuildName: ""
  ptArchitecture: x86_64_linux
Results:
  Results Complete: true
  NumTestProcesses: 15
  CPU_INTEGER_MATH: 64660.646666666667
  CPU_FLOATINGPOINT_MATH: 46169.203354041143
  CPU_PRIME: 165.18220687755851
  CPU_SORTING: 39424.584213357899
  CPU_ENCRYPTION: 8315.8152792321689
  CPU_COMPRESSION: 326878.57909097616
  CPU_SINGLETHREAD: 2118.6297803075777
  CPU_PHYSICS: 2204.4310498260111
  CPU_MATRIX_MULT_SSE: 23469.446169419352
  CPU_mm: 2856.3766234140803
  CPU_sse: 10056.467246439295
  CPU_fma: 31680.922940656492
  CPU_avx: 21213.468085550467
  CPU_avx512: 30926.926405031139
  m_CPU_enc_SHA: 4570158139.0192785
  m_CPU_enc_AES: 17584627981.381092
  m_CPU_enc_ECDSA: 4004506846.3080807
  ME_ALLOC_S: 9345.2491252727159
  ME_READ_S: 25421.336523437501
  ME_READ_L: 10279.3125
  ME_WRITE: 10006.998046875
  ME_LARGE: 25402.166666666668
  ME_LATENCY: 57.878184167309968
  ME_THREADED: 90461.0478515625
  SUMM_CPU: 22125.887842996097
  SUMM_ME: 2464.335417431746
SystemInformation:
  OSName: Ubuntu 24.04.2 LTS
  Kernel: 6.8.0-86-generic
  Device: ""
  Processor: Intel Xeon Gold 6226R CPU @ 2.90GHz
  NumSockets: 15
  Manufacturer: GenuineIntel
  NumCores: 15
  NumLogicals: 15
  CPUFrequency: 0
  Memory: 44085
  MemModuleInfo:
    iNumMemSticks: 1
    DIMM 1:
      manufacturer: QEMU
      modulePartNo: Not Specified
      memType: RAM
      size: 45000
      clkspeed: 0
      moduleVoltage: 0
Checksum: A833210D8328E1812E0600BDC49B3C9800494026