BaselineInfo:
  WebDBID: -1
  TimeStamp: 20241114234837
Version:
  Major: 11
  Minor: 0
  Build: 1002
  SpecialBuildName: ""
  ptArchitecture: x86_64_linux
Results:
  Results Complete: true
  NumTestProcesses: 2
  CPU_INTEGER_MATH: 8264.4946666666656
  CPU_FLOATINGPOINT_MATH: 4583.9169930020835
  CPU_PRIME: 19.252743684452049
  CPU_SORTING: 4602.5481569521471
  CPU_ENCRYPTION: 2147.5922632410211
  CPU_COMPRESSION: 32333.778353283065
  CPU_SINGLETHREAD: 2334.8829358797293
  CPU_PHYSICS: 393.45368961690423
  CPU_MATRIX_MULT_SSE: 1737.7349303950061
  CPU_mm: 223.53184949930318
  CPU_sse: 948.82164280151665
  CPU_fma: 2586.4200036518259
  CPU_avx: 1677.963144731676
  CPU_avx512: 0
  m_CPU_enc_SHA: 3107181126.9614916
  m_CPU_enc_AES: 1990650641.2311985
  m_CPU_enc_ECDSA: 1657909346.86796
  ME_ALLOC_S: 0
  ME_READ_S: 0
  ME_READ_L: 0
  ME_WRITE: 0
  ME_LARGE: 0
  ME_LATENCY: 0
  ME_THREADED: 0
  SUMM_CPU: 3126.6823017199858
  SUMM_ME: 0
SystemInformation:
  OSName: Ubuntu 24.04.1 LTS
  Kernel: 6.8.0-1017-azure
  Device: ""
  Processor: AMD EPYC 7763 64-Core Processor
  NumSockets: 1
  Manufacturer: AuthenticAMD
  NumCores: 1
  NumLogicals: 2
  CPUFrequency: 0
  Memory: 892
  MemModuleInfo:
    iNumMemSticks: 1
    DIMM 1:
      manufacturer: Microsoft Corporation
      modulePartNo: None
      memType: Unknown
      size: 1
      clkspeed: 0
      moduleVoltage: 0
Checksum: C93E9D095EA4090324ED4170B1403B0CAF48B765