BaselineInfo:
  WebDBID: -1
  TimeStamp: 20241114212614
Version:
  Major: 11
  Minor: 0
  Build: 1002
  SpecialBuildName: ""
  ptArchitecture: x86_64_linux
Results:
  Results Complete: true
  NumTestProcesses: 2
  CPU_INTEGER_MATH: 8330.8086666666677
  CPU_FLOATINGPOINT_MATH: 4479.468097148032
  CPU_PRIME: 20.142342284799131
  CPU_SORTING: 4619.9189275887293
  CPU_ENCRYPTION: 2203.866024402982
  CPU_COMPRESSION: 34044.820376361953
  CPU_SINGLETHREAD: 2440.8112097421563
  CPU_PHYSICS: 409.506001038671
  CPU_MATRIX_MULT_SSE: 1828.1630146218722
  CPU_mm: 231.76998495231197
  CPU_sse: 977.07921109234076
  CPU_fma: 2668.2114016234013
  CPU_avx: 1839.1984311498748
  CPU_avx512: 0
  m_CPU_enc_SHA: 3160415015.0800095
  m_CPU_enc_AES: 2056197153.8044324
  m_CPU_enc_ECDSA: 1716150892.3287015
  ME_ALLOC_S: 0
  ME_READ_S: 0
  ME_READ_L: 0
  ME_WRITE: 0
  ME_LARGE: 0
  ME_LATENCY: 0
  ME_THREADED: 0
  SUMM_CPU: 3195.621111597522
  SUMM_ME: 0
SystemInformation:
  OSName: Ubuntu 24.04.1 LTS
  Kernel: 6.8.0-1017-azure
  Device: ""
  Processor: AMD EPYC 7763 64-Core Processor
  NumSockets: 1
  Manufacturer: AuthenticAMD
  NumCores: 1
  NumLogicals: 2
  CPUFrequency: 0
  Memory: 892
  MemModuleInfo:
    iNumMemSticks: 1
    DIMM 1:
      manufacturer: Microsoft Corporation
      modulePartNo: None
      memType: Unknown
      size: 1
      clkspeed: 0
      moduleVoltage: 0
Checksum: 98BA1DD78F355B66D809B9B83AC0EB70216589FD