BaselineInfo:
  WebDBID: -1
  TimeStamp: 20241115085803
Version:
  Major: 11
  Minor: 0
  Build: 1002
  SpecialBuildName: ""
  ptArchitecture: x86_64_linux
Results:
  Results Complete: true
  NumTestProcesses: 2
  CPU_INTEGER_MATH: 8259.9506666666675
  CPU_FLOATINGPOINT_MATH: 4578.7020119569643
  CPU_PRIME: 19.31536557381876
  CPU_SORTING: 4504.0289449344673
  CPU_ENCRYPTION: 2150.0317408858959
  CPU_COMPRESSION: 32827.318291178497
  CPU_SINGLETHREAD: 2327.8172168826509
  CPU_PHYSICS: 391.83341032544939
  CPU_MATRIX_MULT_SSE: 1751.0775574330414
  CPU_mm: 223.55297871418966
  CPU_sse: 947.49794079646654
  CPU_fma: 2588.4215719239692
  CPU_avx: 1717.313159578689
  CPU_avx512: 0
  m_CPU_enc_SHA: 3115180895.2622385
  m_CPU_enc_AES: 1987835632.0732815
  m_CPU_enc_ECDSA: 1660398520.8579879
  ME_ALLOC_S: 0
  ME_READ_S: 0
  ME_READ_L: 0
  ME_WRITE: 0
  ME_LARGE: 0
  ME_LATENCY: 0
  ME_THREADED: 0
  SUMM_CPU: 3130.5826096582773
  SUMM_ME: 0
SystemInformation:
  OSName: Ubuntu 24.04.1 LTS
  Kernel: 6.8.0-1017-azure
  Device: ""
  Processor: AMD EPYC 7763 64-Core Processor
  NumSockets: 1
  Manufacturer: AuthenticAMD
  NumCores: 1
  NumLogicals: 2
  CPUFrequency: 0
  Memory: 892
  MemModuleInfo:
    iNumMemSticks: 1
    DIMM 1:
      manufacturer: Microsoft Corporation
      modulePartNo: None
      memType: Unknown
      size: 1
      clkspeed: 0
      moduleVoltage: 0
Checksum: B3286BF6C2FCBC125363CEF32F94CDB9EE9B6CA3