BaselineInfo:
  WebDBID: -1
  TimeStamp: 20241114163400
Version:
  Major: 11
  Minor: 0
  Build: 1002
  SpecialBuildName: ""
  ptArchitecture: x86_64_linux
Results:
  Results Complete: true
  NumTestProcesses: 2
  CPU_INTEGER_MATH: 8258.7910000000011
  CPU_FLOATINGPOINT_MATH: 4576.2713251647283
  CPU_PRIME: 19.281925590809699
  CPU_SORTING: 4594.210456611796
  CPU_ENCRYPTION: 2119.7027944802521
  CPU_COMPRESSION: 31858.484157569117
  CPU_SINGLETHREAD: 2330.0769976589977
  CPU_PHYSICS: 396.81706429131987
  CPU_MATRIX_MULT_SSE: 1746.0335103796419
  CPU_mm: 222.90400418263619
  CPU_sse: 948.47082464441587
  CPU_fma: 2586.7780931389211
  CPU_avx: 1702.8516133555891
  CPU_avx512: 0
  m_CPU_enc_SHA: 3114432072.9236526
  m_CPU_enc_AES: 1912708190.68413
  m_CPU_enc_ECDSA: 1640868168.6669917
  ME_ALLOC_S: 0
  ME_READ_S: 0
  ME_READ_L: 0
  ME_WRITE: 0
  ME_LARGE: 0
  ME_LATENCY: 0
  ME_THREADED: 0
  SUMM_CPU: 3114.7521478637696
  SUMM_ME: 0
SystemInformation:
  OSName: Ubuntu 24.04.1 LTS
  Kernel: 6.8.0-1017-azure
  Device: ""
  Processor: AMD EPYC 7763 64-Core Processor
  NumSockets: 1
  Manufacturer: AuthenticAMD
  NumCores: 1
  NumLogicals: 2
  CPUFrequency: 0
  Memory: 892
  MemModuleInfo:
    iNumMemSticks: 1
    DIMM 1:
      manufacturer: Microsoft Corporation
      modulePartNo: None
      memType: Unknown
      size: 1
      clkspeed: 0
      moduleVoltage: 0
Checksum: DF338A815A64530A875DA20FA8B6EDFDB29741C2