BaselineInfo:
  WebDBID: -1
  TimeStamp: 20241114185631
Version:
  Major: 11
  Minor: 0
  Build: 1002
  SpecialBuildName: ""
  ptArchitecture: x86_64_linux
Results:
  Results Complete: true
  NumTestProcesses: 2
  CPU_INTEGER_MATH: 8230.5093333333334
  CPU_FLOATINGPOINT_MATH: 4472.3558835139083
  CPU_PRIME: 19.165898384869475
  CPU_SORTING: 4595.4476077614145
  CPU_ENCRYPTION: 2146.4792026250675
  CPU_COMPRESSION: 32983.636370006861
  CPU_SINGLETHREAD: 2332.7092837684168
  CPU_PHYSICS: 392.25468971153509
  CPU_MATRIX_MULT_SSE: 1755.7520495266897
  CPU_mm: 223.50987955073703
  CPU_sse: 949.1400859579353
  CPU_fma: 2586.588189499209
  CPU_avx: 1731.5278731229248
  CPU_avx512: 0
  m_CPU_enc_SHA: 3108299352.6358457
  m_CPU_enc_AES: 1989217937.7468615
  m_CPU_enc_ECDSA: 1654722438.7326419
  ME_ALLOC_S: 0
  ME_READ_S: 0
  ME_READ_L: 0
  ME_WRITE: 0
  ME_LARGE: 0
  ME_LATENCY: 0
  ME_THREADED: 0
  SUMM_CPU: 3126.2588967191905
  SUMM_ME: 0
SystemInformation:
  OSName: Ubuntu 24.04.1 LTS
  Kernel: 6.8.0-1017-azure
  Device: ""
  Processor: AMD EPYC 7763 64-Core Processor
  NumSockets: 1
  Manufacturer: AuthenticAMD
  NumCores: 1
  NumLogicals: 2
  CPUFrequency: 0
  Memory: 892
  MemModuleInfo:
    iNumMemSticks: 1
    DIMM 1:
      manufacturer: Microsoft Corporation
      modulePartNo: None
      memType: Unknown
      size: 1
      clkspeed: 0
      moduleVoltage: 0
Checksum: D1A94AE1209BD27E48E64E007FCAD50864302A0D