BaselineInfo:
  WebDBID: -1
  TimeStamp: 20241106225411
Version:
  Major: 11
  Minor: 0
  Build: 1002
  SpecialBuildName: ""
  ptArchitecture: aarch64_linux
Results:
  Results Complete: true
  NumTestProcesses: 1
  CPU_INTEGER_MATH: 4730.4696666666669
  CPU_FLOATINGPOINT_MATH: 4697.7086047805442
  CPU_PRIME: 12.640770045734572
  CPU_SORTING: 3835.0680922500364
  CPU_ENCRYPTION: 134.94812931065039
  CPU_COMPRESSION: 5038.6718177337107
  CPU_SINGLETHREAD: 1454.1060065955332
  CPU_PHYSICS: 282.6883204620857
  CPU_MATRIX_MULT_SSE: 821.07134714666995
  CPU_mm: 107.30785634173178
  CPU_sse: 687.45121459656582
  CPU_fma: 954.69147969677408
  CPU_avx: 0
  CPU_avx512: 0
  m_CPU_enc_SHA: 209702324.17244467
  m_CPU_enc_AES: 80280815.797548279
  m_CPU_enc_ECDSA: 134526968.95014066
  ME_ALLOC_S: 1002.8592709963231
  ME_READ_S: 19385.072460937499
  ME_READ_L: 18641.921875
  ME_WRITE: 19373.048828125
  ME_LARGE: 493.16666666666669
  ME_LATENCY: 52.819886982052431
  ME_THREADED: 18655.93359375
  SUMM_CPU: 773.14212627067081
  SUMM_ME: 915.40255010885744
SystemInformation:
  OSName: Ubuntu 24.04.1 LTS
  Kernel: 6.8.0-1016-aws
  Device: ""
  Processor: ARM Neoverse-V1 1 Core 0 MHz
  NumSockets: 1
  Manufacturer: ARM
  NumCores: 1
  NumLogicals: 1
  CPUFrequency: 0
  Memory: 3808
Checksum: 431EF75939C046F9C84ABEF0BFB57CC5A7C05646