BaselineInfo:
  WebDBID: -1
  TimeStamp: 20241114174805
Version:
  Major: 11
  Minor: 0
  Build: 1002
  SpecialBuildName: ""
  ptArchitecture: aarch64_linux
Results:
  Results Complete: true
  NumTestProcesses: 1
  CPU_INTEGER_MATH: 4728.6946666666672
  CPU_FLOATINGPOINT_MATH: 4705.1135349779452
  CPU_PRIME: 12.257853932728816
  CPU_SORTING: 3891.1902986186683
  CPU_ENCRYPTION: 134.75770037087236
  CPU_COMPRESSION: 5196.7678524083676
  CPU_SINGLETHREAD: 1453.2306498997068
  CPU_PHYSICS: 280.76394036511692
  CPU_MATRIX_MULT_SSE: 821.87477122561631
  CPU_mm: 107.50406727469588
  CPU_sse: 689.33875993586867
  CPU_fma: 954.41078251536408
  CPU_avx: 0
  CPU_avx512: 0
  m_CPU_enc_SHA: 208540098.23461816
  m_CPU_enc_AES: 80090276.624253526
  m_CPU_enc_ECDSA: 135280696.41339183
  ME_ALLOC_S: 1007.0648773807017
  ME_READ_S: 19366.447851562501
  ME_READ_L: 18571.71875
  ME_WRITE: 19382.2421875
  ME_LARGE: 464.66666666666669
  ME_LATENCY: 53.0609803474023
  ME_THREADED: 18694.515625
  SUMM_CPU: 779.75029979986425
  SUMM_ME: 882.54052745438389
SystemInformation:
  OSName: Ubuntu 24.04.1 LTS
  Kernel: 6.8.0-1018-aws
  Device: ""
  Processor: ARM Neoverse-V1 1 Core 0 MHz
  NumSockets: 1
  Manufacturer: ARM
  NumCores: 1
  NumLogicals: 1
  CPUFrequency: 0
  Memory: 3808
Checksum: 1637EE08AF67AAB6BBB161080776C94E2C34A643