BaselineInfo:
  WebDBID: -1
  TimeStamp: 20241115105047
Version:
  Major: 11
  Minor: 0
  Build: 1002
  SpecialBuildName: ""
  ptArchitecture: aarch64_linux
Results:
  Results Complete: true
  NumTestProcesses: 1
  CPU_INTEGER_MATH: 4727.0853333333334
  CPU_FLOATINGPOINT_MATH: 4703.5872897583185
  CPU_PRIME: 12.666047688717889
  CPU_SORTING: 3879.7397159492948
  CPU_ENCRYPTION: 134.41421795687731
  CPU_COMPRESSION: 5040.0419365450343
  CPU_SINGLETHREAD: 1453.7553481082684
  CPU_PHYSICS: 282.7720840568731
  CPU_MATRIX_MULT_SSE: 824.39116597155385
  CPU_mm: 107.55975726973584
  CPU_sse: 694.11477409250369
  CPU_fma: 954.66755785060411
  CPU_avx: 0
  CPU_avx512: 0
  m_CPU_enc_SHA: 207967390.68077326
  m_CPU_enc_AES: 80199910.999083102
  m_CPU_enc_ECDSA: 134663267.34519535
  ME_ALLOC_S: 1044.6671487399396
  ME_READ_S: 19437.95703125
  ME_READ_L: 18663.873046875
  ME_WRITE: 19304.3984375
  ME_LARGE: 512.83333333333337
  ME_LATENCY: 51.577953709078109
  ME_THREADED: 18698.564453125
  SUMM_CPU: 772.44276130261244
  SUMM_ME: 942.45638880654997
SystemInformation:
  OSName: Ubuntu 24.04.1 LTS
  Kernel: 6.8.0-1018-aws
  Device: ""
  Processor: ARM Neoverse-V1 1 Core 0 MHz
  NumSockets: 1
  Manufacturer: ARM
  NumCores: 1
  NumLogicals: 1
  CPUFrequency: 0
  Memory: 3808
Checksum: C62B33E298E0992D15B1FF671FE0818250C7C337