BaselineInfo:
  WebDBID: -1
  TimeStamp: 20241109215606
Version:
  Major: 11
  Minor: 0
  Build: 1002
  SpecialBuildName: ""
  ptArchitecture: x86_64_linux
Results:
  Results Complete: true
  NumTestProcesses: 96
  CPU_INTEGER_MATH: 402522.90333333326
  CPU_FLOATINGPOINT_MATH: 205732.49249340428
  CPU_PRIME: 462.44872382936097
  CPU_SORTING: 198046.66501178467
  CPU_ENCRYPTION: 86924.212315998739
  CPU_COMPRESSION: 1455703.2006468351
  CPU_SINGLETHREAD: 2370.4329793254406
  CPU_PHYSICS: 7936.2346106479317
  CPU_MATRIX_MULT_SSE: 84126.503306570215
  CPU_mm: 8673.2417390161318
  CPU_sse: 37225.226701369473
  CPU_fma: 102735.42344279091
  CPU_avx: 77248.853707802133
  CPU_avx512: 119296.50937431835
  m_CPU_enc_SHA: 88139500611.881409
  m_CPU_enc_AES: 131647712875.93022
  m_CPU_enc_ECDSA: 53652715072.570465
  ME_ALLOC_S: 29480.374009670737
  ME_READ_S: 24220.538867187501
  ME_READ_L: 12106.8564453125
  ME_WRITE: 10678.73046875
  ME_LARGE: 367846.16666666669
  ME_LATENCY: 58.767475947251569
  ME_THREADED: 311720.82543945312
  SUMM_CPU: 75683.865742500187
  SUMM_ME: 2690.2890452317865
SystemInformation:
  OSName: Ubuntu 24.04.1 LTS
  Kernel: 6.8.0-1016-aws
  Device: ""
  Processor: Intel Xeon Platinum 8375C CPU @ 2.90GHz
  NumSockets: 2
  Manufacturer: GenuineIntel
  NumCores: 48
  NumLogicals: 96
  CPUFrequency: 0
  Memory: 380810
  MemModuleInfo:
    iNumMemSticks: 2
    DIMM 1:
      manufacturer: Not Specified
      modulePartNo: Not Specified
      memType: DDR4
      size: 192
      clkspeed: 1600
      moduleVoltage: 0
    DIMM 2:
      manufacturer: Not Specified
      modulePartNo: Not Specified
      memType: DDR4
      size: 192
      clkspeed: 1600
      moduleVoltage: 0
Checksum: 1C6F75806F668FF415F2314048362E7DF000327E