BaselineInfo:
  WebDBID: -1
  TimeStamp: 20260404151533
Version:
  Major: 11
  Minor: 0
  Build: 1004
  SpecialBuildName: ""
  ptArchitecture: x86_64_linux
Results:
  Results Complete: true
  NumTestProcesses: 8
  CPU_INTEGER_MATH: 19648.871333333329
  CPU_FLOATINGPOINT_MATH: 10560.958386665381
  CPU_PRIME: 48.18360288308304
  CPU_SORTING: 12001.717440286062
  CPU_ENCRYPTION: 2724.6714118026439
  CPU_COMPRESSION: 90665.522857422649
  CPU_SINGLETHREAD: 1693.2854204075832
  CPU_PHYSICS: 777.80658179723491
  CPU_MATRIX_MULT_SSE: 5876.2535223566956
  CPU_mm: 599.57051603097921
  CPU_sse: 2139.8395019530835
  CPU_fma: 7314.7583329321114
  CPU_avx: 5171.0844884345979
  CPU_avx512: 8879.3317661069905
  m_CPU_enc_SHA: 889991904.26534808
  m_CPU_enc_AES: 6874409669.9113169
  m_CPU_enc_ECDSA: 806673576.73044264
  ME_ALLOC_S: 2191.3120236849918
  ME_READ_S: 19327.51171875
  ME_READ_L: 6329.77099609375
  ME_WRITE: 6846.6064453125
  ME_LARGE: 50893.166666666664
  ME_LATENCY: 79.243081645183608
  ME_THREADED: 36385.7353515625
  SUMM_CPU: 6991.8857239104582
  SUMM_ME: 1673.1826524615326
SystemInformation:
  OSName: Ubuntu 24.04.4 LTS
  Kernel: 6.8.0-106-generic
  Device: ""
  Processor: Intel(R) Xeon(R) Platinum 8163 CPU @ 2.50GHz
  NumSockets: 1
  Manufacturer: GenuineIntel
  NumCores: 4
  NumLogicals: 8
  CPUFrequency: 2500
  CPUMaxFrequency: 3100
  Memory: 63791
  CPUInfo:
    number: 1
    Family: 6
    Model: 5
    stepping: 4
    features: 529267711
    manufacture: GenuineIntel
    typestring: Intel(R) Xeon(R) Platinum 8163 CPU @ 2.50GHz
    iCoresPerPackage: 4
    iThreadsPerPackage: 2
    featuresEx:
      - 529267711
      - 4294586883
      - 739248128
    bHybrid: false
    nPCore: 0
    nLogicalsPerPCore: 0
    nECore: 0
    nLogicalsPerECore: 0
  MemModuleInfo:
    iNumMemSticks: 4
    DIMM 1:
      manufacturer: Alibaba Cloud
      modulePartNo: Not Specified
      memType: RAM
      size: 16
      clkspeed: 0
      moduleVoltage: 0
    DIMM 2:
      manufacturer: Alibaba Cloud
      modulePartNo: Not Specified
      memType: RAM
      size: 16
      clkspeed: 0
      moduleVoltage: 0
    DIMM 3:
      manufacturer: Alibaba Cloud
      modulePartNo: Not Specified
      memType: RAM
      size: 16
      clkspeed: 0
      moduleVoltage: 0
    DIMM 4:
      manufacturer: Alibaba Cloud
      modulePartNo: Not Specified
      memType: RAM
      size: 16
      clkspeed: 0
      moduleVoltage: 0
Checksum: 51DEB9E0DB4A2136E4AF77EECB9AF1E03D580218