---
system-info:
      stress-ng-version: 0.17.08
      run-by: root
      date-yyyy-mm-dd: 2024:07:11
      time-hh-mm-ss: 18:43:42
      epoch-secs: 1720723422
      hostname: ip-172-31-25-219
      sysname: Linux
      nodename: ip-172-31-25-219
      release: 6.8.0-1010-aws
      version: '#10-Ubuntu SMP Thu Jun 13 17:36:15 UTC 2024'
      machine: x86_64
      compiler: 'musl-gcc 13.2.1'
      uptime: 231
      totalram: 128729665536
      freeram: 123510648832
      sharedram: 48496640
      bufferram: 136650752
      totalswap: 0
      freeswap: 0
      pagesize: 4096
      cpus: 4
      cpus-online: 4
      ticks-per-second: 100

metrics:
    - stressor: cpu
      bogo-ops: 14740
      bogo-ops-per-second-usr-sys-time: 737.007960
      bogo-ops-per-second-real-time: 736.998419
      wall-clock-time: 20.000043
      user-time: 19.998784
      system-time: 0.001000
      cpu-usage-per-instance: 99.998705
      max-rss: 1104

...
