BaselineInfo:
  WebDBID: -1
  TimeStamp: 20250828224037
Version:
  Major: 11
  Minor: 0
  Build: 1002
  SpecialBuildName: ""
  ptArchitecture: x86_64_linux
Results:
  Results Complete: true
  NumTestProcesses: 32
  CPU_INTEGER_MATH: 164645.97066666669
  CPU_FLOATINGPOINT_MATH: 119300.66585572071
  CPU_PRIME: 352.75072685505035
  CPU_SORTING: 83568.901770114084
  CPU_ENCRYPTION: 36339.044201087177
  CPU_COMPRESSION: 635740.82073541125
  CPU_SINGLETHREAD: 3281.1302424252685
  CPU_PHYSICS: 6773.3854347196084
  CPU_MATRIX_MULT_SSE: 45961.659689344553
  CPU_mm: 4916.4742641858302
  CPU_sse: 20177.153563137985
  CPU_fma: 52593.328164784332
  CPU_avx: 42607.25910393097
  CPU_avx512: 68468.897925524987
  m_CPU_enc_SHA: 38369623603.981033
  m_CPU_enc_AES: 50119195712.524857
  m_CPU_enc_ECDSA: 25823929520.09169
  ME_ALLOC_S: 16675.03314737503
  ME_READ_S: 28786.135156249999
  ME_READ_L: 11593.5966796875
  ME_WRITE: 11145.482421875
  ME_LARGE: 116097.75
  ME_LATENCY: 67.364085751596562
  ME_THREADED: 174697.97900390625
  SUMM_CPU: 51713.665303899958
  SUMM_ME: 2548.8925606222647
SystemInformation:
  OSName: Ubuntu 24.04.2 LTS
  Kernel: 6.14.0-1011-aws
  Device: ""
  Processor: Intel Xeon 6975P-C
  NumSockets: 1
  Manufacturer: GenuineIntel
  NumCores: 16
  NumLogicals: 32
  CPUFrequency: 0
  Memory: 126756
  MemModuleInfo:
    iNumMemSticks: 1
    DIMM 1:
      manufacturer: Not Specified
      modulePartNo: Not Specified
      memType: DDR5
      size: 128
      clkspeed: 3600
      moduleVoltage: 0
Checksum: B878B89ADD60554EC83CE454312B05256418B85E