size_kb,operation,bandwidth_mb_s,latency_ns,latency_stddev_ns,latency_samples,threads,iterations,elapsed_s
32,read,2069713.55,0,0,0,32,479846,0.231842
32,write,1855975.50,0,0,0,32,462107,0.248983
32,copy,1178359.59,0,0,0,32,356633,0.302652
32,latency,0,0.91,0.05,11,1,11,0.210656
128,read,2104517.71,0,0,0,32,228937,0.435134
128,write,1999724.37,0,0,0,32,179597,0.359244
128,copy,1353112.56,0,0,0,32,126071,0.372684
128,latency,0,2.57,0.03,7,1,7,0.723616
256,read,2063643.02,0,0,0,32,119502,0.463266
256,write,1938382.25,0,0,0,32,105351,0.434800
256,copy,1136474.19,0,0,0,32,35775,0.251832
256,latency,0,2.95,0.06,7,1,7,0.717090
512,read,1958592.71,0,0,0,32,54395,0.444360
512,write,1973205.55,0,0,0,32,31017,0.251505
512,copy,905698.46,0,0,0,32,16823,0.297194
512,latency,0,3.61,0.07,7,1,7,0.742406
1024,read,1756502.06,0,0,0,32,19129,0.348493
1024,write,1673785.49,0,0,0,32,11798,0.225558
1024,copy,748963.64,0,0,0,32,7794,0.333004
1024,latency,0,5.98,0.49,21,1,21,1.865701
4096,read,860635.04,0,0,0,32,5703,0.848192
4096,write,854336.76,0,0,0,32,2984,0.447074
4096,copy,266379.98,0,0,0,32,1582,0.760177
4096,latency,0,10.07,0.49,7,1,7,0.638682
8192,read,558295.56,0,0,0,32,1363,0.624988
8192,write,424263.48,0,0,0,32,2379,1.435485
8192,copy,100863.51,0,0,0,32,611,1.550769
8192,latency,0,10.09,0.17,7,1,7,0.726068
16384,read,246657.68,0,0,0,32,667,1.384526
16384,write,134889.76,0,0,0,32,671,2.546909
16384,copy,63255.04,0,0,0,32,317,2.565867
16384,latency,0,26.17,40.96,21,1,21,1.357995
32768,read,179913.09,0,0,0,32,328,1.866857
32768,write,98169.12,0,0,0,32,329,3.431792
32768,copy,57258.72,0,0,0,32,127,2.271235
32768,latency,0,124.25,5.48,7,1,7,2.604316
65536,read,171726.40,0,0,0,32,149,1.776966
65536,write,87420.77,0,0,0,32,135,3.162635
65536,copy,55343.01,0,0,0,32,70,2.590390
65536,latency,0,140.03,3.34,7,1,7,5.999218
