---
system-info:
      stress-ng-version: 0.17.08
      run-by: root
      date-yyyy-mm-dd: 2024:06:07
      time-hh-mm-ss: 22:10:17
      epoch-secs: 1717798217
      hostname: d14ebd2e88b3
      sysname: Linux
      nodename: d14ebd2e88b3
      release: 6.8.0-31-generic
      version: '#31-Ubuntu SMP PREEMPT_DYNAMIC Sat Apr 20 00:40:06 UTC 2024'
      machine: x86_64
      compiler: 'musl-gcc 13.2.1'
      uptime: 82
      totalram: 8127913984
      freeram: 4702232576
      sharedram: 21221376
      bufferram: 97280000
      totalswap: 0
      freeswap: 0
      pagesize: 4096
      cpus: 4
      cpus-online: 4
      ticks-per-second: 100

metrics:
    - stressor: cpu
      bogo-ops: 13560
      bogo-ops-per-second-usr-sys-time: 1355.757455
      bogo-ops-per-second-real-time: 1355.641205
      wall-clock-time: 10.002647
      user-time: 9.998790
      system-time: 0.002999
      cpu-usage-per-instance: 99.991425
      max-rss: 3792

...
