---
system-info:
      stress-ng-version: 0.17.08
      run-by: root
      date-yyyy-mm-dd: 2024:06:14
      time-hh-mm-ss: 21:56:51
      epoch-secs: 1718402211
      hostname: e003ecb81104
      sysname: Linux
      nodename: e003ecb81104
      release: 6.8.0-31-generic
      version: '#31-Ubuntu SMP PREEMPT_DYNAMIC Sat Apr 20 00:40:06 UTC 2024'
      machine: x86_64
      compiler: 'musl-gcc 13.2.1'
      uptime: 92
      totalram: 8127905792
      freeram: 4606390272
      sharedram: 21221376
      bufferram: 112603136
      totalswap: 0
      freeswap: 0
      pagesize: 4096
      cpus: 4
      cpus-online: 4
      ticks-per-second: 100

metrics:
    - stressor: cpu
      bogo-ops: 53748
      bogo-ops-per-second-usr-sys-time: 2687.581949
      bogo-ops-per-second-real-time: 2687.392600
      wall-clock-time: 20.000055
      user-time: 19.998646
      system-time: 0.000000
      cpu-usage-per-instance: 99.992955
      max-rss: 1104

...
