BaselineInfo:
  WebDBID: -1
  TimeStamp: 20260407093248
Version:
  Major: 11
  Minor: 0
  Build: 1004
  SpecialBuildName: ""
  ptArchitecture: x86_64_linux
Results:
  Results Complete: true
  NumTestProcesses: 8
  CPU_INTEGER_MATH: 23229.07
  CPU_FLOATINGPOINT_MATH: 15422.345011561847
  CPU_PRIME: 37.481737943519988
  CPU_SORTING: 14281.727763555769
  CPU_ENCRYPTION: 2936.8490181341249
  CPU_COMPRESSION: 111505.47943396382
  CPU_SINGLETHREAD: 1484.7359887576163
  CPU_PHYSICS: 756.25119163362308
  CPU_MATRIX_MULT_SSE: 8404.4593371576684
  CPU_mm: 871.36958877872758
  CPU_sse: 3411.7996625664559
  CPU_fma: 10685.472504813302
  CPU_avx: 7440.0293715380813
  CPU_avx512: 12080.535809712834
  m_CPU_enc_SHA: 1363498966.8714585
  m_CPU_enc_AES: 6670400708.0193024
  m_CPU_enc_ECDSA: 1204628513.2262628
  ME_ALLOC_S: 1806.9397382421703
  ME_READ_S: 12522.6048828125
  ME_READ_L: 6120.31396484375
  ME_WRITE: 6495.5849609375
  ME_LARGE: 3602.75
  ME_LATENCY: 89.182909712120988
  ME_THREADED: 41725.162109375
  SUMM_CPU: 8206.2039800422026
  SUMM_ME: 1295.723291908432
SystemInformation:
  OSName: Ubuntu 24.04.4 LTS
  Kernel: 6.8.0-106-generic
  Device: ""
  Processor: Intel(R) Xeon(R) Platinum 8163 CPU @ 2.50GHz
  NumSockets: 1
  Manufacturer: GenuineIntel
  NumCores: 4
  NumLogicals: 8
  CPUFrequency: 2500
  CPUMaxFrequency: 3100
  Memory: 15606
  CPUInfo:
    number: 1
    Family: 6
    Model: 5
    stepping: 4
    features: 529267711
    manufacture: GenuineIntel
    typestring: Intel(R) Xeon(R) Platinum 8163 CPU @ 2.50GHz
    iCoresPerPackage: 4
    iThreadsPerPackage: 2
    featuresEx:
      - 529267711
      - 4294586883
      - 739248128
    bHybrid: false
    nPCore: 0
    nLogicalsPerPCore: 0
    nECore: 0
    nLogicalsPerECore: 0
  MemModuleInfo:
    iNumMemSticks: 1
    DIMM 1:
      manufacturer: Alibaba Cloud
      modulePartNo: Not Specified
      memType: RAM
      size: 16
      clkspeed: 0
      moduleVoltage: 0
Checksum: 4C263C755E0D083012ADFB14055C1287AD39F2B3