---
system-info:
      stress-ng-version: 0.17.08
      run-by: root
      date-yyyy-mm-dd: 2024:09:22
      time-hh-mm-ss: 15:13:44
      epoch-secs: 1727018024
      hostname: sc-runner
      sysname: Linux
      nodename: sc-runner
      release: 6.8.0-1014-azure
      version: '#16-Ubuntu SMP Thu Aug 15 20:04:41 UTC 2024'
      machine: x86_64
      compiler: 'musl-gcc 13.2.1'
      uptime: 306
      totalram: 67414966272
      freeram: 56851443712
      sharedram: 38350848
      bufferram: 249094144
      totalswap: 0
      freeswap: 0
      pagesize: 4096
      cpus: 32
      cpus-online: 32
      ticks-per-second: 100

metrics:
    - stressor: cpu
      bogo-ops: 861913
      bogo-ops-per-second-usr-sys-time: 1347.819435
      bogo-ops-per-second-real-time: 43095.516781
      wall-clock-time: 20.000062
      user-time: 639.446997
      system-time: 0.039998
      cpu-usage-per-instance: 99.919534
      max-rss: 3080

...
