---
system-info:
      stress-ng-version: 0.17.08
      run-by: root
      date-yyyy-mm-dd: 2024:09:05
      time-hh-mm-ss: 23:05:21
      epoch-secs: 1725577521
      hostname: sc-runner
      sysname: Linux
      nodename: sc-runner
      release: 6.8.0-1013-azure
      version: '#15-Ubuntu SMP Thu Aug  8 18:40:40 UTC 2024'
      machine: x86_64
      compiler: 'musl-gcc 13.2.1'
      uptime: 347
      totalram: 67414962176
      freeram: 58476314624
      sharedram: 38350848
      bufferram: 219418624
      totalswap: 0
      freeswap: 0
      pagesize: 4096
      cpus: 32
      cpus-online: 32
      ticks-per-second: 100

metrics:
    - stressor: cpu
      bogo-ops: 861356
      bogo-ops-per-second-usr-sys-time: 1346.982450
      bogo-ops-per-second-real-time: 43067.662904
      wall-clock-time: 20.000064
      user-time: 639.427841
      system-time: 0.043000
      cpu-usage-per-instance: 99.917001
      max-rss: 3256

...
