BaselineInfo:
  WebDBID: -1
  TimeStamp: 20241109072057
Version:
  Major: 11
  Minor: 0
  Build: 1002
  SpecialBuildName: ""
  ptArchitecture: x86_64_linux
Results:
  Results Complete: true
  NumTestProcesses: 48
  CPU_INTEGER_MATH: 201983.7346666666
  CPU_FLOATINGPOINT_MATH: 103304.25732008849
  CPU_PRIME: 233.85620582216222
  CPU_SORTING: 97491.5562091631
  CPU_ENCRYPTION: 42583.38654473675
  CPU_COMPRESSION: 725830.24895165919
  CPU_SINGLETHREAD: 2432.6971430925437
  CPU_PHYSICS: 3820.6957937565489
  CPU_MATRIX_MULT_SSE: 40485.836048409961
  CPU_mm: 4259.1519841177069
  CPU_sse: 17845.592173876659
  CPU_fma: 47608.76195760355
  CPU_avx: 36809.077849150533
  CPU_avx512: 59679.912213009135
  m_CPU_enc_SHA: 43263738407.019241
  m_CPU_enc_AES: 64426588510.867561
  m_CPU_enc_ECDSA: 26265424470.71484
  ME_ALLOC_S: 21546.462852900779
  ME_READ_S: 24259.263281250001
  ME_READ_L: 11892.1962890625
  ME_WRITE: 10820.62109375
  ME_LARGE: 181827.75
  ME_LATENCY: 51.272061292264482
  ME_THREADED: 149328.80029296875
  SUMM_CPU: 48423.663104214429
  SUMM_ME: 2811.6120572811474
SystemInformation:
  OSName: Ubuntu 24.04.1 LTS
  Kernel: 6.8.0-1017-azure
  Device: ""
  Processor: Intel Xeon Platinum 8370C CPU @ 2.80GHz
  NumSockets: 1
  Manufacturer: GenuineIntel
  NumCores: 24
  NumLogicals: 48
  CPUFrequency: 2800
  Memory: 193211
  MemModuleInfo:
    iNumMemSticks: 3
    DIMM 1:
      manufacturer: Microsoft Corporation
      modulePartNo: None
      memType: Unknown
      size: 1
      clkspeed: 0
      moduleVoltage: 0
    DIMM 2:
      manufacturer: Microsoft Corporation
      modulePartNo: None
      memType: Unknown
      size: 59
      clkspeed: 0
      moduleVoltage: 0
    DIMM 3:
      manufacturer: Microsoft Corporation
      modulePartNo: None
      memType: Unknown
      size: 132
      clkspeed: 0
      moduleVoltage: 0
Checksum: 195B1B751A4EBE2B81FB4809D4D8460B695CB218