---
system-info:
      stress-ng-version: 0.17.08
      run-by: root
      date-yyyy-mm-dd: 2024:06:21
      time-hh-mm-ss: 09:51:06
      epoch-secs: 1718963466
      hostname: 785eba96d476
      sysname: Linux
      nodename: 785eba96d476
      release: 6.8.0-1008-gcp
      version: '#9-Ubuntu SMP Wed May 22 18:09:04 UTC 2024'
      machine: x86_64
      compiler: 'musl-gcc 13.2.1'
      uptime: 181
      totalram: 33652195328
      freeram: 28523794432
      sharedram: 27389952
      bufferram: 135548928
      totalswap: 0
      freeswap: 0
      pagesize: 4096
      cpus: 8
      cpus-online: 8
      ticks-per-second: 100

metrics:
    - stressor: cpu
      bogo-ops: 31486
      bogo-ops-per-second-usr-sys-time: 1574.427529
      bogo-ops-per-second-real-time: 1574.283598
      wall-clock-time: 20.000208
      user-time: 19.998380
      system-time: 0.000000
      cpu-usage-per-instance: 99.990858
      max-rss: 1104

...
