BaselineInfo:
  WebDBID: -1
  TimeStamp: 20260612185623
Version:
  Major: 11
  Minor: 0
  Build: 1004
  SpecialBuildName: ""
  ptArchitecture: x86_64_linux
Results:
  Results Complete: true
  NumTestProcesses: 8
  CPU_INTEGER_MATH: 53940.356666666659
  CPU_FLOATINGPOINT_MATH: 47438.050971015204
  CPU_PRIME: 172.11968427483683
  CPU_SORTING: 33618.844522625295
  CPU_ENCRYPTION: 11542.496552066257
  CPU_COMPRESSION: 232948.0653065709
  CPU_SINGLETHREAD: 3218.6662551881759
  CPU_PHYSICS: 3084.3908288273801
  CPU_MATRIX_MULT_SSE: 21836.821108887412
  CPU_mm: 2320.3466153687655
  CPU_sse: 10132.487396136268
  CPU_fma: 30184.996300891122
  CPU_avx: 26045.321031893258
  CPU_avx512: 20984.479706628994
  m_CPU_enc_SHA: 16123872719.59375
  m_CPU_enc_AES: 10224546094.969387
  m_CPU_enc_ECDSA: 9961135779.175148
  ME_ALLOC_S: 4603.0553222389408
  ME_READ_S: 30797.093164062499
  ME_READ_L: 28214.056640625
  ME_WRITE: 28086.521484375
  ME_LARGE: 55997
  ME_LATENCY: 67.787718421314779
  ME_THREADED: 209606.20703125
  SUMM_CPU: 22466.052345231066
  SUMM_ME: 3024.9610556214802
SystemInformation:
  OSName: Ubuntu 24.04.4 LTS
  Kernel: 6.8.0-124-generic
  Device: ""
  Processor: AMD EPYC-Genoa Processor
  NumSockets: 1
  Manufacturer: AuthenticAMD
  NumCores: 4
  NumLogicals: 8
  CPUFrequency: 0
  CPUMaxFrequency: 0
  Memory: 64296
  CPUInfo:
    number: 1
    Family: 15
    Model: 1
    stepping: 0
    features: 395049983
    manufacture: AuthenticAMD
    typestring: AMD EPYC-Genoa Processor
    iCoresPerPackage: 4
    iThreadsPerPackage: 2
    featuresEx:
      - 395049983
      - 4277809667
      - 802421759
    bHybrid: false
    nPCore: 0
    nLogicalsPerPCore: 0
    nECore: 0
    nLogicalsPerECore: 0
  MemModuleInfo:
    iNumMemSticks: 4
    DIMM 1:
      manufacturer: QEMU
      modulePartNo: Not Specified
      memType: RAM
      size: 16
      clkspeed: 0
      moduleVoltage: 0
    DIMM 2:
      manufacturer: QEMU
      modulePartNo: Not Specified
      memType: RAM
      size: 16
      clkspeed: 0
      moduleVoltage: 0
    DIMM 3:
      manufacturer: QEMU
      modulePartNo: Not Specified
      memType: RAM
      size: 16
      clkspeed: 0
      moduleVoltage: 0
    DIMM 4:
      manufacturer: QEMU
      modulePartNo: Not Specified
      memType: RAM
      size: 16
      clkspeed: 0
      moduleVoltage: 0
Checksum: E6A10A3D8E07594613C3B3429153949C03695BC2