BaselineInfo:
  WebDBID: -1
  TimeStamp: 20241108210225
Version:
  Major: 11
  Minor: 0
  Build: 1002
  SpecialBuildName: ""
  ptArchitecture: aarch64_linux
Results:
  Results Complete: true
  NumTestProcesses: 64
  CPU_INTEGER_MATH: 292309.81633333338
  CPU_FLOATINGPOINT_MATH: 222619.62447909245
  CPU_PRIME: 238.05046885084062
  CPU_SORTING: 196673.49171716496
  CPU_ENCRYPTION: 10152.554415220362
  CPU_COMPRESSION: 353293.28123424109
  CPU_SINGLETHREAD: 1333.8376185272941
  CPU_PHYSICS: 3917.2933044953934
  CPU_MATRIX_MULT_SSE: 46073.544275512657
  CPU_mm: 7735.1497874373763
  CPU_sse: 38408.177319010254
  CPU_fma: 53738.911232015118
  CPU_avx: 0
  CPU_avx512: 0
  m_CPU_enc_SHA: 15244039203.002846
  m_CPU_enc_AES: 7031289463.0775766
  m_CPU_enc_ECDSA: 9661846029.4018974
  ME_ALLOC_S: 21349.772423503284
  ME_READ_S: 11362.395703124999
  ME_READ_L: 9648.6630859375
  ME_WRITE: 15038.013671875
  ME_LARGE: 114973.16666666667
  ME_LATENCY: 69.375841088120936
  ME_THREADED: 180618.69750976562
  SUMM_CPU: 32592.583297463083
  SUMM_ME: 2008.7160843034046
SystemInformation:
  OSName: Ubuntu 24.04.1 LTS
  Kernel: 6.8.0-1017-azure
  Device: ""
  Processor: ARM Neoverse-N1 64 Core 0 MHz
  NumSockets: 1
  Manufacturer: ARM
  NumCores: 64
  NumLogicals: 64
  CPUFrequency: 0
  Memory: 128543
Checksum: A96B728FEC5C879130EFF192ECB4A2E8D20BC35F