---
system-info:
      stress-ng-version: 0.17.08
      run-by: root
      date-yyyy-mm-dd: 2024:09:16
      time-hh-mm-ss: 22:35:53
      epoch-secs: 1726526153
      hostname: sc-runner
      sysname: Linux
      nodename: sc-runner
      release: 6.8.0-1014-azure
      version: '#16-Ubuntu SMP Thu Aug 15 20:04:41 UTC 2024'
      machine: x86_64
      compiler: 'musl-gcc 13.2.1'
      uptime: 264
      totalram: 135065264128
      freeram: 124709842944
      sharedram: 55005184
      bufferram: 234405888
      totalswap: 0
      freeswap: 0
      pagesize: 4096
      cpus: 16
      cpus-online: 16
      ticks-per-second: 100

metrics:
    - stressor: cpu
      bogo-ops: 310668
      bogo-ops-per-second-usr-sys-time: 971.808440
      bogo-ops-per-second-real-time: 15533.318930
      wall-clock-time: 20.000104
      user-time: 319.655296
      system-time: 0.024990
      cpu-usage-per-instance: 99.899568
      max-rss: 3252

...
