BaselineInfo:
  WebDBID: -1
  TimeStamp: 20260404124636
Version:
  Major: 11
  Minor: 0
  Build: 1004
  SpecialBuildName: ""
  ptArchitecture: aarch64_linux
Results:
  Results Complete: true
  NumTestProcesses: 16
  CPU_INTEGER_MATH: 88259.531999999992
  CPU_FLOATINGPOINT_MATH: 74000.853136145437
  CPU_PRIME: 197.05962873976898
  CPU_SORTING: 70136.734923088326
  CPU_ENCRYPTION: 2628.1820611031585
  CPU_COMPRESSION: 95401.188625745635
  CPU_SINGLETHREAD: 1642.1211306138264
  CPU_PHYSICS: 4034.5034666389865
  CPU_MATRIX_MULT_SSE: 12518.397248592875
  CPU_mm: 2017.8794171057264
  CPU_sse: 10562.792956306859
  CPU_fma: 14474.001540878897
  CPU_avx: 0
  CPU_avx512: 0
  m_CPU_enc_SHA: 3859004457.0403233
  m_CPU_enc_AES: 1696497176.6596031
  m_CPU_enc_ECDSA: 2712044265.0099912
  ME_ALLOC_S: 16009.564928383512
  ME_READ_S: 22481.869140625
  ME_READ_L: 19331.87109375
  ME_WRITE: 22338.052734375
  ME_LARGE: 47232.5
  ME_LATENCY: 60.702183575171283
  ME_THREADED: 119214.732421875
  SUMM_CPU: 12841.945680003901
  SUMM_ME: 2888.0109283944203
SystemInformation:
  OSName: Ubuntu 24.04.4 LTS
  Kernel: 6.8.0-106-generic
  Device: ""
  Processor: ARM Neoverse-N2 16 Core 3000 MHz
  NumSockets: 1
  Manufacturer: ARM
  NumCores: 16
  NumLogicals: 16
  CPUFrequency: 3000
  CPUMaxFrequency: 3000
  Memory: 62272
Checksum: 1505CC461262FDC6B44978A93B71F92F4D63FAB0