---
system-info:
      stress-ng-version: 0.17.08
      run-by: root
      date-yyyy-mm-dd: 2024:06:08
      time-hh-mm-ss: 06:43:34
      epoch-secs: 1717829014
      hostname: af3320595799
      sysname: Linux
      nodename: af3320595799
      release: 6.8.0-1008-aws
      version: '#8-Ubuntu SMP Sat Apr 20 02:43:14 UTC 2024'
      machine: aarch64
      compiler: 'musl-gcc 13.2.1'
      uptime: 161
      totalram: 33221046272
      freeram: 28936847360
      sharedram: 35012608
      bufferram: 96411648
      totalswap: 0
      freeswap: 0
      pagesize: 4096
      cpus: 4
      cpus-online: 4
      ticks-per-second: 100

metrics:
    - stressor: cpu
      bogo-ops: 11166
      bogo-ops-per-second-usr-sys-time: 279.548720
      bogo-ops-per-second-real-time: 1112.586464
      wall-clock-time: 10.036074
      user-time: 39.935955
      system-time: 0.006993
      cpu-usage-per-instance: 99.498440
      max-rss: 4136

...
