---
system-info:
      stress-ng-version: 0.17.08
      run-by: root
      date-yyyy-mm-dd: 2024:06:13
      time-hh-mm-ss: 19:40:32
      epoch-secs: 1718307632
      hostname: 72a00c2eeec7
      sysname: Linux
      nodename: 72a00c2eeec7
      release: 6.8.0-1008-aws
      version: '#8-Ubuntu SMP Sat Apr 20 02:43:14 UTC 2024'
      machine: aarch64
      compiler: 'musl-gcc 13.2.1'
      uptime: 137
      totalram: 33221050368
      freeram: 28968992768
      sharedram: 35012608
      bufferram: 104812544
      totalswap: 0
      freeswap: 0
      pagesize: 4096
      cpus: 4
      cpus-online: 4
      ticks-per-second: 100

metrics:
    - stressor: cpu
      bogo-ops: 120988
      bogo-ops-per-second-usr-sys-time: 1519.303587
      bogo-ops-per-second-real-time: 6049.377122
      wall-clock-time: 20.000076
      user-time: 79.629859
      system-time: 0.003995
      cpu-usage-per-instance: 99.541941
      max-rss: 1192

...
