---
system-info:
      stress-ng-version: 0.17.08
      run-by: root
      date-yyyy-mm-dd: 2024:06:12
      time-hh-mm-ss: 16:57:23
      epoch-secs: 1718211443
      hostname: 7dd23a538362
      sysname: Linux
      nodename: 7dd23a538362
      release: 6.8.0-1008-aws
      version: '#8-Ubuntu SMP Sat Apr 20 00:46:25 UTC 2024'
      machine: x86_64
      compiler: 'musl-gcc 13.2.1'
      uptime: 161
      totalram: 16553758720
      freeram: 12170723328
      sharedram: 20074496
      bufferram: 110997504
      totalswap: 0
      freeswap: 0
      pagesize: 4096
      cpus: 8
      cpus-online: 8
      ticks-per-second: 100

metrics:
    - stressor: cpu
      bogo-ops: 125801
      bogo-ops-per-second-usr-sys-time: 787.807665
      bogo-ops-per-second-real-time: 6290.044761
      wall-clock-time: 20.000017
      user-time: 159.652929
      system-time: 0.031986
      cpu-usage-per-instance: 99.802989
      max-rss: 976

...
