---
system-info:
      stress-ng-version: 0.17.08
      run-by: root
      date-yyyy-mm-dd: 2024:06:12
      time-hh-mm-ss: 19:42:08
      epoch-secs: 1718221328
      hostname: e8979befe552
      sysname: Linux
      nodename: e8979befe552
      release: 6.8.0-1008-aws
      version: '#8-Ubuntu SMP Sat Apr 20 00:46:25 UTC 2024'
      machine: x86_64
      compiler: 'musl-gcc 13.2.1'
      uptime: 119
      totalram: 16553766912
      freeram: 12176330752
      sharedram: 20074496
      bufferram: 110698496
      totalswap: 0
      freeswap: 0
      pagesize: 4096
      cpus: 8
      cpus-online: 8
      ticks-per-second: 100

metrics:
    - stressor: cpu
      bogo-ops: 61286
      bogo-ops-per-second-usr-sys-time: 383.851832
      bogo-ops-per-second-real-time: 3064.270284
      wall-clock-time: 20.000194
      user-time: 159.642575
      system-time: 0.017989
      cpu-usage-per-instance: 99.786885
      max-rss: 1232

...
