---
system-info:
      stress-ng-version: 0.17.08
      run-by: root
      date-yyyy-mm-dd: 2024:06:05
      time-hh-mm-ss: 18:18:05
      epoch-secs: 1717611485
      hostname: 1d3281968a57
      sysname: Linux
      nodename: 1d3281968a57
      release: 6.8.0-1008-aws
      version: '#8-Ubuntu SMP Sat Apr 20 00:46:25 UTC 2024'
      machine: x86_64
      compiler: 'musl-gcc 13.2.1'
      uptime: 124
      totalram: 16553766912
      freeram: 12449288192
      sharedram: 20074496
      bufferram: 78360576
      totalswap: 0
      freeswap: 0
      pagesize: 4096
      cpus: 8
      cpus-online: 8
      ticks-per-second: 100

metrics:
    - stressor: cpu
      bogo-ops: 84936
      bogo-ops-per-second-usr-sys-time: 1064.307740
      bogo-ops-per-second-real-time: 8492.271053
      wall-clock-time: 10.001565
      user-time: 79.783996
      system-time: 0.019990
      cpu-usage-per-instance: 99.739374
      max-rss: 3920

...
