size_kb,operation,bandwidth_mb_s,latency_ns,latency_stddev_ns,latency_samples,threads,iterations,elapsed_s
32,read,1052217.88,0,0,0,8,961538,0.228455
32,write,1086987.84,0,0,0,8,925926,0.212957
32,copy,715466.70,0,0,0,8,555555,0.194123
32,latency,0,0.89,0.04,11,1,11,0.205072
128,read,1071091.06,0,0,0,8,263157,0.245691
128,write,1064561.40,0,0,0,8,255102,0.239631
128,copy,735840.93,0,0,0,8,147929,0.201034
128,latency,0,2.45,0.00,7,1,7,0.704099
512,read,1063744.74,0,0,0,8,67567,0.254072
512,write,1073779.45,0,0,0,8,63613,0.236969
512,copy,561764.59,0,0,0,8,32722,0.232994
512,latency,0,3.37,0.00,7,1,7,0.700366
1024,read,919121.51,0,0,0,8,29726,0.258734
1024,write,1000586.52,0,0,0,8,31017,0.247991
1024,copy,454352.98,0,0,0,8,14310,0.251963
1024,latency,0,5.46,0.00,7,1,7,0.681110
2048,read,849405.69,0,0,0,8,12820,0.241486
2048,write,892132.98,0,0,0,8,13982,0.250761
2048,copy,326903.30,0,0,0,8,5285,0.258670
2048,latency,0,8.93,0.02,7,1,7,0.685956
8192,read,184496.95,0,0,0,8,3431,1.190177
8192,write,156612.41,0,0,0,8,3039,1.241894
8192,copy,49340.85,0,0,0,8,1048,1.359360
8192,latency,0,10.38,0.00,7,1,7,0.709531
16384,read,82123.50,0,0,0,8,1366,2.129086
16384,write,68363.20,0,0,0,8,1243,2.327334
16384,copy,26451.50,0,0,0,8,356,1.722700
16384,latency,0,10.78,0.01,7,1,7,0.686849
32768,read,57483.81,0,0,0,8,343,1.527526
32768,write,36358.31,0,0,0,8,327,2.302417
32768,copy,24140.87,0,0,0,8,178,1.887587
32768,latency,0,15.05,0.98,21,1,21,1.435104
65536,read,54599.35,0,0,0,8,179,1.678555
65536,write,34018.36,0,0,0,8,147,2.212452
65536,copy,24159.03,0,0,0,8,59,1.250382
65536,latency,0,79.44,0.61,7,1,7,3.426119
131072,read,53377.35,0,0,0,8,88,1.688207
131072,write,33560.52,0,0,0,8,67,2.044307
131072,copy,24157.84,0,0,0,8,42,1.780292
131072,latency,0,106.74,1.15,7,1,7,9.143163
