BaselineInfo:
  WebDBID: -1
  TimeStamp: 20241108105323
Version:
  Major: 11
  Minor: 0
  Build: 1002
  SpecialBuildName: ""
  ptArchitecture: aarch64_linux
Results:
  Results Complete: true
  NumTestProcesses: 32
  CPU_INTEGER_MATH: 201765.05466666666
  CPU_FLOATINGPOINT_MATH: 169447.18722637344
  CPU_PRIME: 430.91392088068858
  CPU_SORTING: 163341.94655440358
  CPU_ENCRYPTION: 6026.9024384695085
  CPU_COMPRESSION: 219693.50001334093
  CPU_SINGLETHREAD: 1879.680670586207
  CPU_PHYSICS: 9331.8883259373397
  CPU_MATRIX_MULT_SSE: 28610.810827157628
  CPU_mm: 4598.5036444070292
  CPU_sse: 24137.446958426215
  CPU_fma: 33084.174695889036
  CPU_avx: 0
  CPU_avx512: 0
  m_CPU_enc_SHA: 8825226198.2392616
  m_CPU_enc_AES: 3873020277.8360319
  m_CPU_enc_ECDSA: 6260749277.8865204
  ME_ALLOC_S: 37354.985350586045
  ME_READ_S: 25582.376562500001
  ME_READ_L: 19079.30078125
  ME_WRITE: 25724.95703125
  ME_LARGE: 116737.41666666667
  ME_LATENCY: 54.022375871253722
  ME_THREADED: 435532.5419921875
  SUMM_CPU: 26596.048391303593
  SUMM_ME: 3319.4765587376392
SystemInformation:
  OSName: Ubuntu 24.04.1 LTS
  Kernel: 6.8.0-1017-azure
  Device: ""
  Processor: ARM Neoverse-N2 32 Core 0 MHz
  NumSockets: 1
  Manufacturer: ARM
  NumCores: 32
  NumLogicals: 32
  CPUFrequency: 0
  Memory: 128552
Checksum: A8E5025C46A5724E1A73BBA4A0BA61EAF2A89143