BaselineInfo:
  WebDBID: -1
  TimeStamp: 20241202191632
Version:
  Major: 11
  Minor: 0
  Build: 1002
  SpecialBuildName: ""
  ptArchitecture: aarch64_linux
Results:
  Results Complete: true
  NumTestProcesses: 8
  CPU_INTEGER_MATH: 41725.563999999998
  CPU_FLOATINGPOINT_MATH: 48467.415001957786
  CPU_PRIME: 139.90058904822308
  CPU_SORTING: 37130.034302850625
  CPU_ENCRYPTION: 1507.3517237260255
  CPU_COMPRESSION: 53132.081884640524
  CPU_SINGLETHREAD: 1943.5492790696665
  CPU_PHYSICS: 2556.3411643645431
  CPU_MATRIX_MULT_SSE: 7370.9120020332466
  CPU_mm: 903.81572348756617
  CPU_sse: 5799.1822961860544
  CPU_fma: 8942.641707880437
  CPU_avx: 0
  CPU_avx512: 0
  m_CPU_enc_SHA: 2353350188.783289
  m_CPU_enc_AES: 859554812.12350547
  m_CPU_enc_ECDSA: 1528813522.2664282
  ME_ALLOC_S: 12117.653065108163
  ME_READ_S: 21205.820117187501
  ME_READ_L: 19606.990234375
  ME_WRITE: 21194.9296875
  ME_LARGE: 52212.75
  ME_LATENCY: 47.732047039319099
  ME_THREADED: 148128.427734375
  SUMM_CPU: 7693.299402160058
  SUMM_ME: 3203.1470076643509
SystemInformation:
  OSName: Ubuntu 24.04.1 LTS
  Kernel: 6.8.0-1018-aws
  Device: ""
  Processor: ARM Neoverse-V2 8 Core 0 MHz
  NumSockets: 1
  Manufacturer: ARM
  NumCores: 8
  NumLogicals: 8
  CPUFrequency: 0
  Memory: 63134
Checksum: CC7387DC1DFE30F0F7F013BA3D5068779C893E74