BaselineInfo:
  WebDBID: -1
  TimeStamp: 20241111123055
Version:
  Major: 11
  Minor: 0
  Build: 1002
  SpecialBuildName: ""
  ptArchitecture: x86_64_linux
Results:
  Results Complete: true
  NumTestProcesses: 64
  CPU_INTEGER_MATH: 265705.217
  CPU_FLOATINGPOINT_MATH: 146070.86662834746
  CPU_PRIME: 369.05347026695364
  CPU_SORTING: 136287.27248834516
  CPU_ENCRYPTION: 68453.409153228698
  CPU_COMPRESSION: 1002462.8225081617
  CPU_SINGLETHREAD: 2394.5254635081392
  CPU_PHYSICS: 6361.2375560758192
  CPU_MATRIX_MULT_SSE: 58508.105469770409
  CPU_mm: 7147.7317651826288
  CPU_sse: 30141.067070753099
  CPU_fma: 79206.494933100985
  CPU_avx: 66176.754405457119
  CPU_avx512: 0
  m_CPU_enc_SHA: 99385207479.44519
  m_CPU_enc_AES: 63556413445.666763
  m_CPU_enc_ECDSA: 52394184943.655899
  ME_ALLOC_S: 25668.040132438266
  ME_READ_S: 24469.240039062501
  ME_READ_L: 20169.056640625
  ME_WRITE: 20086.94921875
  ME_LARGE: 504016.08333333331
  ME_LATENCY: 62.615600155218679
  ME_THREADED: 147646.4150390625
  SUMM_CPU: 61884.166418017281
  SUMM_ME: 2970.3086121485071
SystemInformation:
  OSName: Ubuntu 24.04.1 LTS
  Kernel: 6.8.0-1017-azure
  Device: ""
  Processor: AMD EPYC 7763 64-Core Processor
  NumSockets: 1
  Manufacturer: AuthenticAMD
  NumCores: 32
  NumLogicals: 64
  CPUFrequency: 0
  Memory: 515766
  MemModuleInfo:
    iNumMemSticks: 3
    DIMM 1:
      manufacturer: Microsoft Corporation
      modulePartNo: None
      memType: Unknown
      size: 1
      clkspeed: 0
      moduleVoltage: 0
    DIMM 2:
      manufacturer: Microsoft Corporation
      modulePartNo: None
      memType: Unknown
      size: 60928
      clkspeed: 0
      moduleVoltage: 0
    DIMM 3:
      manufacturer: Microsoft Corporation
      modulePartNo: None
      memType: Unknown
      size: 462336
      clkspeed: 0
      moduleVoltage: 0
Checksum: 06D6FD11A23B8D076A2337F69781601AD8F3F078