---
system-info:
      stress-ng-version: 0.17.08
      run-by: root
      date-yyyy-mm-dd: 2024:09:03
      time-hh-mm-ss: 06:24:37
      epoch-secs: 1725344677
      hostname: sc-runner
      sysname: Linux
      nodename: sc-runner
      release: 6.8.0-1013-azure
      version: '#15-Ubuntu SMP Thu Aug  8 18:40:40 UTC 2024'
      machine: x86_64
      compiler: 'musl-gcc 13.2.1'
      uptime: 319
      totalram: 33651294208
      freeram: 25089617920
      sharedram: 54898688
      bufferram: 208535552
      totalswap: 0
      freeswap: 0
      pagesize: 4096
      cpus: 4
      cpus-online: 4
      ticks-per-second: 100

metrics:
    - stressor: cpu
      bogo-ops: 77394
      bogo-ops-per-second-usr-sys-time: 972.777379
      bogo-ops-per-second-real-time: 3869.691916
      wall-clock-time: 20.000042
      user-time: 79.550833
      system-time: 0.008994
      cpu-usage-per-instance: 99.449576
      max-rss: 3152

...
