---
system-info:
      stress-ng-version: 0.17.08
      run-by: root
      date-yyyy-mm-dd: 2024:09:21
      time-hh-mm-ss: 15:05:37
      epoch-secs: 1726931137
      hostname: sc-runner
      sysname: Linux
      nodename: sc-runner
      release: 6.8.0-1014-azure
      version: '#16-Ubuntu SMP Thu Aug 15 20:04:41 UTC 2024'
      machine: x86_64
      compiler: 'musl-gcc 13.2.1'
      uptime: 318
      totalram: 67420606464
      freeram: 57048862720
      sharedram: 38203392
      bufferram: 247709696
      totalswap: 0
      freeswap: 0
      pagesize: 4096
      cpus: 16
      cpus-online: 16
      ticks-per-second: 100

metrics:
    - stressor: cpu
      bogo-ops: 431337
      bogo-ops-per-second-usr-sys-time: 1349.589305
      bogo-ops-per-second-real-time: 21566.792764
      wall-clock-time: 20.000053
      user-time: 319.584126
      system-time: 0.021993
      cpu-usage-per-instance: 99.876647
      max-rss: 3152

...
