BaselineInfo:
  WebDBID: -1
  TimeStamp: 20241108062425
Version:
  Major: 11
  Minor: 0
  Build: 1002
  SpecialBuildName: ""
  ptArchitecture: x86_64_linux
Results:
  Results Complete: true
  NumTestProcesses: 8
  CPU_INTEGER_MATH: 28795.043999999998
  CPU_FLOATINGPOINT_MATH: 24087.618399557359
  CPU_PRIME: 89.543431711650413
  CPU_SORTING: 17465.015313153337
  CPU_ENCRYPTION: 3690.1311535695459
  CPU_COMPRESSION: 145418.83186384279
  CPU_SINGLETHREAD: 1846.0592261558206
  CPU_PHYSICS: 1341.5588464338321
  CPU_MATRIX_MULT_SSE: 12513.814112824526
  CPU_mm: 1330.7661109469138
  CPU_sse: 4992.9672722936202
  CPU_fma: 16318.798848699764
  CPU_avx: 10878.549308521226
  CPU_avx512: 17864.941021783492
  m_CPU_enc_SHA: 2029757785.6733084
  m_CPU_enc_AES: 7798658926.3195992
  m_CPU_enc_ECDSA: 1779732181.4631126
  ME_ALLOC_S: 5347.2633599372621
  ME_READ_S: 21632.201171875
  ME_READ_L: 11636.498046875
  ME_WRITE: 9421.2265625
  ME_LARGE: 46244
  ME_LATENCY: 48.843654088424067
  ME_THREADED: 65676.06103515625
  SUMM_CPU: 11139.930706219464
  SUMM_ME: 2570.1678088689368
SystemInformation:
  OSName: Ubuntu 24.04.1 LTS
  Kernel: 6.8.0-1017-azure
  Device: ""
  Processor: Intel Xeon Platinum 8272CL CPU @ 2.60GHz
  NumSockets: 1
  Manufacturer: GenuineIntel
  NumCores: 8
  NumLogicals: 8
  CPUFrequency: 0
  Memory: 56235
  MemModuleInfo:
    iNumMemSticks: 2
    DIMM 1:
      manufacturer: Microsoft Corporation
      modulePartNo: None
      memType: Unknown
      size: 1
      clkspeed: 0
      moduleVoltage: 0
    DIMM 2:
      manufacturer: Microsoft Corporation
      modulePartNo: None
      memType: Unknown
      size: 55
      clkspeed: 0
      moduleVoltage: 0
Checksum: 457B6A88DB00C6ED34A8C9E55AB2AF53F70AAB50