---
system-info:
      stress-ng-version: 0.17.08
      run-by: root
      date-yyyy-mm-dd: 2024:07:03
      time-hh-mm-ss: 04:16:24
      epoch-secs: 1719980184
      hostname: n2-standard-64-239d95e
      sysname: Linux
      nodename: n2-standard-64-239d95e
      release: 6.8.0-1009-gcp
      version: '#10-Ubuntu SMP Wed Jun 12 18:52:23 UTC 2024'
      machine: x86_64
      compiler: 'musl-gcc 13.2.1'
      uptime: 171
      totalram: 270439931904
      freeram: 264328957952
      sharedram: 70856704
      bufferram: 131608576
      totalswap: 0
      freeswap: 0
      pagesize: 4096
      cpus: 64
      cpus-online: 64
      ticks-per-second: 100

metrics:
    - stressor: cpu
      bogo-ops: 36827
      bogo-ops-per-second-usr-sys-time: 1841.377805
      bogo-ops-per-second-real-time: 1841.338015
      wall-clock-time: 20.000130
      user-time: 19.999698
      system-time: 0.000000
      cpu-usage-per-instance: 99.997839
      max-rss: 512

...
