BaselineInfo:
  WebDBID: -1
  TimeStamp: 20260218132805
Version:
  Major: 11
  Minor: 0
  Build: 1004
  SpecialBuildName: ""
  ptArchitecture: x86_64_linux
Results:
  Results Complete: true
  NumTestProcesses: 48
  CPU_INTEGER_MATH: 247960.44733333329
  CPU_FLOATINGPOINT_MATH: 175602.05082504835
  CPU_PRIME: 495.76011802506599
  CPU_SORTING: 121492.2078140919
  CPU_ENCRYPTION: 54586.850426100522
  CPU_COMPRESSION: 887447.4659841113
  CPU_SINGLETHREAD: 3151.2173223361033
  CPU_PHYSICS: 10978.300115789065
  CPU_MATRIX_MULT_SSE: 71925.024222328007
  CPU_mm: 7000.5929200708861
  CPU_sse: 30308.0871251307
  CPU_fma: 78487.321180921572
  CPU_avx: 59751.538326532558
  CPU_avx512: 119153.15025672733
  m_CPU_enc_SHA: 57709804956.252762
  m_CPU_enc_AES: 75228157956.179367
  m_CPU_enc_ECDSA: 38777420904.764229
  ME_ALLOC_S: 26840.402908916505
  ME_READ_S: 25924.05810546875
  ME_READ_L: 9345.8681640625
  ME_WRITE: 9068.302734375
  ME_LARGE: 487932
  ME_LATENCY: 44.908193985435993
  ME_THREADED: 330058.046875
  SUMM_CPU: 68415.838619700517
  SUMM_ME: 2821.8409344256261
SystemInformation:
  OSName: Ubuntu 24.04.3 LTS
  Kernel: 6.14.0-1018-aws
  Device: ""
  Processor: Intel(R) Xeon(R) Platinum 8559C
  NumSockets: 1
  Manufacturer: GenuineIntel
  NumCores: 24
  NumLogicals: 48
  CPUFrequency: 0
  CPUMaxFrequency: 0
  Memory: 511708
  CPUInfo:
    number: 1
    Family: 6
    Model: 15
    stepping: 2
    features: 529267711
    manufacture: GenuineIntel
    typestring: Intel(R) Xeon(R) Platinum 8559C
    iCoresPerPackage: 24
    iThreadsPerPackage: 2
    featuresEx:
      - 529267711
      - 4294619651
      - 739248128
    bHybrid: false
    nPCore: 0
    nLogicalsPerPCore: 0
    nECore: 0
    nLogicalsPerECore: 0
  MemModuleInfo:
    iNumMemSticks: 1
    DIMM 1:
      manufacturer: Not Specified
      modulePartNo: Not Specified
      memType: DDR5
      size: 512
      clkspeed: 2800
      moduleVoltage: 0
Checksum: DBB647D12E2A411D9FDB83BEF059DF7403F2487F