BaselineInfo:
  WebDBID: -1
  TimeStamp: 20241108090051
Version:
  Major: 11
  Minor: 0
  Build: 1002
  SpecialBuildName: ""
  ptArchitecture: aarch64_linux
Results:
  Results Complete: true
  NumTestProcesses: 16
  CPU_INTEGER_MATH: 63205.998666666666
  CPU_FLOATINGPOINT_MATH: 47967.317222387639
  CPU_PRIME: 107.97721073184498
  CPU_SORTING: 45732.833352490983
  CPU_ENCRYPTION: 2188.4932622756105
  CPU_COMPRESSION: 76054.567440359649
  CPU_SINGLETHREAD: 1109.1001621712924
  CPU_PHYSICS: 1959.4838862746117
  CPU_MATRIX_MULT_SSE: 9946.0049569761486
  CPU_mm: 1671.213488958231
  CPU_sse: 8292.6338635938337
  CPU_fma: 11599.376050358462
  CPU_avx: 0
  CPU_avx512: 0
  m_CPU_enc_SHA: 3287638552.8352361
  m_CPU_enc_AES: 1516090105.9858007
  m_CPU_enc_ECDSA: 2080675874.1306944
  ME_ALLOC_S: 10339.674423709946
  ME_READ_S: 9484.9254882812493
  ME_READ_L: 9210.3759765625
  ME_WRITE: 12567.2998046875
  ME_LARGE: 19095.166666666668
  ME_LATENCY: 69.722421362960517
  ME_THREADED: 138268.3779296875
  SUMM_CPU: 9820.7519837064719
  SUMM_ME: 1784.4196264242155
SystemInformation:
  OSName: Ubuntu 24.04.1 LTS
  Kernel: 6.8.0-1016-aws
  Device: ""
  Processor: ARM Neoverse-N1 16 Core 0 MHz
  NumSockets: 1
  Manufacturer: ARM
  NumCores: 16
  NumLogicals: 16
  CPUFrequency: 0
  Memory: 31491
Checksum: 80639640F6CB0DAF9E60B3FB46D7B8DAB53EEF3B