BaselineInfo:
  WebDBID: -1
  TimeStamp: 20260708001141
Version:
  Major: 11
  Minor: 0
  Build: 1004
  SpecialBuildName: ""
  ptArchitecture: x86_64_linux
Results:
  Results Complete: true
  NumTestProcesses: 1
  CPU_INTEGER_MATH: 7624.8793333333333
  CPU_FLOATINGPOINT_MATH: 7572.214076657624
  CPU_PRIME: 28.441520989354466
  CPU_SORTING: 4575.5250244839253
  CPU_ENCRYPTION: 1568.4771257272657
  CPU_COMPRESSION: 32993.293214054785
  CPU_SINGLETHREAD: 3571.6678807759372
  CPU_PHYSICS: 488.57658393234101
  CPU_MATRIX_MULT_SSE: 2740.0206302394267
  CPU_mm: 366.57812261764224
  CPU_sse: 1100.4110089283915
  CPU_fma: 4360.1525630265096
  CPU_avx: 2228.3880157292515
  CPU_avx512: 3271.130933273555
  m_CPU_enc_SHA: 2193512480.818027
  m_CPU_enc_AES: 1342472773.9493291
  m_CPU_enc_ECDSA: 1398017156.9924242
  ME_ALLOC_S: 1469.754229038575
  ME_READ_S: 33872.323828125001
  ME_READ_L: 29340.71484375
  ME_WRITE: 30051.41015625
  ME_LARGE: 1599
  ME_LATENCY: 81.500286128727311
  ME_THREADED: 29454.24609375
  SUMM_CPU: 3461.7179029898257
  SUMM_ME: 1616.5676779676851
SystemInformation:
  OSName: Ubuntu 24.04.4 LTS
  Kernel: 6.17.0-1018-azure
  Device: ""
  Processor: "AMD EPYC 9V45 96-Core Processor                "
  NumSockets: 1
  Manufacturer: AuthenticAMD
  NumCores: 1
  NumLogicals: 1
  CPUFrequency: 0
  CPUMaxFrequency: 0
  Memory: 3912
  CPUInfo:
    number: 1
    Family: 15
    Model: 2
    stepping: 1
    features: 395049983
    manufacture: AuthenticAMD
    typestring: "AMD EPYC 9V45 96-Core Processor                "
    iCoresPerPackage: 8
    iThreadsPerPackage: 1
    featuresEx:
      - 395049983
      - 4277809667
      - 802421759
    bHybrid: false
    nPCore: 0
    nLogicalsPerPCore: 0
    nECore: 0
    nLogicalsPerECore: 0
  MemModuleInfo:
    iNumMemSticks: 2
    DIMM 1:
      manufacturer: Microsoft Corporation
      modulePartNo: None
      memType: Unknown
      size: 1
      clkspeed: 0
      moduleVoltage: 0
    DIMM 2:
      manufacturer: Microsoft Corporation
      modulePartNo: None
      memType: Unknown
      size: 3
      clkspeed: 0
      moduleVoltage: 0
Checksum: 1CE6D4AD75DCE84C3007A8AFDECD3A76958223E3