BaselineInfo:
  WebDBID: -1
  TimeStamp: 20241109114500
Version:
  Major: 11
  Minor: 0
  Build: 1002
  SpecialBuildName: ""
  ptArchitecture: x86_64_linux
Results:
  Results Complete: true
  NumTestProcesses: 72
  CPU_INTEGER_MATH: 224679.23966666666
  CPU_FLOATINGPOINT_MATH: 120389.73348213405
  CPU_PRIME: 259.94229941454688
  CPU_SORTING: 110550.8573136388
  CPU_ENCRYPTION: 30480.101410721654
  CPU_COMPRESSION: 975406.49342084152
  CPU_SINGLETHREAD: 2113.7644917936136
  CPU_PHYSICS: 4409.2851191544696
  CPU_MATRIX_MULT_SSE: 62395.914783537039
  CPU_mm: 6629.7957540454163
  CPU_sse: 23797.800699935251
  CPU_fma: 75950.150476628813
  CPU_avx: 54474.125870054682
  CPU_avx512: 95361.582087529372
  m_CPU_enc_SHA: 10115684182.330807
  m_CPU_enc_AES: 76709801689.099823
  m_CPU_enc_ECDSA: 9056622579.1160069
  ME_ALLOC_S: 21218.267345634922
  ME_READ_S: 24631.326171875
  ME_READ_L: 10153.29296875
  ME_WRITE: 9031.9228515625
  ME_LARGE: 132652.58333333334
  ME_LATENCY: 53.827788533312535
  ME_THREADED: 178378.51538085938
  SUMM_CPU: 50595.137768497836
  SUMM_ME: 2612.4422311693111
SystemInformation:
  OSName: Ubuntu 24.04.1 LTS
  Kernel: 6.8.0-1017-azure
  Device: ""
  Processor: Intel Xeon Platinum 8272CL CPU @ 2.60GHz
  NumSockets: 2
  Manufacturer: GenuineIntel
  NumCores: 36
  NumLogicals: 72
  CPUFrequency: 0
  Memory: 145007
  MemModuleInfo:
    iNumMemSticks: 4
    DIMM 1:
      manufacturer: Microsoft Corporation
      modulePartNo: None
      memType: Unknown
      size: 1
      clkspeed: 0
      moduleVoltage: 0
    DIMM 2:
      manufacturer: Microsoft Corporation
      modulePartNo: None
      memType: Unknown
      size: 60928
      clkspeed: 0
      moduleVoltage: 0
    DIMM 3:
      manufacturer: Microsoft Corporation
      modulePartNo: None
      memType: Unknown
      size: 11776
      clkspeed: 0
      moduleVoltage: 0
    DIMM 4:
      manufacturer: Microsoft Corporation
      modulePartNo: None
      memType: Unknown
      size: 72
      clkspeed: 0
      moduleVoltage: 0
Checksum: 0BA2431D7BEF726AF06BD675A45E8BA566CC49D9