---
system-info:
      stress-ng-version: 0.17.08
      run-by: root
      date-yyyy-mm-dd: 2024:06:21
      time-hh-mm-ss: 00:41:39
      epoch-secs: 1718930499
      hostname: 7d4e7b8a257d
      sysname: Linux
      nodename: 7d4e7b8a257d
      release: 6.8.0-1008-gcp
      version: '#9-Ubuntu SMP Wed May 22 18:09:04 UTC 2024'
      machine: x86_64
      compiler: 'musl-gcc 13.2.1'
      uptime: 171
      totalram: 16767365120
      freeram: 11777437696
      sharedram: 34975744
      bufferram: 134443008
      totalswap: 0
      freeswap: 0
      pagesize: 4096
      cpus: 4
      cpus-online: 4
      ticks-per-second: 100

metrics:
    - stressor: cpu
      bogo-ops: 53721
      bogo-ops-per-second-usr-sys-time: 2686.109094
      bogo-ops-per-second-real-time: 2686.039337
      wall-clock-time: 20.000079
      user-time: 19.999560
      system-time: 0.000000
      cpu-usage-per-instance: 99.997403
      max-rss: 976

...
