BaselineInfo:
  WebDBID: -1
  TimeStamp: 20250828221402
Version:
  Major: 11
  Minor: 0
  Build: 1002
  SpecialBuildName: ""
  ptArchitecture: x86_64_linux
Results:
  Results Complete: true
  NumTestProcesses: 8
  CPU_INTEGER_MATH: 41356.671666666669
  CPU_FLOATINGPOINT_MATH: 29955.698256879386
  CPU_PRIME: 89.256297326946751
  CPU_SORTING: 21296.828829554746
  CPU_ENCRYPTION: 9050.0974263835815
  CPU_COMPRESSION: 163968.24161802619
  CPU_SINGLETHREAD: 3276.8151208767276
  CPU_PHYSICS: 1943.690363465912
  CPU_MATRIX_MULT_SSE: 11256.753063981858
  CPU_mm: 1216.4851699031817
  CPU_sse: 5004.0846074665697
  CPU_fma: 13134.894679544055
  CPU_avx: 10497.654293854619
  CPU_avx512: 16390.378675062188
  m_CPU_enc_SHA: 9601539304.0234852
  m_CPU_enc_AES: 12541870777.063686
  m_CPU_enc_ECDSA: 6325734795.8155966
  ME_ALLOC_S: 4789.6840675643562
  ME_READ_S: 29002.576171875
  ME_READ_L: 11645.7783203125
  ME_WRITE: 12139.2880859375
  ME_LARGE: 21996.083333333332
  ME_LATENCY: 68.73560998455271
  ME_THREADED: 60472.50390625
  SUMM_CPU: 15607.937642752122
  SUMM_ME: 2355.8425705797486
SystemInformation:
  OSName: Ubuntu 24.04.2 LTS
  Kernel: 6.14.0-1011-aws
  Device: ""
  Processor: Intel Xeon 6975P-C
  NumSockets: 1
  Manufacturer: GenuineIntel
  NumCores: 4
  NumLogicals: 8
  CPUFrequency: 0
  Memory: 31556
  MemModuleInfo:
    iNumMemSticks: 1
    DIMM 1:
      manufacturer: Not Specified
      modulePartNo: Not Specified
      memType: DDR5
      size: 32
      clkspeed: 3600
      moduleVoltage: 0
Checksum: 51C3CAC84AA658BA5B3704589CCACA7355F70CCA