---
system-info:
      stress-ng-version: 0.17.08
      run-by: root
      date-yyyy-mm-dd: 2024:07:11
      time-hh-mm-ss: 13:38:25
      epoch-secs: 1720705105
      hostname: ip-172-31-52-176
      sysname: Linux
      nodename: ip-172-31-52-176
      release: 6.8.0-1010-aws
      version: '#10-Ubuntu SMP Thu Jun 13 17:36:15 UTC 2024'
      machine: x86_64
      compiler: 'musl-gcc 13.2.1'
      uptime: 129
      totalram: 8112054272
      freeram: 2935341056
      sharedram: 40722432
      bufferram: 134881280
      totalswap: 0
      freeswap: 0
      pagesize: 4096
      cpus: 4
      cpus-online: 4
      ticks-per-second: 100

metrics:
    - stressor: cpu
      bogo-ops: 78400
      bogo-ops-per-second-usr-sys-time: 984.481470
      bogo-ops-per-second-real-time: 3919.987103
      wall-clock-time: 20.000066
      user-time: 79.617841
      system-time: 0.017990
      cpu-usage-per-instance: 99.544461
      max-rss: 1104

...
