BaselineInfo:
  WebDBID: -1
  TimeStamp: 20241109021012
Version:
  Major: 11
  Minor: 0
  Build: 1002
  SpecialBuildName: ""
  ptArchitecture: x86_64_linux
Results:
  Results Complete: true
  NumTestProcesses: 32
  CPU_INTEGER_MATH: 134234.42233333332
  CPU_FLOATINGPOINT_MATH: 68633.279559504896
  CPU_PRIME: 188.99104508839895
  CPU_SORTING: 68298.063408922724
  CPU_ENCRYPTION: 29146.490344693571
  CPU_COMPRESSION: 485109.74478806352
  CPU_SINGLETHREAD: 2369.6474045160057
  CPU_PHYSICS: 3456.7815119176144
  CPU_MATRIX_MULT_SSE: 28232.006566313557
  CPU_mm: 2893.3692560370623
  CPU_sse: 12621.255554731475
  CPU_fma: 34980.599515087153
  CPU_avx: 25829.633582979448
  CPU_avx512: 39496.537612456144
  m_CPU_enc_SHA: 29429128825.460938
  m_CPU_enc_AES: 44288518864.752777
  m_CPU_enc_ECDSA: 17969283088.81852
  ME_ALLOC_S: 14804.519381825719
  ME_READ_S: 24289.990234375
  ME_READ_L: 11820.78125
  ME_WRITE: 10354.6201171875
  ME_LARGE: 115520.5
  ME_LATENCY: 61.216453834276471
  ME_THREADED: 136159.99658203125
  SUMM_CPU: 36587.823414232145
  SUMM_ME: 2561.6124919159438
SystemInformation:
  OSName: Ubuntu 24.04.1 LTS
  Kernel: 6.8.0-1016-aws
  Device: ""
  Processor: Intel Xeon Platinum 8375C CPU @ 2.90GHz
  NumSockets: 1
  Manufacturer: GenuineIntel
  NumCores: 16
  NumLogicals: 32
  CPUFrequency: 0
  Memory: 126756
  MemModuleInfo:
    iNumMemSticks: 1
    DIMM 1:
      manufacturer: Not Specified
      modulePartNo: Not Specified
      memType: DDR4
      size: 128
      clkspeed: 1600
      moduleVoltage: 0
Checksum: 31379518749A5C0D43B64ED8767743D8667B013F