---
system-info:
      stress-ng-version: 0.17.08
      run-by: root
      date-yyyy-mm-dd: 2024:06:09
      time-hh-mm-ss: 20:23:13
      epoch-secs: 1717964593
      hostname: 184400b3ae58
      sysname: Linux
      nodename: 184400b3ae58
      release: 6.8.0-1008-aws
      version: '#8-Ubuntu SMP Sat Apr 20 00:46:25 UTC 2024'
      machine: x86_64
      compiler: 'musl-gcc 13.2.1'
      uptime: 112
      totalram: 65979408384
      freeram: 61398982656
      sharedram: 36982784
      bufferram: 111812608
      totalswap: 0
      freeswap: 0
      pagesize: 4096
      cpus: 8
      cpus-online: 8
      ticks-per-second: 100

metrics:
    - stressor: cpu
      bogo-ops: 17620
      bogo-ops-per-second-usr-sys-time: 1762.027488
      bogo-ops-per-second-real-time: 1761.980340
      wall-clock-time: 10.000112
      user-time: 9.999844
      system-time: 0.000000
      cpu-usage-per-instance: 99.997324
      max-rss: 4104

...
