---
system-info:
      stress-ng-version: 0.17.08
      run-by: root
      date-yyyy-mm-dd: 2024:06:15
      time-hh-mm-ss: 22:56:00
      epoch-secs: 1718492160
      hostname: e8891493ddac
      sysname: Linux
      nodename: e8891493ddac
      release: 6.8.0-1008-aws
      version: '#8-Ubuntu SMP Sat Apr 20 00:46:25 UTC 2024'
      machine: x86_64
      compiler: 'musl-gcc 13.2.1'
      uptime: 132
      totalram: 65979416576
      freeram: 61568049152
      sharedram: 36982784
      bufferram: 110764032
      totalswap: 0
      freeswap: 0
      pagesize: 4096
      cpus: 8
      cpus-online: 8
      ticks-per-second: 100

metrics:
    - stressor: cpu
      bogo-ops: 61509
      bogo-ops-per-second-usr-sys-time: 3075.513509
      bogo-ops-per-second-real-time: 3075.437498
      wall-clock-time: 20.000081
      user-time: 19.999587
      system-time: 0.000000
      cpu-usage-per-instance: 99.997529
      max-rss: 976

...
