---
system-info:
      stress-ng-version: 0.17.08
      run-by: root
      date-yyyy-mm-dd: 2024:06:15
      time-hh-mm-ss: 03:55:08
      epoch-secs: 1718423708
      hostname: 0bfe1a4b778a
      sysname: Linux
      nodename: 0bfe1a4b778a
      release: 6.8.0-1008-aws
      version: '#8-Ubuntu SMP Sat Apr 20 00:46:25 UTC 2024'
      machine: x86_64
      compiler: 'musl-gcc 13.2.1'
      uptime: 137
      totalram: 264565653504
      freeram: 259806011392
      sharedram: 37335040
      bufferram: 110190592
      totalswap: 0
      freeswap: 0
      pagesize: 4096
      cpus: 64
      cpus-online: 64
      ticks-per-second: 100

metrics:
    - stressor: cpu
      bogo-ops: 61511
      bogo-ops-per-second-usr-sys-time: 3075.606591
      bogo-ops-per-second-real-time: 3075.537644
      wall-clock-time: 20.000080
      user-time: 19.998633
      system-time: 0.000999
      cpu-usage-per-instance: 99.997758
      max-rss: 512

...
