---
system-info:
      stress-ng-version: 0.17.08
      run-by: root
      date-yyyy-mm-dd: 2024:06:08
      time-hh-mm-ss: 19:28:59
      epoch-secs: 1717874939
      hostname: dfead36f2dfd
      sysname: Linux
      nodename: dfead36f2dfd
      release: 6.8.0-1008-aws
      version: '#8-Ubuntu SMP Sat Apr 20 00:46:25 UTC 2024'
      machine: x86_64
      compiler: 'musl-gcc 13.2.1'
      uptime: 119
      totalram: 264565657600
      freeram: 259786350592
      sharedram: 37335040
      bufferram: 105271296
      totalswap: 0
      freeswap: 0
      pagesize: 4096
      cpus: 64
      cpus-online: 64
      ticks-per-second: 100

metrics:
    - stressor: cpu
      bogo-ops: 17658
      bogo-ops-per-second-usr-sys-time: 1765.701827
      bogo-ops-per-second-real-time: 1765.691936
      wall-clock-time: 10.000612
      user-time: 9.999557
      system-time: 0.000999
      cpu-usage-per-instance: 99.999440
      max-rss: 3072

...
