---
system-info:
      stress-ng-version: 0.17.08
      run-by: root
      date-yyyy-mm-dd: 2024:09:03
      time-hh-mm-ss: 02:18:02
      epoch-secs: 1725329882
      hostname: sc-runner
      sysname: Linux
      nodename: sc-runner
      release: 6.8.0-1013-azure
      version: '#15-Ubuntu SMP Thu Aug  8 18:40:40 UTC 2024'
      machine: x86_64
      compiler: 'musl-gcc 13.2.1'
      uptime: 439
      totalram: 16766070784
      freeram: 8272273408
      sharedram: 56983552
      bufferram: 210018304
      totalswap: 0
      freeswap: 0
      pagesize: 4096
      cpus: 4
      cpus-online: 4
      ticks-per-second: 100

metrics:
    - stressor: cpu
      bogo-ops: 16953
      bogo-ops-per-second-usr-sys-time: 847.739818
      bogo-ops-per-second-real-time: 847.645402
      wall-clock-time: 20.000108
      user-time: 19.992868
      system-time: 0.005013
      cpu-usage-per-instance: 99.988863
      max-rss: 3152

...
