BaselineInfo:
  WebDBID: -1
  TimeStamp: 20241218234919
Version:
  Major: 11
  Minor: 0
  Build: 1002
  SpecialBuildName: ""
  ptArchitecture: x86_64_linux
Results:
  Results Complete: true
  NumTestProcesses: 1
  CPU_INTEGER_MATH: 4694.6856666666672
  CPU_FLOATINGPOINT_MATH: 3402.1772754811095
  CPU_PRIME: 15.002556289428513
  CPU_SORTING: 2726.4179925281842
  CPU_ENCRYPTION: 1130.032105535736
  CPU_COMPRESSION: 19389.8496516425
  CPU_SINGLETHREAD: 2026.5014727176933
  CPU_PHYSICS: 248.74338642468169
  CPU_MATRIX_MULT_SSE: 1569.5676632262168
  CPU_mm: 195.58286752755316
  CPU_sse: 771.95123702507067
  CPU_fma: 2500.4673873270394
  CPU_avx: 1436.2843653265411
  CPU_avx512: 0
  m_CPU_enc_SHA: 1603865581.4826887
  m_CPU_enc_AES: 1033653582.7890706
  m_CPU_enc_ECDSA: 917254471.0109607
  ME_ALLOC_S: 506.17567488925386
  ME_READ_S: 22012.056542968749
  ME_READ_L: 6779.060546875
  ME_WRITE: 6374.08544921875
  ME_LARGE: 834.91666666666663
  ME_LATENCY: 122.33843999066339
  ME_THREADED: 6937.5478515625
  SUMM_CPU: 2027.7970481311895
  SUMM_ME: 764.23295286176904
SystemInformation:
  OSName: Ubuntu 24.04.1 LTS
  Kernel: 6.8.0-31-generic
  Device: ""
  Processor: AMD EPYC 7542 32-Core Processor
  NumSockets: 1
  Manufacturer: AuthenticAMD
  NumCores: 1
  NumLogicals: 1
  CPUFrequency: 0
  Memory: 3868
  MemModuleInfo:
    iNumMemSticks: 1
    DIMM 1:
      manufacturer: QEMU
      modulePartNo: Not Specified
      memType: RAM
      size: 4
      clkspeed: 0
      moduleVoltage: 0
Checksum: DF0E0E81AA6B419CAE66FEC30E0A57AB0008AC35