BaselineInfo:
  WebDBID: -1
  TimeStamp: 20241109203616
Version:
  Major: 11
  Minor: 0
  Build: 1002
  SpecialBuildName: ""
  ptArchitecture: x86_64_linux
Results:
  Results Complete: true
  NumTestProcesses: 64
  CPU_INTEGER_MATH: 187506.29033333331
  CPU_FLOATINGPOINT_MATH: 100375.50328106283
  CPU_PRIME: 264.17933819464861
  CPU_SORTING: 94939.716820662536
  CPU_ENCRYPTION: 25710.964799263929
  CPU_COMPRESSION: 812523.66114478931
  CPU_SINGLETHREAD: 1872.2742543728157
  CPU_PHYSICS: 4683.0956306131156
  CPU_MATRIX_MULT_SSE: 55665.263995840112
  CPU_mm: 5701.3401512073597
  CPU_sse: 20194.364058352883
  CPU_fma: 66133.23340218098
  CPU_avx: 46624.869531663448
  CPU_avx512: 89708.588991163095
  m_CPU_enc_SHA: 8456110578.6605701
  m_CPU_enc_AES: 64866581892.60173
  m_CPU_enc_ECDSA: 7557009404.7966013
  ME_ALLOC_S: 21602.374382332113
  ME_READ_S: 22841.590039062499
  ME_READ_L: 10279.638671875
  ME_WRITE: 10060.474609375
  ME_LARGE: 242381.58333333334
  ME_LATENCY: 51.579272086381003
  ME_THREADED: 225256.43359375
  SUMM_CPU: 44173.281861504336
  SUMM_ME: 2682.5179783426447
SystemInformation:
  OSName: Ubuntu 24.04.1 LTS
  Kernel: 6.8.0-1016-aws
  Device: ""
  Processor: Intel Xeon Platinum 8259CL CPU @ 2.50GHz
  NumSockets: 2
  Manufacturer: GenuineIntel
  NumCores: 32
  NumLogicals: 64
  CPUFrequency: 0
  Memory: 255155
  MemModuleInfo:
    iNumMemSticks: 2
    DIMM 1:
      manufacturer: Not Specified
      modulePartNo: Not Specified
      memType: DDR4
      size: 128
      clkspeed: 1600
      moduleVoltage: 0
    DIMM 2:
      manufacturer: Not Specified
      modulePartNo: Not Specified
      memType: DDR4
      size: 128
      clkspeed: 1600
      moduleVoltage: 0
Checksum: 660F16A04D7BD76CBE188D072279198BF3234077