BaselineInfo:
  WebDBID: -1
  TimeStamp: 20260620073130
Version:
  Major: 11
  Minor: 0
  Build: 1004
  SpecialBuildName: ""
  ptArchitecture: x86_64_linux
Results:
  Results Complete: true
  NumTestProcesses: 32
  CPU_INTEGER_MATH: 209772.55300000001
  CPU_FLOATINGPOINT_MATH: 121929.8753210915
  CPU_PRIME: 274.0366812561353
  CPU_SORTING: 88950.984368712976
  CPU_ENCRYPTION: 39394.640588350965
  CPU_COMPRESSION: 687085.73193372646
  CPU_SINGLETHREAD: 3816.6437422910835
  CPU_PHYSICS: 5866.3883041780027
  CPU_MATRIX_MULT_SSE: 52421.257857815021
  CPU_mm: 5142.5673199096
  CPU_sse: 19351.387633752845
  CPU_fma: 56427.431832366776
  CPU_avx: 54629.921183902436
  CPU_avx512: 79276.290781238073
  m_CPU_enc_SHA: 50528483753.895027
  m_CPU_enc_AES: 40939173201.472862
  m_CPU_enc_ECDSA: 32457166993.344215
  ME_ALLOC_S: 17980.809036396731
  ME_READ_S: 34111.827734375001
  ME_READ_L: 29733.3125
  ME_WRITE: 30840.236328125
  ME_LARGE: 248490.16666666666
  ME_LATENCY: 82.117139145568899
  ME_THREADED: 109668.21435546875
  SUMM_CPU: 56708.468762194469
  SUMM_ME: 2815.7245052439457
SystemInformation:
  OSName: Ubuntu 24.04.4 LTS
  Kernel: 6.17.0-1018-azure
  Device: ""
  Processor: "AMD EPYC 9V45 96-Core Processor                "
  NumSockets: 1
  Manufacturer: AuthenticAMD
  NumCores: 16
  NumLogicals: 32
  CPUFrequency: 0
  CPUMaxFrequency: 0
  Memory: 257732
  CPUInfo:
    number: 1
    Family: 15
    Model: 2
    stepping: 1
    features: 395049983
    manufacture: AuthenticAMD
    typestring: "AMD EPYC 9V45 96-Core Processor                "
    iCoresPerPackage: 16
    iThreadsPerPackage: 2
    featuresEx:
      - 395049983
      - 4277809667
      - 802421759
    bHybrid: false
    nPCore: 0
    nLogicalsPerPCore: 0
    nECore: 0
    nLogicalsPerECore: 0
  MemModuleInfo:
    iNumMemSticks: 3
    DIMM 1:
      manufacturer: Microsoft Corporation
      modulePartNo: None
      memType: Unknown
      size: 1
      clkspeed: 0
      moduleVoltage: 0
    DIMM 2:
      manufacturer: Microsoft Corporation
      modulePartNo: None
      memType: Unknown
      size: 59
      clkspeed: 0
      moduleVoltage: 0
    DIMM 3:
      manufacturer: Microsoft Corporation
      modulePartNo: None
      memType: Unknown
      size: 196
      clkspeed: 0
      moduleVoltage: 0
Checksum: E25EA5D424306433EE24279A0DFFAD9AA35BA546