---
system-info:
      stress-ng-version: 0.17.08
      run-by: root
      date-yyyy-mm-dd: 2024:09:19
      time-hh-mm-ss: 07:50:54
      epoch-secs: 1726732254
      hostname: sc-runner
      sysname: Linux
      nodename: sc-runner
      release: 6.8.0-1014-azure
      version: '#16-Ubuntu SMP Thu Aug 15 20:04:41 UTC 2024'
      machine: x86_64
      compiler: 'musl-gcc 13.2.1'
      uptime: 290
      totalram: 168786038784
      freeram: 158234198016
      sharedram: 55054336
      bufferram: 247934976
      totalswap: 0
      freeswap: 0
      pagesize: 4096
      cpus: 20
      cpus-online: 20
      ticks-per-second: 100

metrics:
    - stressor: cpu
      bogo-ops: 388009
      bogo-ops-per-second-usr-sys-time: 970.862918
      bogo-ops-per-second-real-time: 19400.368662
      wall-clock-time: 20.000084
      user-time: 399.630755
      system-time: 0.022989
      cpu-usage-per-instance: 99.913017
      max-rss: 3188

...
