---
system-info:
      stress-ng-version: 0.17.08
      run-by: root
      date-yyyy-mm-dd: 2024:09:12
      time-hh-mm-ss: 10:53:22
      epoch-secs: 1726138402
      hostname: ip-172-31-29-180
      sysname: Linux
      nodename: ip-172-31-29-180
      release: 6.8.0-1014-aws
      version: '#15-Ubuntu SMP Thu Aug  8 19:13:06 UTC 2024'
      machine: x86_64
      compiler: 'musl-gcc 13.2.1'
      uptime: 190
      totalram: 1606313480192
      freeram: 1593982423040
      sharedram: 55521280
      bufferram: 222679040
      totalswap: 0
      freeswap: 0
      pagesize: 4096
      cpus: 48
      cpus-online: 48
      ticks-per-second: 100

metrics:
    - stressor: cpu
      bogo-ops: 1170863
      bogo-ops-per-second-usr-sys-time: 1220.189482
      bogo-ops-per-second-real-time: 58542.849909
      wall-clock-time: 20.000103
      user-time: 959.544753
      system-time: 0.029983
      cpu-usage-per-instance: 99.955189
      max-rss: 768

...
