---
system-info:
      stress-ng-version: 0.17.08
      run-by: root
      date-yyyy-mm-dd: 2024:06:15
      time-hh-mm-ss: 14:56:39
      epoch-secs: 1718463399
      hostname: 04ed2dd1739b
      sysname: Linux
      nodename: 04ed2dd1739b
      release: 6.8.0-1008-aws
      version: '#8-Ubuntu SMP Sat Apr 20 00:46:25 UTC 2024'
      machine: x86_64
      compiler: 'musl-gcc 13.2.1'
      uptime: 183
      totalram: 66862313472
      freeram: 62490173440
      sharedram: 11640832
      bufferram: 110108672
      totalswap: 0
      freeswap: 0
      pagesize: 4096
      cpus: 8
      cpus-online: 8
      ticks-per-second: 100

metrics:
    - stressor: cpu
      bogo-ops: 11830
      bogo-ops-per-second-usr-sys-time: 591.548122
      bogo-ops-per-second-real-time: 591.491525
      wall-clock-time: 20.000287
      user-time: 19.998373
      system-time: 0.000000
      cpu-usage-per-instance: 99.990432
      max-rss: 1104

...
