---
system-info:
      stress-ng-version: 0.17.08
      run-by: root
      date-yyyy-mm-dd: 2024:06:09
      time-hh-mm-ss: 12:35:58
      epoch-secs: 1717936558
      hostname: bcebee54af9a
      sysname: Linux
      nodename: bcebee54af9a
      release: 6.8.0-1008-aws
      version: '#8-Ubuntu SMP Sat Apr 20 00:46:25 UTC 2024'
      machine: x86_64
      compiler: 'musl-gcc 13.2.1'
      uptime: 167
      totalram: 66862313472
      freeram: 62392115200
      sharedram: 11640832
      bufferram: 108060672
      totalswap: 0
      freeswap: 0
      pagesize: 4096
      cpus: 8
      cpus-online: 8
      ticks-per-second: 100

metrics:
    - stressor: cpu
      bogo-ops: 9894
      bogo-ops-per-second-usr-sys-time: 989.104456
      bogo-ops-per-second-real-time: 989.108642
      wall-clock-time: 10.002946
      user-time: 10.000988
      system-time: 0.002000
      cpu-usage-per-instance: 100.000423
      max-rss: 3920

...
