---
system-info:
      stress-ng-version: 0.17.08
      run-by: root
      date-yyyy-mm-dd: 2024:09:23
      time-hh-mm-ss: 14:55:05
      epoch-secs: 1727103305
      hostname: sc-runner
      sysname: Linux
      nodename: sc-runner
      release: 6.8.0-1014-azure
      version: '#16-Ubuntu SMP Thu Aug 15 20:04:41 UTC 2024'
      machine: x86_64
      compiler: 'musl-gcc 13.2.1'
      uptime: 310
      totalram: 135065272320
      freeram: 124603387904
      sharedram: 55046144
      bufferram: 255754240
      totalswap: 0
      freeswap: 0
      pagesize: 4096
      cpus: 16
      cpus-online: 16
      ticks-per-second: 100

metrics:
    - stressor: cpu
      bogo-ops: 310270
      bogo-ops-per-second-usr-sys-time: 970.928291
      bogo-ops-per-second-real-time: 15513.430430
      wall-clock-time: 20.000090
      user-time: 319.534166
      system-time: 0.025994
      cpu-usage-per-instance: 99.862102
      max-rss: 3152

...
