---
system-info:
      stress-ng-version: 0.17.08
      run-by: root
      date-yyyy-mm-dd: 2024:06:21
      time-hh-mm-ss: 11:10:26
      epoch-secs: 1718968226
      hostname: 41f8b46ffc09
      sysname: Linux
      nodename: 41f8b46ffc09
      release: 6.8.0-1008-gcp
      version: '#9-Ubuntu SMP Wed May 22 18:09:04 UTC 2024'
      machine: x86_64
      compiler: 'musl-gcc 13.2.1'
      uptime: 144
      totalram: 67421851648
      freeram: 62155542528
      sharedram: 18321408
      bufferram: 134316032
      totalswap: 0
      freeswap: 0
      pagesize: 4096
      cpus: 16
      cpus-online: 16
      ticks-per-second: 100

metrics:
    - stressor: cpu
      bogo-ops: 431728
      bogo-ops-per-second-usr-sys-time: 1351.216601
      bogo-ops-per-second-real-time: 21586.323605
      wall-clock-time: 20.000071
      user-time: 319.483592
      system-time: 0.026988
      cpu-usage-per-instance: 99.846703
      max-rss: 1104

...
