---
system-info:
      stress-ng-version: 0.17.08
      run-by: root
      date-yyyy-mm-dd: 2024:08:30
      time-hh-mm-ss: 16:10:09
      epoch-secs: 1725034209
      hostname: sc-runner
      sysname: Linux
      nodename: sc-runner
      release: 6.8.0-1013-azure
      version: '#15-Ubuntu SMP Thu Aug  8 18:40:40 UTC 2024'
      machine: x86_64
      compiler: 'musl-gcc 13.2.1'
      uptime: 316
      totalram: 8321908736
      freeram: 263348224
      sharedram: 54894592
      bufferram: 196366336
      totalswap: 0
      freeswap: 0
      pagesize: 4096
      cpus: 4
      cpus-online: 4
      ticks-per-second: 100

metrics:
    - stressor: cpu
      bogo-ops: 77368
      bogo-ops-per-second-usr-sys-time: 973.019779
      bogo-ops-per-second-real-time: 3868.387434
      wall-clock-time: 20.000065
      user-time: 79.494304
      system-time: 0.018982
      cpu-usage-per-instance: 99.391285
      max-rss: 3124

...
