---
system-info:
      stress-ng-version: 0.17.08
      run-by: root
      date-yyyy-mm-dd: 2024:06:13
      time-hh-mm-ss: 18:43:02
      epoch-secs: 1718304182
      hostname: 260ddca3ea52
      sysname: Linux
      nodename: 260ddca3ea52
      release: 6.8.0-1008-aws
      version: '#8-Ubuntu SMP Sat Apr 20 00:46:25 UTC 2024'
      machine: x86_64
      compiler: 'musl-gcc 13.2.1'
      uptime: 118
      totalram: 133622251520
      freeram: 129111928832
      sharedram: 40841216
      bufferram: 106250240
      totalswap: 0
      freeswap: 0
      pagesize: 4096
      cpus: 16
      cpus-online: 16
      ticks-per-second: 100

metrics:
    - stressor: cpu
      bogo-ops: 270410
      bogo-ops-per-second-usr-sys-time: 846.072668
      bogo-ops-per-second-real-time: 13520.439388
      wall-clock-time: 20.000090
      user-time: 319.585122
      system-time: 0.020995
      cpu-usage-per-instance: 99.876464
      max-rss: 1048

...
