---
system-info:
      stress-ng-version: 0.17.08
      run-by: root
      date-yyyy-mm-dd: 2024:06:08
      time-hh-mm-ss: 05:19:25
      epoch-secs: 1717823965
      hostname: 656c3776fa60
      sysname: Linux
      nodename: 656c3776fa60
      release: 6.8.0-1008-aws
      version: '#8-Ubuntu SMP Sat Apr 20 00:46:25 UTC 2024'
      machine: x86_64
      compiler: 'musl-gcc 13.2.1'
      uptime: 119
      totalram: 133622263808
      freeram: 129167572992
      sharedram: 40841216
      bufferram: 96538624
      totalswap: 0
      freeswap: 0
      pagesize: 4096
      cpus: 16
      cpus-online: 16
      ticks-per-second: 100

metrics:
    - stressor: cpu
      bogo-ops: 159352
      bogo-ops-per-second-usr-sys-time: 997.631945
      bogo-ops-per-second-real-time: 15933.466093
      wall-clock-time: 10.001088
      user-time: 159.693270
      system-time: 0.036980
      cpu-usage-per-instance: 99.820544
      max-rss: 3792

...
