size_kb,operation,bandwidth_mb_s,latency_ns,latency_stddev_ns,latency_samples,threads,iterations,elapsed_s
32,read,97322.63,0,0,0,2,683060,0.438657
32,write,60127.35,0,0,0,2,358166,0.372299
32,copy,48620.07,0,0,0,2,286041,0.367699
32,latency,0,1.30,0.01,7,1,7,0.186990
128,read,96615.88,0,0,0,2,150060,0.388290
128,write,59315.45,0,0,0,2,104909,0.442166
128,copy,48620.35,0,0,0,2,90252,0.464065
128,latency,0,3.57,0.00,7,1,7,0.694127
1024,read,69211.08,0,0,0,2,21393,0.618196
1024,write,50980.18,0,0,0,2,13596,0.533384
1024,copy,14626.46,0,0,0,2,6336,0.866375
1024,latency,0,6.45,0.02,7,1,7,0.812565
2048,read,29607.47,0,0,0,2,5478,0.740084
2048,write,28758.54,0,0,0,2,2690,0.374150
2048,copy,14008.70,0,0,0,2,1535,0.438299
2048,latency,0,10.31,0.10,7,1,7,0.652126
4096,read,28052.01,0,0,0,2,1491,0.425210
4096,write,27970.48,0,0,0,2,1449,0.414437
4096,copy,13998.82,0,0,0,2,895,0.511472
4096,latency,0,22.70,0.12,7,1,7,0.690164
131072,read,24214.33,0,0,0,2,36,0.380601
131072,write,15453.35,0,0,0,2,23,0.381018
131072,copy,8528.60,0,0,0,2,17,0.510283
131072,latency,0,135.36,4.37,7,1,7,11.773234
262144,read,23428.22,0,0,0,2,18,0.393372
262144,write,14627.52,0,0,0,2,10,0.350025
262144,copy,8635.29,0,0,0,1,8,0.237166
262144,latency,0,140.54,1.90,7,1,7,24.245339
524288,read,20389.23,0,0,0,1,9,0.226002
524288,write,11628.91,0,0,0,1,5,0.220141
524288,copy,8634.98,0,0,0,1,4,0.237175
524288,latency,0,142.63,1.34,7,1,7,49.225122
