BaselineInfo:
  WebDBID: -1
  TimeStamp: 20241109005334
Version:
  Major: 11
  Minor: 0
  Build: 1002
  SpecialBuildName: ""
  ptArchitecture: aarch64_linux
Results:
  Results Complete: true
  NumTestProcesses: 64
  CPU_INTEGER_MATH: 305807.67366666661
  CPU_FLOATINGPOINT_MATH: 304086.28356315469
  CPU_PRIME: 329.84696027106378
  CPU_SORTING: 242440.25972654176
  CPU_ENCRYPTION: 8964.5665282298014
  CPU_COMPRESSION: 339120.41863173892
  CPU_SINGLETHREAD: 1570.1455578425494
  CPU_PHYSICS: 8548.0646404236631
  CPU_MATRIX_MULT_SSE: 52988.496719628369
  CPU_mm: 6943.343311350839
  CPU_sse: 44483.331615233736
  CPU_fma: 61493.661824022987
  CPU_avx: 0
  CPU_avx512: 0
  m_CPU_enc_SHA: 13572465782.51767
  m_CPU_enc_AES: 5237250235.0006151
  m_CPU_enc_ECDSA: 9390371918.1970024
  ME_ALLOC_S: 31581.653306659297
  ME_READ_S: 19730.409570312499
  ME_READ_L: 18980.16796875
  ME_WRITE: 19756.791015625
  ME_LARGE: 115824.33333333333
  ME_LATENCY: 50.260100574050512
  ME_THREADED: 286334.27978515625
  SUMM_CPU: 34730.941875144264
  SUMM_ME: 3132.0904859961652
SystemInformation:
  OSName: Ubuntu 24.04.1 LTS
  Kernel: 6.8.0-1016-aws
  Device: ""
  Processor: ARM Neoverse-V1 64 Core 0 MHz
  NumSockets: 1
  Manufacturer: ARM
  NumCores: 64
  NumLogicals: 64
  CPUFrequency: 0
  Memory: 128534
Checksum: ABFB2F701BA66BC2E185521EADDDE4B54B40D9DF