---
system-info:
      stress-ng-version: 0.17.08
      run-by: root
      date-yyyy-mm-dd: 2024:09:16
      time-hh-mm-ss: 20:59:58
      epoch-secs: 1726520398
      hostname: sc-runner
      sysname: Linux
      nodename: sc-runner
      release: 6.8.0-1014-azure
      version: '#16-Ubuntu SMP Thu Aug 15 20:04:41 UTC 2024'
      machine: x86_64
      compiler: 'musl-gcc 13.2.1'
      uptime: 368
      totalram: 135070519296
      freeram: 124874678272
      sharedram: 42049536
      bufferram: 242302976
      totalswap: 0
      freeswap: 0
      pagesize: 4096
      cpus: 4
      cpus-online: 4
      ticks-per-second: 100

metrics:
    - stressor: cpu
      bogo-ops: 24851
      bogo-ops-per-second-usr-sys-time: 1242.702666
      bogo-ops-per-second-real-time: 1242.544445
      wall-clock-time: 20.000089
      user-time: 19.995544
      system-time: 0.001999
      cpu-usage-per-instance: 99.987268
      max-rss: 3152

...
