BaselineInfo:
  WebDBID: -1
  TimeStamp: 20260621121652
Version:
  Major: 11
  Minor: 0
  Build: 1004
  SpecialBuildName: ""
  ptArchitecture: x86_64_linux
Results:
  Results Complete: true
  NumTestProcesses: 160
  CPU_INTEGER_MATH: 955136.63533333305
  CPU_FLOATINGPOINT_MATH: 557007.57784719032
  CPU_PRIME: 1288.7781823021999
  CPU_SORTING: 367100.62460813922
  CPU_ENCRYPTION: 178316.08667746588
  CPU_COMPRESSION: 2953736.4206302133
  CPU_SINGLETHREAD: 3778.974099190475
  CPU_PHYSICS: 22610.95274970818
  CPU_MATRIX_MULT_SSE: 195351.54902958023
  CPU_mm: 20411.399985628501
  CPU_sse: 78479.046700156483
  CPU_fma: 213854.97160734242
  CPU_avx: 207221.64438980681
  CPU_avx512: 281850.53342101478
  m_CPU_enc_SHA: 231145563176.3942
  m_CPU_enc_AES: 183932682435.50812
  m_CPU_enc_ECDSA: 145855661099.82904
  ME_ALLOC_S: 39904.176086701176
  ME_READ_S: 33913.512499999997
  ME_READ_L: 31130.818359375
  ME_WRITE: 30521.060546875
  ME_LARGE: 309374.41666666669
  ME_LATENCY: 79.394062978689021
  ME_THREADED: 596489.1767578125
  SUMM_CPU: 144985.35254152442
  SUMM_ME: 2976.8944682615816
SystemInformation:
  OSName: Ubuntu 24.04.4 LTS
  Kernel: 6.17.0-1018-azure
  Device: ""
  Processor: "AMD EPYC 9V45 96-Core Processor                "
  NumSockets: 1
  Manufacturer: AuthenticAMD
  NumCores: 80
  NumLogicals: 160
  CPUFrequency: 0
  CPUMaxFrequency: 0
  Memory: 322389
  CPUInfo:
    number: 1
    Family: 15
    Model: 2
    stepping: 1
    features: 395049983
    manufacture: AuthenticAMD
    typestring: "AMD EPYC 9V45 96-Core Processor                "
    iCoresPerPackage: 128
    iThreadsPerPackage: 2
    featuresEx:
      - 395049983
      - 4277809667
      - 802421759
    bHybrid: false
    nPCore: 0
    nLogicalsPerPCore: 0
    nECore: 0
    nLogicalsPerECore: 0
  MemModuleInfo:
    iNumMemSticks: 7
    DIMM 1:
      manufacturer: Microsoft Corporation
      modulePartNo: None
      memType: Unknown
      size: 1
      clkspeed: 0
      moduleVoltage: 0
    DIMM 2:
      manufacturer: Microsoft Corporation
      modulePartNo: None
      memType: Unknown
      size: 59
      clkspeed: 0
      moduleVoltage: 0
    DIMM 3:
      manufacturer: Microsoft Corporation
      modulePartNo: None
      memType: Unknown
      size: 4
      clkspeed: 0
      moduleVoltage: 0
    DIMM 4:
      manufacturer: Microsoft Corporation
      modulePartNo: None
      memType: Unknown
      size: 64
      clkspeed: 0
      moduleVoltage: 0
    DIMM 5:
      manufacturer: Microsoft Corporation
      modulePartNo: None
      memType: Unknown
      size: 64
      clkspeed: 0
      moduleVoltage: 0
    DIMM 6:
      manufacturer: Microsoft Corporation
      modulePartNo: None
      memType: Unknown
      size: 64
      clkspeed: 0
      moduleVoltage: 0
    DIMM 7:
      manufacturer: Microsoft Corporation
      modulePartNo: None
      memType: Unknown
      size: 64
      clkspeed: 0
      moduleVoltage: 0
Checksum: 061D31CADC3E6BAB792DE8714B63CDB8144FE136