---
system-info:
      stress-ng-version: 0.17.08
      run-by: root
      date-yyyy-mm-dd: 2024:06:09
      time-hh-mm-ss: 23:55:08
      epoch-secs: 1717977308
      hostname: 532907be2630
      sysname: Linux
      nodename: 532907be2630
      release: 6.8.0-1008-aws
      version: '#8-Ubuntu SMP Sat Apr 20 00:46:25 UTC 2024'
      machine: x86_64
      compiler: 'musl-gcc 13.2.1'
      uptime: 118
      totalram: 132919705600
      freeram: 128133173248
      sharedram: 113651712
      bufferram: 113221632
      totalswap: 0
      freeswap: 0
      pagesize: 4096
      cpus: 16
      cpus-online: 16
      ticks-per-second: 100

metrics:
    - stressor: cpu
      bogo-ops: 258520
      bogo-ops-per-second-usr-sys-time: 1617.374491
      bogo-ops-per-second-real-time: 25849.474867
      wall-clock-time: 10.000977
      user-time: 159.820307
      system-time: 0.018989
      cpu-usage-per-instance: 99.889802
      max-rss: 3920

...
