---
system-info:
      stress-ng-version: 0.17.08
      run-by: root
      date-yyyy-mm-dd: 2024:06:16
      time-hh-mm-ss: 04:23:30
      epoch-secs: 1718511810
      hostname: 2dd88403af78
      sysname: Linux
      nodename: 2dd88403af78
      release: 6.8.0-1008-aws
      version: '#8-Ubuntu SMP Sat Apr 20 00:46:25 UTC 2024'
      machine: x86_64
      compiler: 'musl-gcc 13.2.1'
      uptime: 131
      totalram: 132919709696
      freeram: 128356274176
      sharedram: 113651712
      bufferram: 108412928
      totalswap: 0
      freeswap: 0
      pagesize: 4096
      cpus: 16
      cpus-online: 16
      ticks-per-second: 100

metrics:
    - stressor: cpu
      bogo-ops: 320879
      bogo-ops-per-second-usr-sys-time: 1003.721994
      bogo-ops-per-second-real-time: 16043.885821
      wall-clock-time: 20.000080
      user-time: 319.667131
      system-time: 0.021988
      cpu-usage-per-instance: 99.902450
      max-rss: 1104

...
