---
system-info:
      stress-ng-version: 0.17.08
      run-by: root
      date-yyyy-mm-dd: 2024:06:16
      time-hh-mm-ss: 06:45:34
      epoch-secs: 1718520334
      hostname: 3c02996c6970
      sysname: Linux
      nodename: 3c02996c6970
      release: 6.8.0-1008-aws
      version: '#8-Ubuntu SMP Sat Apr 20 00:46:25 UTC 2024'
      machine: x86_64
      compiler: 'musl-gcc 13.2.1'
      uptime: 201
      totalram: 2059354112
      freeram: 183537664
      sharedram: 32751616
      bufferram: 98566144
      totalswap: 0
      freeswap: 0
      pagesize: 4096
      cpus: 1
      cpus-online: 1
      ticks-per-second: 100

metrics:
    - stressor: cpu
      bogo-ops: 14418
      bogo-ops-per-second-usr-sys-time: 735.213954
      bogo-ops-per-second-real-time: 720.894191
      wall-clock-time: 20.000161
      user-time: 19.605665
      system-time: 0.004953
      cpu-usage-per-instance: 98.052300
      max-rss: 1104

...
