---
system-info:
      stress-ng-version: 0.17.08
      run-by: root
      date-yyyy-mm-dd: 2024:06:10
      time-hh-mm-ss: 04:27:58
      epoch-secs: 1717993678
      hostname: 64aa083abe74
      sysname: Linux
      nodename: 64aa083abe74
      release: 6.8.0-1008-aws
      version: '#8-Ubuntu SMP Sat Apr 20 00:46:25 UTC 2024'
      machine: x86_64
      compiler: 'musl-gcc 13.2.1'
      uptime: 184
      totalram: 2059354112
      freeram: 114765824
      sharedram: 48488448
      bufferram: 103395328
      totalswap: 0
      freeswap: 0
      pagesize: 4096
      cpus: 1
      cpus-online: 1
      ticks-per-second: 100

metrics:
    - stressor: cpu
      bogo-ops: 11531
      bogo-ops-per-second-usr-sys-time: 1177.434390
      bogo-ops-per-second-real-time: 1152.870515
      wall-clock-time: 10.001991
      user-time: 9.791345
      system-time: 0.001982
      cpu-usage-per-instance: 97.913780
      max-rss: 4048

...
