---
system-info:
      stress-ng-version: 0.17.08
      run-by: root
      date-yyyy-mm-dd: 2024:09:16
      time-hh-mm-ss: 23:41:04
      epoch-secs: 1726530064
      hostname: sc-runner
      sysname: Linux
      nodename: sc-runner
      release: 6.8.0-1014-azure
      version: '#16-Ubuntu SMP Thu Aug 15 20:04:41 UTC 2024'
      machine: x86_64
      compiler: 'musl-gcc 13.2.1'
      uptime: 275
      totalram: 67413925888
      freeram: 56786505728
      sharedram: 55156736
      bufferram: 236331008
      totalswap: 0
      freeswap: 0
      pagesize: 4096
      cpus: 32
      cpus-online: 32
      ticks-per-second: 100

metrics:
    - stressor: cpu
      bogo-ops: 621401
      bogo-ops-per-second-usr-sys-time: 971.395666
      bogo-ops-per-second-real-time: 31069.949267
      wall-clock-time: 20.000065
      user-time: 639.577186
      system-time: 0.121983
      cpu-usage-per-instance: 99.952671
      max-rss: 3256

...
