BaselineInfo:
  WebDBID: -1
  TimeStamp: 20241125121202
Version:
  Major: 11
  Minor: 0
  Build: 1002
  SpecialBuildName: ""
  ptArchitecture: x86_64_linux
Results:
  Results Complete: true
  NumTestProcesses: 2
  CPU_INTEGER_MATH: 12021.578
  CPU_FLOATINGPOINT_MATH: 10592.295643090176
  CPU_PRIME: 39.207083566459929
  CPU_SORTING: 7617.4034127866053
  CPU_ENCRYPTION: 2600.4508228292425
  CPU_COMPRESSION: 50898.058884973376
  CPU_SINGLETHREAD: 2903.776913282562
  CPU_PHYSICS: 693.09468752395196
  CPU_MATRIX_MULT_SSE: 4704.3808177943847
  CPU_mm: 519.39354509914847
  CPU_sse: 2243.8893737497974
  CPU_fma: 6802.7572275917446
  CPU_avx: 5837.8071231053309
  CPU_avx512: 3933.0695467306659
  m_CPU_enc_SHA: 3598513929.8832235
  m_CPU_enc_AES: 2276378579.3470564
  m_CPU_enc_ECDSA: 2305418456.7667074
  ME_ALLOC_S: 2035.931736824472
  ME_READ_S: 27899.05078125
  ME_READ_L: 27576.00390625
  ME_WRITE: 26834.640625
  ME_LARGE: 1336
  ME_LATENCY: 76.220954452626643
  ME_THREADED: 37008.548828125
  SUMM_CPU: 5382.7127441673356
  SUMM_ME: 1563.7541750283315
SystemInformation:
  OSName: Ubuntu 24.04.1 LTS
  Kernel: 6.8.0-1017-azure
  Device: ""
  Processor: AMD EPYC 9V74 80-Core Processor
  NumSockets: 1
  Manufacturer: AuthenticAMD
  NumCores: 2
  NumLogicals: 2
  CPUFrequency: 0
  Memory: 7938
  MemModuleInfo:
    iNumMemSticks: 2
    DIMM 1:
      manufacturer: Microsoft Corporation
      modulePartNo: None
      memType: Unknown
      size: 1
      clkspeed: 0
      moduleVoltage: 0
    DIMM 2:
      manufacturer: Microsoft Corporation
      modulePartNo: None
      memType: Unknown
      size: 7
      clkspeed: 0
      moduleVoltage: 0
Checksum: 4EA256F4935D3A4D8EB0749EE44C55591A3F43CA