---
system-info:
      stress-ng-version: 0.17.08
      run-by: root
      date-yyyy-mm-dd: 2024:06:08
      time-hh-mm-ss: 10:56:07
      epoch-secs: 1717844167
      hostname: e38c5ae867ba
      sysname: Linux
      nodename: e38c5ae867ba
      release: 6.8.0-1008-aws
      version: '#8-Ubuntu SMP Sat Apr 20 00:46:25 UTC 2024'
      machine: x86_64
      compiler: 'musl-gcc 13.2.1'
      uptime: 170
      totalram: 199527870464
      freeram: 194351611904
      sharedram: 28590080
      bufferram: 100728832
      totalswap: 0
      freeswap: 0
      pagesize: 4096
      cpus: 48
      cpus-online: 48
      ticks-per-second: 100

metrics:
    - stressor: cpu
      bogo-ops: 9890
      bogo-ops-per-second-usr-sys-time: 988.753405
      bogo-ops-per-second-real-time: 988.697849
      wall-clock-time: 10.003056
      user-time: 10.000495
      system-time: 0.001999
      cpu-usage-per-instance: 99.994381
      max-rss: 3840

...
