---
system-info:
      stress-ng-version: 0.17.08
      run-by: root
      date-yyyy-mm-dd: 2024:06:14
      time-hh-mm-ss: 17:23:32
      epoch-secs: 1718385812
      hostname: a48a0909f297
      sysname: Linux
      nodename: a48a0909f297
      release: 6.8.0-1008-aws
      version: '#8-Ubuntu SMP Sat Apr 20 00:46:25 UTC 2024'
      machine: x86_64
      compiler: 'musl-gcc 13.2.1'
      uptime: 215
      totalram: 199527886848
      freeram: 194443911168
      sharedram: 28590080
      bufferram: 109621248
      totalswap: 0
      freeswap: 0
      pagesize: 4096
      cpus: 48
      cpus-online: 48
      ticks-per-second: 100

metrics:
    - stressor: cpu
      bogo-ops: 11829
      bogo-ops-per-second-usr-sys-time: 591.467478
      bogo-ops-per-second-real-time: 591.446038
      wall-clock-time: 20.000134
      user-time: 19.998410
      system-time: 0.000999
      cpu-usage-per-instance: 99.996375
      max-rss: 1152

...
