BaselineInfo:
  WebDBID: -1
  TimeStamp: 20241115165509
Version:
  Major: 11
  Minor: 0
  Build: 1002
  SpecialBuildName: ""
  ptArchitecture: x86_64_linux
Results:
  Results Complete: true
  NumTestProcesses: 4
  CPU_INTEGER_MATH: 13466.641
  CPU_FLOATINGPOINT_MATH: 8038.327796616546
  CPU_PRIME: 34.864015661319755
  CPU_SORTING: 8730.8899500825064
  CPU_ENCRYPTION: 4268.8742758311255
  CPU_COMPRESSION: 61637.657719025403
  CPU_SINGLETHREAD: 2133.4070905095246
  CPU_PHYSICS: 602.87896297324005
  CPU_MATRIX_MULT_SSE: 3575.0477598710827
  CPU_mm: 403.20978160870902
  CPU_sse: 1665.5114387336766
  CPU_fma: 5391.4570138943855
  CPU_avx: 3668.1748269851869
  CPU_avx512: 0
  m_CPU_enc_SHA: 6037798826.4663296
  m_CPU_enc_AES: 4134197918.4421444
  m_CPU_enc_ECDSA: 3256720593.0532188
  ME_ALLOC_S: 1464.0256420369112
  ME_READ_S: 24558.739453124999
  ME_READ_L: 12307.8720703125
  ME_WRITE: 12703.0810546875
  ME_LARGE: 678
  ME_LATENCY: 50.916373171338002
  ME_THREADED: 34566.21875
  SUMM_CPU: 5637.4127833079629
  SUMM_ME: 1136.9788175623407
SystemInformation:
  OSName: Ubuntu 24.04.1 LTS
  Kernel: 6.8.0-1018-aws
  Device: ""
  Processor: AMD EPYC 7R32
  NumSockets: 1
  Manufacturer: AuthenticAMD
  NumCores: 2
  NumLogicals: 4
  CPUFrequency: 0
  Memory: 7820
  MemModuleInfo:
    iNumMemSticks: 1
    DIMM 1:
      manufacturer: Not Specified
      modulePartNo: Not Specified
      memType: DDR4
      size: 8
      clkspeed: 1466
      moduleVoltage: 0
Checksum: FDA49C072317B90A1244A96AE75B1577C3A85B4A