BaselineInfo:
  WebDBID: -1
  TimeStamp: 20241107054656
Version:
  Major: 11
  Minor: 0
  Build: 1002
  SpecialBuildName: ""
  ptArchitecture: x86_64_linux
Results:
  Results Complete: true
  NumTestProcesses: 4
  CPU_INTEGER_MATH: 13476.462666666666
  CPU_FLOATINGPOINT_MATH: 8046.6680638114358
  CPU_PRIME: 34.160021720002241
  CPU_SORTING: 8778.7234490331484
  CPU_ENCRYPTION: 4274.8906881934581
  CPU_COMPRESSION: 61547.082489008739
  CPU_SINGLETHREAD: 2131.2626264622972
  CPU_PHYSICS: 600.70461917154148
  CPU_MATRIX_MULT_SSE: 3617.8201522909194
  CPU_mm: 403.52443634923509
  CPU_sse: 1666.5284001226396
  CPU_fma: 5401.9961175071376
  CPU_avx: 3784.9359392429806
  CPU_avx512: 0
  m_CPU_enc_SHA: 6032161919.9772053
  m_CPU_enc_AES: 4131892861.497921
  m_CPU_enc_ECDSA: 3283588553.3143044
  ME_ALLOC_S: 1442.2918150114097
  ME_READ_S: 24570.410351562499
  ME_READ_L: 12924.046875
  ME_WRITE: 13131.2470703125
  ME_LARGE: 635.75
  ME_LATENCY: 49.333433070307329
  ME_THREADED: 34419.2578125
  SUMM_CPU: 5646.1016704003869
  SUMM_ME: 1107.8933148738477
SystemInformation:
  OSName: Ubuntu 24.04.1 LTS
  Kernel: 6.8.0-1016-aws
  Device: ""
  Processor: AMD EPYC 7R32
  NumSockets: 1
  Manufacturer: AuthenticAMD
  NumCores: 2
  NumLogicals: 4
  CPUFrequency: 0
  Memory: 7820
  MemModuleInfo:
    iNumMemSticks: 1
    DIMM 1:
      manufacturer: Not Specified
      modulePartNo: Not Specified
      memType: DDR4
      size: 8
      clkspeed: 1466
      moduleVoltage: 0
Checksum: 328FFCB1E5F1E8A9D82C5FD14D04EC328C72F9DC