BaselineInfo:
  WebDBID: -1
  TimeStamp: 20241115033754
Version:
  Major: 11
  Minor: 0
  Build: 1002
  SpecialBuildName: ""
  ptArchitecture: x86_64_linux
Results:
  Results Complete: true
  NumTestProcesses: 4
  CPU_INTEGER_MATH: 13282.088333333333
  CPU_FLOATINGPOINT_MATH: 7932.3273914324454
  CPU_PRIME: 29.698902346451682
  CPU_SORTING: 8658.5193115469519
  CPU_ENCRYPTION: 4204.6553570141687
  CPU_COMPRESSION: 59744.694167368842
  CPU_SINGLETHREAD: 2103.7272965149791
  CPU_PHYSICS: 570.30118176779899
  CPU_MATRIX_MULT_SSE: 3516.1904369774129
  CPU_mm: 396.44747462620285
  CPU_sse: 1598.0168747836665
  CPU_fma: 5247.8398065674792
  CPU_avx: 3702.7146295810944
  CPU_avx512: 0
  m_CPU_enc_SHA: 5941689573.6594324
  m_CPU_enc_AES: 4064725145.27245
  m_CPU_enc_ECDSA: 3220287367.9775858
  ME_ALLOC_S: 1429.0352926607663
  ME_READ_S: 24202.927929687499
  ME_READ_L: 12671.7587890625
  ME_WRITE: 13055.865234375
  ME_LARGE: 690.83333333333337
  ME_LATENCY: 53.503769277001375
  ME_THREADED: 32051.921875
  SUMM_CPU: 5503.7918500587493
  SUMM_ME: 1136.4584734011039
SystemInformation:
  OSName: Ubuntu 24.04.1 LTS
  Kernel: 6.8.0-1018-aws
  Device: ""
  Processor: AMD EPYC 7R32
  NumSockets: 1
  Manufacturer: AuthenticAMD
  NumCores: 2
  NumLogicals: 4
  CPUFrequency: 0
  Memory: 7820
  MemModuleInfo:
    iNumMemSticks: 1
    DIMM 1:
      manufacturer: Not Specified
      modulePartNo: Not Specified
      memType: DDR4
      size: 8
      clkspeed: 1466
      moduleVoltage: 0
Checksum: 6CB86BA5A08407BEE3C58203351581B766B3667C