size_kb,operation,bandwidth_mb_s,latency_ns,latency_stddev_ns,latency_samples,threads,iterations,elapsed_s
16,read,137106.91,0,0,0,4,428816,0.195475
16,write,92035.04,0,0,0,4,386996,0.262805
16,copy,58780.13,0,0,0,4,227894,0.242316
16,latency,0,1.44,0.02,7,1,7,0.105517
64,read,123460.72,0,0,0,4,153562,0.310953
64,write,73723.82,0,0,0,4,111756,0.378968
64,copy,58465.89,0,0,0,4,83444,0.356806
64,latency,0,3.96,0.02,7,1,7,0.642730
512,read,95159.39,0,0,0,4,19176,0.403029
512,write,68620.76,0,0,0,4,16136,0.470295
512,copy,24265.00,0,0,0,4,7005,0.577375
512,latency,0,7.16,0.03,7,1,7,0.692527
1024,read,47873.84,0,0,0,4,6551,0.547355
1024,write,48350.71,0,0,0,4,5879,0.486363
1024,copy,23724.62,0,0,0,4,2288,0.385760
1024,latency,0,10.41,0.08,7,1,7,0.693775
2048,read,47580.95,0,0,0,4,1987,0.334083
2048,write,46708.27,0,0,0,4,1484,0.254173
2048,copy,22701.38,0,0,0,4,916,0.322800
2048,latency,0,19.17,0.94,10,1,10,0.952926
8192,read,30892.77,0,0,0,4,298,0.308681
8192,write,24108.26,0,0,0,4,306,0.406168
8192,copy,11943.45,0,0,0,4,167,0.447442
8192,latency,0,85.07,0.68,7,1,7,0.788893
16384,read,24884.86,0,0,0,4,167,0.429498
16384,write,20578.15,0,0,0,4,135,0.419863
16384,copy,11524.40,0,0,0,4,82,0.455381
16384,latency,0,92.63,1.20,7,1,7,1.053407
32768,read,24294.72,0,0,0,4,81,0.426759
32768,write,20466.97,0,0,0,4,69,0.431525
32768,copy,11421.99,0,0,0,4,40,0.448258
32768,latency,0,94.49,0.63,7,1,7,2.142511
65536,read,24797.84,0,0,0,4,42,0.433586
65536,write,20711.23,0,0,0,4,31,0.383174
65536,copy,11355.08,0,0,0,4,20,0.450900
65536,latency,0,96.03,0.65,7,1,7,4.420714
131072,read,24394.91,0,0,0,4,22,0.461736
131072,write,20584.80,0,0,0,4,19,0.472582
131072,copy,11469.67,0,0,0,4,10,0.446395
131072,latency,0,98.30,0.40,7,1,7,9.057207
