---
system-info:
      stress-ng-version: 0.17.08
      run-by: root
      date-yyyy-mm-dd: 2024:06:15
      time-hh-mm-ss: 23:21:27
      epoch-secs: 1718493687
      hostname: 6894f72a3207
      sysname: Linux
      nodename: 6894f72a3207
      release: 6.8.0-1008-aws
      version: '#8-Ubuntu SMP Sat Apr 20 00:46:25 UTC 2024'
      machine: x86_64
      compiler: 'musl-gcc 13.2.1'
      uptime: 136
      totalram: 16379731968
      freeram: 12061593600
      sharedram: 11788288
      bufferram: 110264320
      totalswap: 0
      freeswap: 0
      pagesize: 4096
      cpus: 2
      cpus-online: 2
      ticks-per-second: 100

metrics:
    - stressor: cpu
      bogo-ops: 61501
      bogo-ops-per-second-usr-sys-time: 3075.514556
      bogo-ops-per-second-real-time: 3075.040469
      wall-clock-time: 20.000062
      user-time: 19.996979
      system-time: 0.000000
      cpu-usage-per-instance: 99.984585
      max-rss: 1104

...
