---
system-info:
      stress-ng-version: 0.17.08
      run-by: root
      date-yyyy-mm-dd: 2024:06:09
      time-hh-mm-ss: 20:55:07
      epoch-secs: 1717966507
      hostname: e5ee3918fe8c
      sysname: Linux
      nodename: e5ee3918fe8c
      release: 6.8.0-1008-aws
      version: '#8-Ubuntu SMP Sat Apr 20 00:46:25 UTC 2024'
      machine: x86_64
      compiler: 'musl-gcc 13.2.1'
      uptime: 117
      totalram: 16379740160
      freeram: 11940024320
      sharedram: 11788288
      bufferram: 113229824
      totalswap: 0
      freeswap: 0
      pagesize: 4096
      cpus: 2
      cpus-online: 2
      ticks-per-second: 100

metrics:
    - stressor: cpu
      bogo-ops: 17877
      bogo-ops-per-second-usr-sys-time: 1787.868775
      bogo-ops-per-second-real-time: 1787.536602
      wall-clock-time: 10.000914
      user-time: 9.999056
      system-time: 0.000000
      cpu-usage-per-instance: 99.981421
      max-rss: 3792

...
