BaselineInfo:
  WebDBID: -1
  TimeStamp: 20260620005508
Version:
  Major: 11
  Minor: 0
  Build: 1004
  SpecialBuildName: ""
  ptArchitecture: x86_64_linux
Results:
  Results Complete: true
  NumTestProcesses: 16
  CPU_INTEGER_MATH: 121947.84866666666
  CPU_FLOATINGPOINT_MATH: 120480.91396933176
  CPU_PRIME: 419.90954469374623
  CPU_SORTING: 67528.680836239466
  CPU_ENCRYPTION: 24999.665479637202
  CPU_COMPRESSION: 498047.71925048297
  CPU_SINGLETHREAD: 3837.1911765758182
  CPU_PHYSICS: 5697.7520068446811
  CPU_MATRIX_MULT_SSE: 45365.62381266892
  CPU_mm: 5355.6657836277964
  CPU_sse: 16365.764148887169
  CPU_fma: 62638.947426601691
  CPU_avx: 33108.494689925756
  CPU_avx512: 69349.288985261053
  m_CPU_enc_SHA: 35091023716.472588
  m_CPU_enc_AES: 22070376126.362026
  m_CPU_enc_ECDSA: 21480747847.093571
  ME_ALLOC_S: 19078.229624087653
  ME_READ_S: 34064.425000000003
  ME_READ_L: 30708.375
  ME_WRITE: 30549.5703125
  ME_LARGE: 55689.666666666664
  ME_LATENCY: 79.566124183323168
  ME_THREADED: 118898.54638671875
  SUMM_CPU: 45488.095109410235
  SUMM_ME: 2853.2707475565594
SystemInformation:
  OSName: Ubuntu 24.04.4 LTS
  Kernel: 6.17.0-1018-azure
  Device: ""
  Processor: "AMD EPYC 9V45 96-Core Processor                "
  NumSockets: 1
  Manufacturer: AuthenticAMD
  NumCores: 16
  NumLogicals: 16
  CPUFrequency: 0
  CPUMaxFrequency: 0
  Memory: 64297
  CPUInfo:
    number: 1
    Family: 15
    Model: 2
    stepping: 1
    features: 395049983
    manufacture: AuthenticAMD
    typestring: "AMD EPYC 9V45 96-Core Processor                "
    iCoresPerPackage: 16
    iThreadsPerPackage: 1
    featuresEx:
      - 395049983
      - 4277809667
      - 802421759
    bHybrid: false
    nPCore: 0
    nLogicalsPerPCore: 0
    nECore: 0
    nLogicalsPerECore: 0
  MemModuleInfo:
    iNumMemSticks: 3
    DIMM 1:
      manufacturer: Microsoft Corporation
      modulePartNo: None
      memType: Unknown
      size: 1
      clkspeed: 0
      moduleVoltage: 0
    DIMM 2:
      manufacturer: Microsoft Corporation
      modulePartNo: None
      memType: Unknown
      size: 59
      clkspeed: 0
      moduleVoltage: 0
    DIMM 3:
      manufacturer: Microsoft Corporation
      modulePartNo: None
      memType: Unknown
      size: 4
      clkspeed: 0
      moduleVoltage: 0
Checksum: 750197D5B70D6F3AA420F9DE9C74E8682158B6BC