BaselineInfo:
  WebDBID: -1
  TimeStamp: 20250527094213
Version:
  Major: 11
  Minor: 0
  Build: 1002
  SpecialBuildName: ""
  ptArchitecture: x86_64_linux
Results:
  Results Complete: true
  NumTestProcesses: 64
  CPU_INTEGER_MATH: 340431.24966666673
  CPU_FLOATINGPOINT_MATH: 241179.03066939826
  CPU_PRIME: 685.96446375906385
  CPU_SORTING: 167727.53400793148
  CPU_ENCRYPTION: 75266.353012948763
  CPU_COMPRESSION: 1214292.4876289673
  CPU_SINGLETHREAD: 3253.5014989760989
  CPU_PHYSICS: 15744.072858194895
  CPU_MATRIX_MULT_SSE: 100511.27816236063
  CPU_mm: 9633.5146618534654
  CPU_sse: 41677.215680908965
  CPU_fma: 108659.27377855469
  CPU_avx: 84874.082755812924
  CPU_avx512: 166834.54043416597
  m_CPU_enc_SHA: 79226585665.205719
  m_CPU_enc_AES: 103206948937.78346
  m_CPU_enc_ECDSA: 54333939527.728142
  ME_ALLOC_S: 37737.47290014146
  ME_READ_S: 29086.361523437499
  ME_READ_L: 10702.8330078125
  ME_WRITE: 10059.6923828125
  ME_LARGE: 1342583.75
  ME_LATENCY: 58.556351469018466
  ME_THREADED: 479796.8818359375
  SUMM_CPU: 85780.364066327136
  SUMM_ME: 2717.2975835353536
SystemInformation:
  OSName: Ubuntu 24.04.2 LTS
  Kernel: 6.11.0-1015-azure
  Device: ""
  Processor: INTEL XEON PLATINUM 8573C
  NumSockets: 2
  Manufacturer: GenuineIntel
  NumCores: 32
  NumLogicals: 64
  CPUFrequency: 2300
  Memory: 1354618
  MemModuleInfo:
    iNumMemSticks: 4
    DIMM 1:
      manufacturer: Microsoft Corporation
      modulePartNo: None
      memType: Unknown
      size: 1
      clkspeed: 0
      moduleVoltage: 0
    DIMM 2:
      manufacturer: Microsoft Corporation
      modulePartNo: None
      memType: Unknown
      size: 59
      clkspeed: 0
      moduleVoltage: 0
    DIMM 3:
      manufacturer: Microsoft Corporation
      modulePartNo: None
      memType: Unknown
      size: 612
      clkspeed: 0
      moduleVoltage: 0
    DIMM 4:
      manufacturer: Microsoft Corporation
      modulePartNo: None
      memType: Unknown
      size: 672
      clkspeed: 0
      moduleVoltage: 0
Checksum: EA98A5DB6FB66979B2EBC24A24D6F4DAB36DD4FD