---
system-info:
      stress-ng-version: 0.17.08
      run-by: root
      date-yyyy-mm-dd: 2024:06:21
      time-hh-mm-ss: 04:42:04
      epoch-secs: 1718944924
      hostname: a7f82095eeac
      sysname: Linux
      nodename: a7f82095eeac
      release: 6.8.0-1008-gcp
      version: '#9-Ubuntu SMP Wed May 22 18:09:04 UTC 2024'
      machine: x86_64
      compiler: 'musl-gcc 13.2.1'
      uptime: 196
      totalram: 15710400512
      freeram: 10701344768
      sharedram: 48607232
      bufferram: 135827456
      totalswap: 0
      freeswap: 0
      pagesize: 4096
      cpus: 4
      cpus-online: 4
      ticks-per-second: 100

metrics:
    - stressor: cpu
      bogo-ops: 22177
      bogo-ops-per-second-usr-sys-time: 1109.016685
      bogo-ops-per-second-real-time: 1108.838566
      wall-clock-time: 20.000206
      user-time: 19.995995
      system-time: 0.000999
      cpu-usage-per-instance: 99.983939
      max-rss: 1104

...
