---
system-info:
      stress-ng-version: 0.17.08
      run-by: root
      date-yyyy-mm-dd: 2024:07:26
      time-hh-mm-ss: 08:45:07
      epoch-secs: 1721983507
      hostname: a3-highgpu-8g-8308fd7
      sysname: Linux
      nodename: a3-highgpu-8g-8308fd7
      release: 6.8.0-1010-gcp
      version: '#11-Ubuntu SMP Fri Jun 14 16:56:45 UTC 2024'
      machine: x86_64
      compiler: 'musl-gcc 13.2.1'
      uptime: 205
      totalram: 1978434248704
      freeram: 1968346443776
      sharedram: 222740480
      bufferram: 130998272
      totalswap: 0
      freeswap: 0
      pagesize: 4096
      cpus: 208
      cpus-online: 208
      ticks-per-second: 100

metrics:
    - stressor: cpu
      bogo-ops: 40953
      bogo-ops-per-second-usr-sys-time: 2047.704878
      bogo-ops-per-second-real-time: 2047.642067
      wall-clock-time: 20.000077
      user-time: 19.999464
      system-time: 0.000000
      cpu-usage-per-instance: 99.996933
      max-rss: 0

...
