---
system-info:
      stress-ng-version: 0.17.08
      run-by: root
      date-yyyy-mm-dd: 2024:06:14
      time-hh-mm-ss: 22:55:05
      epoch-secs: 1718405705
      hostname: 8497d58c1cf3
      sysname: Linux
      nodename: 8497d58c1cf3
      release: 6.8.0-1008-aws
      version: '#8-Ubuntu SMP Sat Apr 20 00:46:25 UTC 2024'
      machine: x86_64
      compiler: 'musl-gcc 13.2.1'
      uptime: 138
      totalram: 265977036800
      freeram: 261231001600
      sharedram: 60436480
      bufferram: 108199936
      totalswap: 0
      freeswap: 0
      pagesize: 4096
      cpus: 64
      cpus-online: 64
      ticks-per-second: 100

metrics:
    - stressor: cpu
      bogo-ops: 1235722
      bogo-ops-per-second-usr-sys-time: 965.675233
      bogo-ops-per-second-real-time: 61785.835488
      wall-clock-time: 20.000086
      user-time: 1279.618561
      system-time: 0.026974
      cpu-usage-per-instance: 99.971879
      max-rss: 512

...
