---
system-info:
      stress-ng-version: 0.17.08
      run-by: root
      date-yyyy-mm-dd: 2024:06:08
      time-hh-mm-ss: 16:44:29
      epoch-secs: 1717865069
      hostname: d6a15e384eb4
      sysname: Linux
      nodename: d6a15e384eb4
      release: 6.8.0-1008-aws
      version: '#8-Ubuntu SMP Sat Apr 20 00:46:25 UTC 2024'
      machine: x86_64
      compiler: 'musl-gcc 13.2.1'
      uptime: 132
      totalram: 265977008128
      freeram: 261102395392
      sharedram: 60436480
      bufferram: 103104512
      totalswap: 0
      freeswap: 0
      pagesize: 4096
      cpus: 64
      cpus-online: 64
      ticks-per-second: 100

metrics:
    - stressor: cpu
      bogo-ops: 750781
      bogo-ops-per-second-usr-sys-time: 1173.590555
      bogo-ops-per-second-real-time: 75064.183921
      wall-clock-time: 10.001854
      user-time: 639.651955
      system-time: 0.077972
      cpu-usage-per-instance: 99.939273
      max-rss: 3584

...
