---
system-info:
      stress-ng-version: 0.17.08
      run-by: root
      date-yyyy-mm-dd: 2024:09:16
      time-hh-mm-ss: 14:36:22
      epoch-secs: 1726497382
      hostname: sc-runner
      sysname: Linux
      nodename: sc-runner
      release: 6.8.0-1014-azure
      version: '#16-Ubuntu SMP Thu Aug 15 20:04:41 UTC 2024'
      machine: x86_64
      compiler: 'musl-gcc 13.2.1'
      uptime: 315
      totalram: 67424825344
      freeram: 57343905792
      sharedram: 42033152
      bufferram: 227557376
      totalswap: 0
      freeswap: 0
      pagesize: 4096
      cpus: 4
      cpus-online: 4
      ticks-per-second: 100

metrics:
    - stressor: cpu
      bogo-ops: 73839
      bogo-ops-per-second-usr-sys-time: 929.926507
      bogo-ops-per-second-real-time: 3691.929678
      wall-clock-time: 20.000110
      user-time: 79.387059
      system-time: 0.015990
      cpu-usage-per-instance: 99.253265
      max-rss: 3152

...
