---
system-info:
      stress-ng-version: 0.17.08
      run-by: root
      date-yyyy-mm-dd: 2024:06:07
      time-hh-mm-ss: 13:32:31
      epoch-secs: 1717767151
      hostname: ca15b8cf3bf0
      sysname: Linux
      nodename: ca15b8cf3bf0
      release: 6.8.0-1008-aws
      version: '#8-Ubuntu SMP Sat Apr 20 02:43:14 UTC 2024'
      machine: aarch64
      compiler: 'musl-gcc 13.2.1'
      uptime: 126
      totalram: 66596831232
      freeram: 62301839360
      sharedram: 35028992
      bufferram: 89903104
      totalswap: 0
      freeswap: 0
      pagesize: 4096
      cpus: 8
      cpus-online: 8
      ticks-per-second: 100

metrics:
    - stressor: cpu
      bogo-ops: 23499
      bogo-ops-per-second-usr-sys-time: 293.224837
      bogo-ops-per-second-real-time: 2339.659787
      wall-clock-time: 10.043768
      user-time: 80.130879
      system-time: 0.008990
      cpu-usage-per-instance: 99.738302
      max-rss: 4136

...
