---
system-info:
      stress-ng-version: 0.17.08
      run-by: root
      date-yyyy-mm-dd: 2024:06:16
      time-hh-mm-ss: 08:56:13
      epoch-secs: 1718528173
      hostname: 358516b6a6a5
      sysname: Linux
      nodename: 358516b6a6a5
      release: 6.8.0-1008-aws
      version: '#8-Ubuntu SMP Sat Apr 20 02:43:14 UTC 2024'
      machine: aarch64
      compiler: 'musl-gcc 13.2.1'
      uptime: 126
      totalram: 66596839424
      freeram: 62244765696
      sharedram: 35028992
      bufferram: 109031424
      totalswap: 0
      freeswap: 0
      pagesize: 4096
      cpus: 8
      cpus-online: 8
      ticks-per-second: 100

metrics:
    - stressor: cpu
      bogo-ops: 242680
      bogo-ops-per-second-usr-sys-time: 1519.992467
      bogo-ops-per-second-real-time: 12133.956732
      wall-clock-time: 20.000071
      user-time: 159.645695
      system-time: 0.012991
      cpu-usage-per-instance: 99.786323
      max-rss: 1192

...
