BaselineInfo:
  WebDBID: -1
  TimeStamp: 20260617145255
Version:
  Major: 11
  Minor: 0
  Build: 1004
  SpecialBuildName: ""
  ptArchitecture: x86_64_linux
Results:
  Results Complete: true
  NumTestProcesses: 8
  CPU_INTEGER_MATH: 37829.462666666666
  CPU_FLOATINGPOINT_MATH: 21158.585982097429
  CPU_PRIME: 91.361977924815776
  CPU_SORTING: 22981.53046656703
  CPU_ENCRYPTION: 9577.6981045232133
  CPU_COMPRESSION: 156472.71244374072
  CPU_SINGLETHREAD: 2865.3246320609496
  CPU_PHYSICS: 1544.6325526778517
  CPU_MATRIX_MULT_SSE: 10808.630108209551
  CPU_mm: 1012.8686206345275
  CPU_sse: 4457.4010111584257
  CPU_fma: 13973.916540905206
  CPU_avx: 11521.784100417699
  CPU_avx512: 13281.41878035688
  m_CPU_enc_SHA: 13406079697.566317
  m_CPU_enc_AES: 9098617372.5812073
  m_CPU_enc_ECDSA: 7624136032.7980776
  ME_ALLOC_S: 4028.5368075421165
  ME_READ_S: 27418.1865234375
  ME_READ_L: 26339.384765625
  ME_WRITE: 26106.6015625
  ME_LARGE: 6907.75
  ME_LATENCY: 70.34084982266414
  ME_THREADED: 37187.5458984375
  SUMM_CPU: 14407.1838214944
  SUMM_ME: 2400.1306831442043
SystemInformation:
  OSName: Ubuntu 24.04.4 LTS
  Kernel: 6.8.0-117-generic
  Device: ""
  Processor: "AMD EPYC 9T24 96-Core Processor                "
  NumSockets: 1
  Manufacturer: AuthenticAMD
  NumCores: 4
  NumLogicals: 8
  CPUFrequency: 0
  CPUMaxFrequency: 0
  Memory: 15069
  CPUInfo:
    number: 1
    Family: 15
    Model: 1
    stepping: 1
    features: 395049983
    manufacture: AuthenticAMD
    typestring: "AMD EPYC 9T24 96-Core Processor                "
    iCoresPerPackage: 4
    iThreadsPerPackage: 2
    featuresEx:
      - 395049983
      - 4277809667
      - 802421759
    bHybrid: false
    nPCore: 0
    nLogicalsPerPCore: 0
    nECore: 0
    nLogicalsPerECore: 0
  MemModuleInfo:
    iNumMemSticks: 1
    DIMM 1:
      manufacturer: Alibaba Cloud
      modulePartNo: Not Specified
      memType: RAM
      size: 16
      clkspeed: 0
      moduleVoltage: 0
Checksum: A9B9FC1409AAA5BCC138A30174681B2E8ED21A79