BaselineInfo:
  WebDBID: -1
  TimeStamp: 20241108174812
Version:
  Major: 11
  Minor: 0
  Build: 1002
  SpecialBuildName: ""
  ptArchitecture: aarch64_linux
Results:
  Results Complete: true
  NumTestProcesses: 32
  CPU_INTEGER_MATH: 148725.12
  CPU_FLOATINGPOINT_MATH: 113306.8005137008
  CPU_PRIME: 178.74436815856166
  CPU_SORTING: 105889.29461393142
  CPU_ENCRYPTION: 5135.9456363064655
  CPU_COMPRESSION: 179426.20753131184
  CPU_SINGLETHREAD: 1333.9803561617321
  CPU_PHYSICS: 2983.8347851471972
  CPU_MATRIX_MULT_SSE: 23526.236955547702
  CPU_mm: 3937.955709641737
  CPU_sse: 19691.205577260742
  CPU_fma: 27361.268333834651
  CPU_avx: 0
  CPU_avx512: 0
  m_CPU_enc_SHA: 7647374208.697093
  m_CPU_enc_AES: 3555269726.5212555
  m_CPU_enc_ECDSA: 4953644059.3887186
  ME_ALLOC_S: 21161.562477190331
  ME_READ_S: 11378.330078125
  ME_READ_L: 8998.779296875
  ME_WRITE: 15047.4443359375
  ME_LARGE: 196950.75
  ME_LATENCY: 71.823051257823991
  ME_THREADED: 162076.3154296875
  SUMM_CPU: 20352.307860645593
  SUMM_ME: 1958.4629279656765
SystemInformation:
  OSName: Ubuntu 24.04.1 LTS
  Kernel: 6.8.0-1017-azure
  Device: ""
  Processor: ARM Neoverse-N1 32 Core 0 MHz
  NumSockets: 1
  Manufacturer: ARM
  NumCores: 32
  NumLogicals: 32
  CPUFrequency: 0
  Memory: 208936
Checksum: C6E116E27E6967F6F1334F1AD5573A4E7FD8B3CF