BaselineInfo:
  WebDBID: -1
  TimeStamp: 20260613055505
Version:
  Major: 11
  Minor: 0
  Build: 1004
  SpecialBuildName: ""
  ptArchitecture: x86_64_linux
Results:
  Results Complete: true
  NumTestProcesses: 48
  CPU_INTEGER_MATH: 314008.3629999999
  CPU_FLOATINGPOINT_MATH: 191381.19366845005
  CPU_PRIME: 741.91961270708657
  CPU_SORTING: 147925.66286345891
  CPU_ENCRYPTION: 63014.459215136019
  CPU_COMPRESSION: 1158437.1199027188
  CPU_SINGLETHREAD: 3703.9481021325469
  CPU_PHYSICS: 12142.67579460448
  CPU_MATRIX_MULT_SSE: 90450.675924077776
  CPU_mm: 8690.7155944410169
  CPU_sse: 32495.908047667908
  CPU_fma: 98065.598510827622
  CPU_avx: 94654.82440502588
  CPU_avx512: 136586.37273278966
  m_CPU_enc_SHA: 79039858235.858505
  m_CPU_enc_AES: 64711432159.320709
  m_CPU_enc_ECDSA: 54475058362.732201
  ME_ALLOC_S: 30834.096385049652
  ME_READ_S: 33455.908984374997
  ME_READ_L: 31767.84375
  ME_WRITE: 32426.6953125
  ME_LARGE: 376267.33333333331
  ME_LATENCY: 86.731930654841435
  ME_THREADED: 559973.65625
  SUMM_CPU: 82776.537119357061
  SUMM_ME: 2799.996100003767
SystemInformation:
  OSName: Ubuntu 24.04.4 LTS
  Kernel: 6.8.0-124-generic
  Device: ""
  Processor: AMD EPYC-Turin Processor
  NumSockets: 1
  Manufacturer: AuthenticAMD
  NumCores: 24
  NumLogicals: 48
  CPUFrequency: 0
  CPUMaxFrequency: 0
  Memory: 386743
  CPUInfo:
    number: 1
    Family: 15
    Model: 0
    stepping: 0
    features: 395049983
    manufacture: AuthenticAMD
    typestring: AMD EPYC-Turin Processor
    iCoresPerPackage: 24
    iThreadsPerPackage: 2
    featuresEx:
      - 395049983
      - 4277809667
      - 802421759
    bHybrid: false
    nPCore: 0
    nLogicalsPerPCore: 0
    nECore: 0
    nLogicalsPerECore: 0
  MemModuleInfo:
    iNumMemSticks: 1
    DIMM 1:
      manufacturer: QEMU
      modulePartNo: Not Specified
      memType: RAM
      size: 384
      clkspeed: 0
      moduleVoltage: 0
Checksum: 0DDD197A589730230B5D387AAF65A979DB3A63C6