BaselineInfo:
  WebDBID: -1
  TimeStamp: 20241112113212
Version:
  Major: 11
  Minor: 0
  Build: 1002
  SpecialBuildName: ""
  ptArchitecture: x86_64_linux
Results:
  Results Complete: true
  NumTestProcesses: 48
  CPU_INTEGER_MATH: 201936.44866666672
  CPU_FLOATINGPOINT_MATH: 103292.05130974206
  CPU_PRIME: 231.51333393040375
  CPU_SORTING: 96179.782992893641
  CPU_ENCRYPTION: 42240.458489654964
  CPU_COMPRESSION: 708796.17276441737
  CPU_SINGLETHREAD: 2433.936379735534
  CPU_PHYSICS: 3626.6031969574551
  CPU_MATRIX_MULT_SSE: 40238.337190757993
  CPU_mm: 4231.6025514830353
  CPU_sse: 17468.157237343399
  CPU_fma: 47419.329404116739
  CPU_avx: 36314.961469065078
  CPU_avx512: 59750.900652506716
  m_CPU_enc_SHA: 42793012492.626953
  m_CPU_enc_AES: 63867479396.753136
  m_CPU_enc_ECDSA: 26216501114.365227
  ME_ALLOC_S: 21553.044230463554
  ME_READ_S: 24445.081640625001
  ME_READ_L: 11738.2509765625
  ME_WRITE: 10736.2734375
  ME_LARGE: 181751.25
  ME_LATENCY: 52.034941882994787
  ME_THREADED: 150324.2890625
  SUMM_CPU: 48013.031250869717
  SUMM_ME: 2788.7976417915838
SystemInformation:
  OSName: Ubuntu 24.04.1 LTS
  Kernel: 6.8.0-1017-azure
  Device: ""
  Processor: Intel Xeon Platinum 8370C CPU @ 2.80GHz
  NumSockets: 1
  Manufacturer: GenuineIntel
  NumCores: 24
  NumLogicals: 48
  CPUFrequency: 2800
  Memory: 193211
  MemModuleInfo:
    iNumMemSticks: 3
    DIMM 1:
      manufacturer: Microsoft Corporation
      modulePartNo: None
      memType: Unknown
      size: 1
      clkspeed: 0
      moduleVoltage: 0
    DIMM 2:
      manufacturer: Microsoft Corporation
      modulePartNo: None
      memType: Unknown
      size: 59
      clkspeed: 0
      moduleVoltage: 0
    DIMM 3:
      manufacturer: Microsoft Corporation
      modulePartNo: None
      memType: Unknown
      size: 132
      clkspeed: 0
      moduleVoltage: 0
Checksum: A972B3900D2AA9AB4FCDE04C16CC7EE806D2CC47