---
system-info:
      stress-ng-version: 0.17.08
      run-by: root
      date-yyyy-mm-dd: 2024:06:06
      time-hh-mm-ss: 08:28:14
      epoch-secs: 1717662494
      hostname: 14ef45ce423c
      sysname: Linux
      nodename: 14ef45ce423c
      release: 6.8.0-1008-aws
      version: '#8-Ubuntu SMP Sat Apr 20 02:43:14 UTC 2024'
      machine: aarch64
      compiler: 'musl-gcc 13.2.1'
      uptime: 111
      totalram: 3993088000
      freeram: 125095936
      sharedram: 35012608
      bufferram: 75710464
      totalswap: 0
      freeswap: 0
      pagesize: 4096
      cpus: 2
      cpus-online: 2
      ticks-per-second: 100

metrics:
    - stressor: cpu
      bogo-ops: 5859
      bogo-ops-per-second-usr-sys-time: 295.031462
      bogo-ops-per-second-real-time: 585.684853
      wall-clock-time: 10.003673
      user-time: 19.856903
      system-time: 0.001996
      cpu-usage-per-instance: 99.258033
      max-rss: 4008

...
