---
system-info:
      stress-ng-version: 0.17.08
      run-by: root
      date-yyyy-mm-dd: 2024:06:12
      time-hh-mm-ss: 22:55:16
      epoch-secs: 1718232916
      hostname: e43f3e8f52ba
      sysname: Linux
      nodename: e43f3e8f52ba
      release: 6.8.0-1008-aws
      version: '#8-Ubuntu SMP Sat Apr 20 02:43:14 UTC 2024'
      machine: aarch64
      compiler: 'musl-gcc 13.2.1'
      uptime: 123
      totalram: 3993083904
      freeram: 121827328
      sharedram: 35012608
      bufferram: 106233856
      totalswap: 0
      freeswap: 0
      pagesize: 4096
      cpus: 2
      cpus-online: 2
      ticks-per-second: 100

metrics:
    - stressor: cpu
      bogo-ops: 60338
      bogo-ops-per-second-usr-sys-time: 1518.867571
      bogo-ops-per-second-real-time: 3016.886639
      wall-clock-time: 20.000089
      user-time: 39.718655
      system-time: 0.006994
      cpu-usage-per-instance: 99.313683
      max-rss: 1192

...
