---
system-info:
      stress-ng-version: 0.17.08
      run-by: root
      date-yyyy-mm-dd: 2024:06:06
      time-hh-mm-ss: 11:56:11
      epoch-secs: 1717674971
      hostname: 7ab84c6e7170
      sysname: Linux
      nodename: 7ab84c6e7170
      release: 6.8.0-1008-aws
      version: '#8-Ubuntu SMP Sat Apr 20 00:46:25 UTC 2024'
      machine: x86_64
      compiler: 'musl-gcc 13.2.1'
      uptime: 126
      totalram: 16467771392
      freeram: 12276498432
      sharedram: 59875328
      bufferram: 83259392
      totalswap: 0
      freeswap: 0
      pagesize: 4096
      cpus: 8
      cpus-online: 8
      ticks-per-second: 100

metrics:
    - stressor: cpu
      bogo-ops: 16595
      bogo-ops-per-second-usr-sys-time: 1659.467474
      bogo-ops-per-second-real-time: 1659.472305
      wall-clock-time: 10.000167
      user-time: 10.000196
      system-time: 0.000000
      cpu-usage-per-instance: 100.000291
      max-rss: 3920

...
