---
system-info:
      stress-ng-version: 0.17.08
      run-by: root
      date-yyyy-mm-dd: 2024:06:13
      time-hh-mm-ss: 02:49:05
      epoch-secs: 1718246945
      hostname: 2ee9ec2a4cc8
      sysname: Linux
      nodename: 2ee9ec2a4cc8
      release: 6.8.0-1008-aws
      version: '#8-Ubuntu SMP Sat Apr 20 00:46:25 UTC 2024'
      machine: x86_64
      compiler: 'musl-gcc 13.2.1'
      uptime: 133
      totalram: 16467771392
      freeram: 12054556672
      sharedram: 59875328
      bufferram: 112607232
      totalswap: 0
      freeswap: 0
      pagesize: 4096
      cpus: 8
      cpus-online: 8
      ticks-per-second: 100

metrics:
    - stressor: cpu
      bogo-ops: 37785
      bogo-ops-per-second-usr-sys-time: 1889.235736
      bogo-ops-per-second-real-time: 1889.243356
      wall-clock-time: 20.000070
      user-time: 20.000151
      system-time: 0.000000
      cpu-usage-per-instance: 100.000403
      max-rss: 976

...
