BaselineInfo:
  WebDBID: -1
  TimeStamp: 20260630171128
Version:
  Major: 11
  Minor: 0
  Build: 1004
  SpecialBuildName: ""
  ptArchitecture: x86_64_linux
Results:
  Results Complete: true
  NumTestProcesses: 40
  CPU_INTEGER_MATH: 243518.26133333333
  CPU_FLOATINGPOINT_MATH: 215713.49090894611
  CPU_PRIME: 723.19061981374375
  CPU_SORTING: 151301.1943423039
  CPU_ENCRYPTION: 52135.180204334305
  CPU_COMPRESSION: 1037714.6870353806
  CPU_SINGLETHREAD: 2893.1489458048163
  CPU_PHYSICS: 13285.944560078766
  CPU_MATRIX_MULT_SSE: 97661.771928542177
  CPU_mm: 10130.32460417147
  CPU_sse: 45938.363467673837
  CPU_fma: 132567.08808062453
  CPU_avx: 114479.86423732803
  CPU_avx512: 0
  m_CPU_enc_SHA: 72860972572.515869
  m_CPU_enc_AES: 46396203892.957214
  m_CPU_enc_ECDSA: 44745919688.347069
  ME_ALLOC_S: 17202.376121161909
  ME_READ_S: 27623.208789062501
  ME_READ_L: 22024.802734375
  ME_WRITE: 20495.361328125
  ME_LARGE: 151346.75
  ME_LATENCY: 96.68528455610624
  ME_THREADED: 656297.2587890625
  SUMM_CPU: 72888.749322211472
  SUMM_ME: 2374.131408918654
SystemInformation:
  OSName: Ubuntu 24.04.4 LTS
  Kernel: 6.8.0-124-generic
  Device: ""
  Processor: AMD EPYC-Milan Processor
  NumSockets: 2
  Manufacturer: AuthenticAMD
  NumCores: 20
  NumLogicals: 40
  CPUFrequency: 0
  CPUMaxFrequency: 0
  Memory: 160955
  CPUInfo:
    number: 2
    Family: 15
    Model: 1
    stepping: 1
    features: 395049983
    manufacture: AuthenticAMD
    typestring: AMD EPYC-Milan Processor
    iCoresPerPackage: 10
    iThreadsPerPackage: 2
    featuresEx:
      - 395049983
      - 4277809667
      - 802421759
    bHybrid: false
    nPCore: 0
    nLogicalsPerPCore: 0
    nECore: 0
    nLogicalsPerECore: 0
  MemModuleInfo:
    iNumMemSticks: 10
    DIMM 1:
      manufacturer: QEMU
      modulePartNo: Not Specified
      memType: RAM
      size: 16
      clkspeed: 0
      moduleVoltage: 0
    DIMM 2:
      manufacturer: QEMU
      modulePartNo: Not Specified
      memType: RAM
      size: 16
      clkspeed: 0
      moduleVoltage: 0
    DIMM 3:
      manufacturer: QEMU
      modulePartNo: Not Specified
      memType: RAM
      size: 16
      clkspeed: 0
      moduleVoltage: 0
    DIMM 4:
      manufacturer: QEMU
      modulePartNo: Not Specified
      memType: RAM
      size: 16
      clkspeed: 0
      moduleVoltage: 0
    DIMM 5:
      manufacturer: QEMU
      modulePartNo: Not Specified
      memType: RAM
      size: 16
      clkspeed: 0
      moduleVoltage: 0
    DIMM 6:
      manufacturer: QEMU
      modulePartNo: Not Specified
      memType: RAM
      size: 16
      clkspeed: 0
      moduleVoltage: 0
    DIMM 7:
      manufacturer: QEMU
      modulePartNo: Not Specified
      memType: RAM
      size: 16
      clkspeed: 0
      moduleVoltage: 0
    DIMM 8:
      manufacturer: QEMU
      modulePartNo: Not Specified
      memType: RAM
      size: 16
      clkspeed: 0
      moduleVoltage: 0
    DIMM 9:
      manufacturer: QEMU
      modulePartNo: Not Specified
      memType: RAM
      size: 16
      clkspeed: 0
      moduleVoltage: 0
    DIMM 10:
      manufacturer: QEMU
      modulePartNo: Not Specified
      memType: RAM
      size: 16
      clkspeed: 0
      moduleVoltage: 0
Checksum: 73B1E900F5D38EDACD7E9054AF6624F726225931