BaselineInfo:
  WebDBID: -1
  TimeStamp: 20241107162109
Version:
  Major: 11
  Minor: 0
  Build: 1002
  SpecialBuildName: ""
  ptArchitecture: x86_64_linux
Results:
  Results Complete: true
  NumTestProcesses: 4
  CPU_INTEGER_MATH: 16803.995999999999
  CPU_FLOATINGPOINT_MATH: 8592.2210437565609
  CPU_PRIME: 38.673561286835977
  CPU_SORTING: 8892.6545739618068
  CPU_ENCRYPTION: 3648.8492800742838
  CPU_COMPRESSION: 62908.211686664137
  CPU_SINGLETHREAD: 2430.9437272072009
  CPU_PHYSICS: 738.98289056018234
  CPU_MATRIX_MULT_SSE: 3607.6154529739761
  CPU_mm: 359.40755751518799
  CPU_sse: 1592.6086210006465
  CPU_fma: 4376.3834899269405
  CPU_avx: 3233.4490189326439
  CPU_avx512: 5228.0206820356752
  m_CPU_enc_SHA: 3686147580.6723099
  m_CPU_enc_AES: 5544122447.4218845
  m_CPU_enc_ECDSA: 2248017320.0153213
  ME_ALLOC_S: 2101.4919929819725
  ME_READ_S: 24080.6025390625
  ME_READ_L: 12895.8466796875
  ME_WRITE: 11500.9111328125
  ME_LARGE: 22096
  ME_LATENCY: 51.761815336314442
  ME_THREADED: 31879.03955078125
  SUMM_CPU: 5952.6838660999783
  SUMM_ME: 2411.1042286171405
SystemInformation:
  OSName: Ubuntu 24.04.1 LTS
  Kernel: 6.8.0-1017-azure
  Device: ""
  Processor: Intel Xeon Platinum 8370C CPU @ 2.80GHz
  NumSockets: 1
  Manufacturer: GenuineIntel
  NumCores: 2
  NumLogicals: 4
  CPUFrequency: 2800
  Memory: 32092
  MemModuleInfo:
    iNumMemSticks: 2
    DIMM 1:
      manufacturer: Microsoft Corporation
      modulePartNo: None
      memType: Unknown
      size: 1
      clkspeed: 0
      moduleVoltage: 0
    DIMM 2:
      manufacturer: Microsoft Corporation
      modulePartNo: None
      memType: Unknown
      size: 31
      clkspeed: 0
      moduleVoltage: 0
Checksum: B6C6C87B7D7AFB67BE1620F5395CFBAA753A9D37