---
system-info:
      stress-ng-version: 0.17.08
      run-by: root
      date-yyyy-mm-dd: 2024:08:30
      time-hh-mm-ss: 07:27:39
      epoch-secs: 1725002859
      hostname: sc-runner
      sysname: Linux
      nodename: sc-runner
      release: 6.8.0-1013-azure
      version: '#15-Ubuntu SMP Thu Aug  8 18:40:40 UTC 2024'
      machine: x86_64
      compiler: 'musl-gcc 13.2.1'
      uptime: 389
      totalram: 8323645440
      freeram: 214999040
      sharedram: 42012672
      bufferram: 196501504
      totalswap: 0
      freeswap: 0
      pagesize: 4096
      cpus: 2
      cpus-online: 2
      ticks-per-second: 100

metrics:
    - stressor: cpu
      bogo-ops: 28115
      bogo-ops-per-second-usr-sys-time: 1405.872662
      bogo-ops-per-second-real-time: 1405.745056
      wall-clock-time: 20.000070
      user-time: 19.996256
      system-time: 0.001999
      cpu-usage-per-instance: 99.990923
      max-rss: 3024

...
