BaselineInfo:
  WebDBID: -1
  TimeStamp: 20250527111725
Version:
  Major: 11
  Minor: 0
  Build: 1002
  SpecialBuildName: ""
  ptArchitecture: x86_64_linux
Results:
  Results Complete: true
  NumTestProcesses: 96
  CPU_INTEGER_MATH: 470459.27699999983
  CPU_FLOATINGPOINT_MATH: 333404.41246114863
  CPU_PRIME: 969.08313811775656
  CPU_SORTING: 231461.17027148121
  CPU_ENCRYPTION: 103500.15175195888
  CPU_COMPRESSION: 1681008.2403504348
  CPU_SINGLETHREAD: 3254.5511661289811
  CPU_PHYSICS: 19365.77051247597
  CPU_MATRIX_MULT_SSE: 138937.1321660465
  CPU_mm: 13342.45541056482
  CPU_sse: 57877.391603359385
  CPU_fma: 147340.24964820925
  CPU_avx: 119479.36332846463
  CPU_avx512: 231051.52408415292
  m_CPU_enc_SHA: 109365551603.80891
  m_CPU_enc_AES: 142360039278.37289
  m_CPU_enc_ECDSA: 73857734488.204254
  ME_ALLOC_S: 36941.563457155389
  ME_READ_S: 28860.896679687499
  ME_READ_L: 10360.8291015625
  ME_WRITE: 9822.216796875
  ME_LARGE: 1833631.5
  ME_LATENCY: 58.181424448944739
  ME_THREADED: 409894.33129882812
  SUMM_CPU: 103969.11468755484
  SUMM_ME: 2691.3812327288169
SystemInformation:
  OSName: Ubuntu 24.04.2 LTS
  Kernel: 6.11.0-1015-azure
  Device: ""
  Processor: INTEL XEON PLATINUM 8573C
  NumSockets: 2
  Manufacturer: GenuineIntel
  NumCores: 48
  NumLogicals: 96
  CPUFrequency: 2300
  Memory: 1846508
  MemModuleInfo:
    iNumMemSticks: 4
    DIMM 1:
      manufacturer: Microsoft Corporation
      modulePartNo: None
      memType: Unknown
      size: 1
      clkspeed: 0
      moduleVoltage: 0
    DIMM 2:
      manufacturer: Microsoft Corporation
      modulePartNo: None
      memType: Unknown
      size: 59
      clkspeed: 0
      moduleVoltage: 0
    DIMM 3:
      manufacturer: Microsoft Corporation
      modulePartNo: None
      memType: Unknown
      size: 856
      clkspeed: 0
      moduleVoltage: 0
    DIMM 4:
      manufacturer: Microsoft Corporation
      modulePartNo: None
      memType: Unknown
      size: 916
      clkspeed: 0
      moduleVoltage: 0
Checksum: BE67C07A909D76D192000D69D251C2E5CA6F62BB