---
system-info:
      stress-ng-version: 0.17.08
      run-by: root
      date-yyyy-mm-dd: 2024:06:26
      time-hh-mm-ss: 17:12:05
      epoch-secs: 1719421925
      hostname: c3-highmem-4-ca1c797.us-east4-a.c.algebraic-pier-412621.internal
      sysname: Linux
      nodename: c3-highmem-4-ca1c797.us-east4-a.c.algebraic-pier-412621.internal
      release: 6.8.0-1009-gcp
      version: '#10-Ubuntu SMP Wed Jun 12 18:52:23 UTC 2024'
      machine: x86_64
      compiler: 'musl-gcc 13.2.1'
      uptime: 117
      totalram: 33652576256
      freeram: 28612558848
      sharedram: 111513600
      bufferram: 123293696
      totalswap: 0
      freeswap: 0
      pagesize: 4096
      cpus: 4
      cpus-online: 4
      ticks-per-second: 100

metrics:
    - stressor: cpu
      bogo-ops: 66479
      bogo-ops-per-second-usr-sys-time: 833.614260
      bogo-ops-per-second-real-time: 3323.932110
      wall-clock-time: 20.000108
      user-time: 79.740920
      system-time: 0.006996
      cpu-usage-per-instance: 99.684358
      max-rss: 976

...
