---
system-info:
      stress-ng-version: 0.17.08
      run-by: root
      date-yyyy-mm-dd: 2024:06:12
      time-hh-mm-ss: 23:21:21
      epoch-secs: 1718234481
      hostname: c0165054c3e3
      sysname: Linux
      nodename: c0165054c3e3
      release: 6.8.0-1008-aws
      version: '#8-Ubuntu SMP Sat Apr 20 02:43:14 UTC 2024'
      machine: aarch64
      compiler: 'musl-gcc 13.2.1'
      uptime: 198
      totalram: 134781472768
      freeram: 129808506880
      sharedram: 36495360
      bufferram: 110071808
      totalswap: 0
      freeswap: 0
      pagesize: 4096
      cpus: 64
      cpus-online: 64
      ticks-per-second: 100

metrics:
    - stressor: cpu
      bogo-ops: 1944519
      bogo-ops-per-second-usr-sys-time: 1519.648661
      bogo-ops-per-second-real-time: 97225.609719
      wall-clock-time: 20.000070
      user-time: 1279.565596
      system-time: 0.018988
      cpu-usage-per-instance: 99.967196
      max-rss: 1024

...
