---
system-info:
      stress-ng-version: 0.17.08
      run-by: root
      date-yyyy-mm-dd: 2024:06:06
      time-hh-mm-ss: 08:29:25
      epoch-secs: 1717662565
      hostname: 07a4ea13b857
      sysname: Linux
      nodename: 07a4ea13b857
      release: 6.8.0-1008-aws
      version: '#8-Ubuntu SMP Sat Apr 20 02:43:14 UTC 2024'
      machine: aarch64
      compiler: 'musl-gcc 13.2.1'
      uptime: 112
      totalram: 134781472768
      freeram: 129901117440
      sharedram: 36495360
      bufferram: 80494592
      totalswap: 0
      freeswap: 0
      pagesize: 4096
      cpus: 64
      cpus-online: 64
      ticks-per-second: 100

metrics:
    - stressor: cpu
      bogo-ops: 188150
      bogo-ops-per-second-usr-sys-time: 293.059135
      bogo-ops-per-second-real-time: 18745.462187
      wall-clock-time: 10.037096
      user-time: 641.973629
      system-time: 0.046966
      cpu-usage-per-instance: 99.944964
      max-rss: 3584

...
