"size","threads","connections","rps","latency","failed","server_usr","server_sys","client_usr","client_sys"
"1k",48,48,1665573,0.000026670,0,86.60,147.73,42.01,208.06
"1k",48,96,1623303,0.000057370,0,70.67,147.66,34.82,176.67
"1k",48,192,2046859,0.000087170,0,77.65,152.96,34.97,186.25
"1k",48,384,2548000,0.000152960,0,82.67,162.52,34.17,192.80
"1k",48,768,3149700,0.000422860,0,84.87,166.11,35.60,193.98
"1k",48,1536,3220978,0.000509360,0,88.72,167.89,38.19,188.16
"1k",96,96,1696534,0.000054390,0,73.25,134.44,48.02,230.09
"1k",96,192,1878707,0.000100010,0,72.71,156.80,39.44,198.09
"1k",96,384,2196118,0.000184140,0,73.55,163.18,39.79,208.40
"1k",96,768,2303739,0.000464540,0,71.33,164.84,43.65,207.42
"1k",96,1536,2440851,0.000784680,0,73.35,164.87,41.37,209.44
"1k",192,192,1842615,0.000104890,0,73.54,154.41,43.82,209.98
"1k",192,384,1986600,0.000212720,0,70.12,161.30,43.31,211.94
"1k",192,768,2027164,0.000505350,0,66.51,164.79,42.52,214.93
"1k",192,1536,2154431,0.000850000,0,67.20,166.40,41.02,213.89
"16k",48,48,1355953,0.000033240,0,77.75,131.79,38.38,226.40
"16k",48,96,1378304,0.000064010,0,68.37,143.33,34.12,183.42
"16k",48,192,1744747,0.000100410,0,73.29,148.18,34.34,196.41
"16k",48,384,2137132,0.000170140,0,76.75,155.61,34.89,204.62
"16k",48,768,2418627,0.000305220,0,79.25,160.77,34.22,204.29
"16k",48,1536,2574355,0.000539500,0,80.02,165.89,35.46,203.76
"16k",96,96,1465730,0.000064070,0,72.54,147.36,45.57,220.01
"16k",96,192,1572050,0.000120270,0,66.93,145.09,37.66,208.47
"16k",96,384,1915598,0.000207580,0,70.28,157.72,39.23,215.83
"16k",96,768,1957714,0.000504660,0,67.22,159.45,41.18,219.57
"16k",96,1536,2064072,0.000940000,0,68.89,163.66,39.29,218.65
"16k",192,192,1590178,0.000122050,0,70.79,146.59,41.29,222.87
"16k",192,384,1722031,0.000235880,0,67.02,153.20,41.18,224.99
"16k",192,768,1774290,0.000588080,0,64.25,160.91,41.59,221.03
"16k",192,1536,1715269,0.001030000,0,63.02,163.83,41.35,222.14
"64k",48,48,916329,0.000051000,0,63.88,155.44,34.41,220.74
"64k",48,96,872205,0.000099610,0,56.25,146.01,27.93,200.96
"64k",48,192,1049954,0.000163590,0,58.83,154.84,28.39,211.06
"64k",48,384,1266523,0.000275870,0,61.97,163.78,29.79,218.09
"64k",48,768,1358859,0.000542290,0,62.32,168.64,29.61,223.01
"64k",48,1536,1261210,0.001170000,0,61.20,166.61,27.70,229.58
"64k",96,96,949422,0.000099930,0,57.94,159.07,36.07,232.29
"64k",96,192,1031901,0.000181930,0,57.18,156.89,31.81,219.89
"64k",96,384,1150368,0.000330980,0,57.97,164.36,33.58,229.79
"64k",96,768,1170814,0.000758200,0,55.43,168.63,33.84,229.99
"64k",96,1536,1132715,0.001500000,0,56.43,172.79,32.08,230.21
"64k",192,192,1017216,0.000190960,0,57.75,154.93,33.92,234.29
"64k",192,384,1070776,0.000381260,0,54.14,164.96,35.64,231.92
"64k",192,768,1060777,0.000850000,0,52.22,169.46,35.08,231.55
"64k",192,1536,1022593,0.001610000,0,53.76,174.14,33.58,229.79
"256k",48,48,429188,0.000199550,0,51.64,170.37,31.60,222.19
"256k",48,96,409303,0.000374830,0,49.45,154.83,26.38,200.48
"256k",48,192,456625,0.000395860,0,53.55,164.09,26.94,212.31
"256k",48,384,426118,0.000763210,0,53.83,161.89,23.73,241.51
"256k",48,768,415919,0.001600000,0,51.88,159.16,22.77,250.80
"256k",96,96,437713,0.000219770,0,52.05,161.08,32.89,239.85
"256k",96,192,454200,0.000472980,0,52.96,171.86,31.01,228.63
"256k",96,384,420048,0.000910000,0,50.91,168.10,26.98,239.63
"256k",96,768,401125,0.001900000,0,48.78,165.38,24.92,248.46
"256k",192,192,457447,0.000462040,0,53.04,159.38,33.09,241.41
"256k",192,384,405643,0.001030000,0,48.01,176.47,31.24,232.00
"256k",192,768,389544,0.002030000,0,46.77,178.10,30.75,233.72
"512k",48,48,244282,0.000342800,0,47.29,140.49,29.50,259.88
"512k",48,96,222800,0.000742590,0,46.56,148.16,23.83,212.54
"512k",48,192,216333,0.000754380,0,49.81,165.72,21.75,232.57
"512k",48,384,198424,0.001580000,0,48.01,155.46,19.65,258.75
"512k",48,768,181818,0.003230000,0,45.50,147.58,18.24,274.47
"512k",96,96,249643,0.000384930,0,50.66,145.88,30.68,258.56
"512k",96,192,212279,0.000910000,0,48.55,172.38,24.69,239.52
"512k",96,384,199169,0.001870000,0,45.43,165.38,21.20,252.81
"512k",96,768,189293,0.003850000,0,44.58,160.90,19.21,262.67
"512k",192,192,194517,0.001000000,0,49.98,140.42,25.94,271.44
"512k",192,384,200351,0.001940000,0,43.33,178.32,26.26,241.15
"512k",192,768,196820,0.003900000,0,43.78,179.09,25.75,239.14
