---
system-info:
      stress-ng-version: 0.17.08
      run-by: root
      date-yyyy-mm-dd: 2024:09:21
      time-hh-mm-ss: 17:38:36
      epoch-secs: 1726940316
      hostname: sc-runner
      sysname: Linux
      nodename: sc-runner
      release: 6.8.0-1014-azure
      version: '#16-Ubuntu SMP Thu Aug 15 20:04:41 UTC 2024'
      machine: x86_64
      compiler: 'musl-gcc 13.2.1'
      uptime: 317
      totalram: 67521097728
      freeram: 56926441472
      sharedram: 38223872
      bufferram: 261369856
      totalswap: 0
      freeswap: 0
      pagesize: 4096
      cpus: 16
      cpus-online: 16
      ticks-per-second: 100

metrics:
    - stressor: cpu
      bogo-ops: 122935
      bogo-ops-per-second-usr-sys-time: 384.709584
      bogo-ops-per-second-real-time: 6146.690588
      wall-clock-time: 20.000193
      user-time: 319.529752
      system-time: 0.022984
      cpu-usage-per-instance: 99.859265
      max-rss: 3152

...
