---
system-info:
      stress-ng-version: 0.17.08
      run-by: root
      date-yyyy-mm-dd: 2024:09:03
      time-hh-mm-ss: 14:03:32
      epoch-secs: 1725372212
      hostname: sc-runner
      sysname: Linux
      nodename: sc-runner
      release: 6.8.0-1013-azure
      version: '#15-Ubuntu SMP Thu Aug  8 18:40:40 UTC 2024'
      machine: x86_64
      compiler: 'musl-gcc 13.2.1'
      uptime: 324
      totalram: 67420610560
      freeram: 58719412224
      sharedram: 38223872
      bufferram: 225325056
      totalswap: 0
      freeswap: 0
      pagesize: 4096
      cpus: 16
      cpus-online: 16
      ticks-per-second: 100

metrics:
    - stressor: cpu
      bogo-ops: 432351
      bogo-ops-per-second-usr-sys-time: 1353.389017
      bogo-ops-per-second-real-time: 21617.486638
      wall-clock-time: 20.000059
      user-time: 319.417058
      system-time: 0.040980
      cpu-usage-per-instance: 99.830344
      max-rss: 3252

...
