BaselineInfo:
  WebDBID: -1
  TimeStamp: 20250828193309
Version:
  Major: 11
  Minor: 0
  Build: 1002
  SpecialBuildName: ""
  ptArchitecture: x86_64_linux
Results:
  Results Complete: true
  NumTestProcesses: 8
  CPU_INTEGER_MATH: 41191.762333333332
  CPU_FLOATINGPOINT_MATH: 29852.258696635625
  CPU_PRIME: 87.937935816170111
  CPU_SORTING: 21319.606806955428
  CPU_ENCRYPTION: 9133.1229076563777
  CPU_COMPRESSION: 162099.18733854106
  CPU_SINGLETHREAD: 3266.1135483943008
  CPU_PHYSICS: 1901.0514117316732
  CPU_MATRIX_MULT_SSE: 10931.942780601019
  CPU_mm: 1197.2398327604506
  CPU_sse: 4943.3895796050901
  CPU_fma: 13024.589032718543
  CPU_avx: 10344.775018782195
  CPU_avx512: 15415.017491298242
  m_CPU_enc_SHA: 9596507052.5979328
  m_CPU_enc_AES: 12530606043.547962
  m_CPU_enc_ECDSA: 6603207361.9101887
  ME_ALLOC_S: 4618.8734022180452
  ME_READ_S: 29145.898828124999
  ME_READ_L: 16821.94140625
  ME_WRITE: 11567.2080078125
  ME_LARGE: 21852.583333333332
  ME_LATENCY: 72.122587829918302
  ME_THREADED: 65351.80712890625
  SUMM_CPU: 15498.608180163836
  SUMM_ME: 2419.2302399487135
SystemInformation:
  OSName: Ubuntu 24.04.2 LTS
  Kernel: 6.14.0-1011-aws
  Device: ""
  Processor: Intel Xeon 6975P-C
  NumSockets: 1
  Manufacturer: GenuineIntel
  NumCores: 4
  NumLogicals: 8
  CPUFrequency: 0
  Memory: 31556
  MemModuleInfo:
    iNumMemSticks: 1
    DIMM 1:
      manufacturer: Not Specified
      modulePartNo: Not Specified
      memType: DDR5
      size: 32
      clkspeed: 3600
      moduleVoltage: 0
Checksum: 1F0906681C19A398258F7CA616E882529F005391