BaselineInfo:
  WebDBID: -1
  TimeStamp: 20241108205925
Version:
  Major: 11
  Minor: 0
  Build: 1002
  SpecialBuildName: ""
  ptArchitecture: aarch64_linux
Results:
  Results Complete: true
  NumTestProcesses: 64
  CPU_INTEGER_MATH: 253211.03933333332
  CPU_FLOATINGPOINT_MATH: 192096.52433184959
  CPU_PRIME: 247.36422525049213
  CPU_SORTING: 175452.87686029085
  CPU_ENCRYPTION: 8706.4595281121383
  CPU_COMPRESSION: 305637.36686945113
  CPU_SINGLETHREAD: 1113.8586681402764
  CPU_PHYSICS: 3963.6749359734463
  CPU_MATRIX_MULT_SSE: 39919.122139449348
  CPU_mm: 6687.2994805926865
  CPU_sse: 33412.238513007178
  CPU_fma: 46426.005765891525
  CPU_avx: 0
  CPU_avx512: 0
  m_CPU_enc_SHA: 12902807491.45948
  m_CPU_enc_AES: 6041677958.2606077
  m_CPU_enc_ECDSA: 8443668068.7290525
  ME_ALLOC_S: 20544.555030951178
  ME_READ_S: 9505.8971679687493
  ME_READ_L: 9238.759765625
  ME_WRITE: 12449.056640625
  ME_LARGE: 115664.41666666667
  ME_LATENCY: 67.71450329371379
  ME_THREADED: 169328.86962890625
  SUMM_CPU: 28097.146320090262
  SUMM_ME: 1866.2789336375363
SystemInformation:
  OSName: Ubuntu 24.04.1 LTS
  Kernel: 6.8.0-1016-aws
  Device: ""
  Processor: ARM Neoverse-N1 64 Core 0 MHz
  NumSockets: 1
  Manufacturer: ARM
  NumCores: 64
  NumLogicals: 64
  CPUFrequency: 0
  Memory: 128537
Checksum: DE575527FD14BFA8FFA3D76327F770D5ABA3B8FE