---
system-info:
      stress-ng-version: 0.17.08
      run-by: root
      date-yyyy-mm-dd: 2024:06:15
      time-hh-mm-ss: 03:26:00
      epoch-secs: 1718421960
      hostname: b5bfe74a1779
      sysname: Linux
      nodename: b5bfe74a1779
      release: 6.8.0-1008-aws
      version: '#8-Ubuntu SMP Sat Apr 20 00:46:25 UTC 2024'
      machine: x86_64
      compiler: 'musl-gcc 13.2.1'
      uptime: 144
      totalram: 8158912512
      freeram: 3846086656
      sharedram: 59850752
      bufferram: 109953024
      totalswap: 0
      freeswap: 0
      pagesize: 4096
      cpus: 2
      cpus-online: 2
      ticks-per-second: 100

metrics:
    - stressor: cpu
      bogo-ops: 37641
      bogo-ops-per-second-usr-sys-time: 1882.135167
      bogo-ops-per-second-real-time: 1882.046522
      wall-clock-time: 20.000037
      user-time: 19.999095
      system-time: 0.000000
      cpu-usage-per-instance: 99.995290
      max-rss: 1104

...
