---
system-info:
      stress-ng-version: 0.17.08
      run-by: root
      date-yyyy-mm-dd: 2024:06:08
      time-hh-mm-ss: 19:16:57
      epoch-secs: 1717874217
      hostname: 0e282235385b
      sysname: Linux
      nodename: 0e282235385b
      release: 6.8.0-1008-aws
      version: '#8-Ubuntu SMP Sat Apr 20 00:46:25 UTC 2024'
      machine: x86_64
      compiler: 'musl-gcc 13.2.1'
      uptime: 123
      totalram: 8158912512
      freeram: 3785854976
      sharedram: 59850752
      bufferram: 104996864
      totalswap: 0
      freeswap: 0
      pagesize: 4096
      cpus: 2
      cpus-online: 2
      ticks-per-second: 100

metrics:
    - stressor: cpu
      bogo-ops: 16680
      bogo-ops-per-second-usr-sys-time: 1667.893588
      bogo-ops-per-second-real-time: 1667.806192
      wall-clock-time: 10.001162
      user-time: 9.999638
      system-time: 0.001000
      cpu-usage-per-instance: 99.994760
      max-rss: 3920

...
