BaselineInfo:
  WebDBID: -1
  TimeStamp: 20241108071857
Version:
  Major: 11
  Minor: 0
  Build: 1002
  SpecialBuildName: ""
  ptArchitecture: x86_64_linux
Results:
  Results Complete: true
  NumTestProcesses: 32
  CPU_INTEGER_MATH: 107971.47500000001
  CPU_FLOATINGPOINT_MATH: 64423.713375933672
  CPU_PRIME: 162.29374527553765
  CPU_SORTING: 65885.171744818945
  CPU_ENCRYPTION: 34150.067550077525
  CPU_COMPRESSION: 477010.70622943423
  CPU_SINGLETHREAD: 2133.4292918146461
  CPU_PHYSICS: 3310.1471968746559
  CPU_MATRIX_MULT_SSE: 29702.82260345911
  CPU_mm: 3234.495425259096
  CPU_sse: 13348.692364409242
  CPU_fma: 43285.870846667836
  CPU_avx: 32473.904599300233
  CPU_avx512: 0
  m_CPU_enc_SHA: 48238828899.873734
  m_CPU_enc_AES: 33050914941.06535
  m_CPU_enc_ECDSA: 26137079853.231205
  ME_ALLOC_S: 10978.704428021798
  ME_READ_S: 24672.431054687499
  ME_READ_L: 12618.7822265625
  ME_WRITE: 12900.2724609375
  ME_LARGE: 52759
  ME_LATENCY: 50.186565104234205
  ME_THREADED: 70388.391845703125
  SUMM_CPU: 34612.091344232336
  SUMM_ME: 2816.7672846146097
SystemInformation:
  OSName: Ubuntu 24.04.1 LTS
  Kernel: 6.8.0-1016-aws
  Device: ""
  Processor: AMD EPYC 7R32
  NumSockets: 1
  Manufacturer: AuthenticAMD
  NumCores: 16
  NumLogicals: 32
  CPUFrequency: 0
  Memory: 63586
  MemModuleInfo:
    iNumMemSticks: 1
    DIMM 1:
      manufacturer: Not Specified
      modulePartNo: Not Specified
      memType: DDR4
      size: 64
      clkspeed: 1466
      moduleVoltage: 0
Checksum: 917492A6C9A02B6C3BD3126029DB71798EB2809C