BaselineInfo:
  WebDBID: -1
  TimeStamp: 20241109122641
Version:
  Major: 11
  Minor: 0
  Build: 1002
  SpecialBuildName: ""
  ptArchitecture: x86_64_linux
Results:
  Results Complete: true
  NumTestProcesses: 16
  CPU_INTEGER_MATH: 36545.309333333324
  CPU_FLOATINGPOINT_MATH: 19649.254597215458
  CPU_PRIME: 58.555190088693784
  CPU_SORTING: 19206.938977653645
  CPU_ENCRYPTION: 5033.8615042330675
  CPU_COMPRESSION: 161836.84913992879
  CPU_SINGLETHREAD: 1484.680989104728
  CPU_PHYSICS: 1199.175304815958
  CPU_MATRIX_MULT_SSE: 11634.537622101425
  CPU_mm: 1112.04251211511
  CPU_sse: 3966.6271511318787
  CPU_fma: 13583.766625034294
  CPU_avx: 9605.6319056691827
  CPU_avx512: 19382.12480657034
  m_CPU_enc_SHA: 1654673297.7707977
  m_CPU_enc_AES: 12700574006.732492
  m_CPU_enc_ECDSA: 1479911777.4847865
  ME_ALLOC_S: 4197.6326615809376
  ME_READ_S: 18306.072851562501
  ME_READ_L: 6890.767578125
  ME_WRITE: 6663.548828125
  ME_LARGE: 430254
  ME_LATENCY: 72.234197600802091
  ME_THREADED: 67470.8447265625
  SUMM_CPU: 11764.972945425712
  SUMM_ME: 1847.623362726742
SystemInformation:
  OSName: Ubuntu 24.04.1 LTS
  Kernel: 6.8.0-1017-azure
  Device: ""
  Processor: Intel Xeon Platinum 8280M CPU @ 2.70GHz
  NumSockets: 1
  Manufacturer: GenuineIntel
  NumCores: 8
  NumLogicals: 16
  CPUFrequency: 0
  Memory: 440689
  MemModuleInfo:
    iNumMemSticks: 3
    DIMM 1:
      manufacturer: Microsoft Corporation
      modulePartNo: None
      memType: Unknown
      size: 1
      clkspeed: 0
      moduleVoltage: 0
    DIMM 2:
      manufacturer: Microsoft Corporation
      modulePartNo: None
      memType: Unknown
      size: 60928
      clkspeed: 0
      moduleVoltage: 0
    DIMM 3:
      manufacturer: Microsoft Corporation
      modulePartNo: None
      memType: Unknown
      size: 377
      clkspeed: 0
      moduleVoltage: 0
Checksum: 8AE5469B63BAE9B7F7D11F1758BF78A091F3D46F