BaselineInfo:
  WebDBID: -1
  TimeStamp: 20260403150507
Version:
  Major: 11
  Minor: 0
  Build: 1004
  SpecialBuildName: ""
  ptArchitecture: aarch64_linux
Results:
  Results Complete: true
  NumTestProcesses: 2
  CPU_INTEGER_MATH: 9397.2049999999999
  CPU_FLOATINGPOINT_MATH: 7151.6365974682521
  CPU_PRIME: 14.855411928125957
  CPU_SORTING: 6762.0003737568695
  CPU_ENCRYPTION: 320.30614909172778
  CPU_COMPRESSION: 10484.246055383868
  CPU_SINGLETHREAD: 1331.4602828153475
  CPU_PHYSICS: 296.36728429369765
  CPU_MATRIX_MULT_SSE: 1478.5833764833287
  CPU_mm: 248.71586161075248
  CPU_sse: 1229.6037206481253
  CPU_fma: 1727.5630323185319
  CPU_avx: 0
  CPU_avx512: 0
  m_CPU_enc_SHA: 482675419.82462823
  m_CPU_enc_AES: 224597575.7888515
  m_CPU_enc_ECDSA: 300323026.15654278
  ME_ALLOC_S: 1448.6672957452579
  ME_READ_S: 11281.499609375
  ME_READ_L: 8575.77734375
  ME_WRITE: 15028.3359375
  ME_LARGE: 791
  ME_LATENCY: 71.430810626823174
  ME_THREADED: 16775.9892578125
  SUMM_CPU: 1587.1292588798626
  SUMM_ME: 981.83400661294877
SystemInformation:
  OSName: Ubuntu 24.04.4 LTS
  Kernel: 6.8.0-106-generic
  Device: ""
  Processor: ARM Neoverse-N1 2 Core 0 MHz
  NumSockets: 1
  Manufacturer: ARM
  NumCores: 2
  NumLogicals: 2
  CPUFrequency: 0
  CPUMaxFrequency: 0
  Memory: 7364
Checksum: 31F209AAAAFC32350BC43423F5DDFE89641A8F0B