---
system-info:
      stress-ng-version: 0.17.08
      run-by: root
      date-yyyy-mm-dd: 2024:09:22
      time-hh-mm-ss: 19:10:20
      epoch-secs: 1727032220
      hostname: sc-runner
      sysname: Linux
      nodename: sc-runner
      release: 6.8.0-1014-azure
      version: '#16-Ubuntu SMP Thu Aug 15 20:04:41 UTC 2024'
      machine: x86_64
      compiler: 'musl-gcc 13.2.1'
      uptime: 332
      totalram: 135160803328
      freeram: 124063322112
      sharedram: 71929856
      bufferram: 276033536
      totalswap: 0
      freeswap: 0
      pagesize: 4096
      cpus: 32
      cpus-online: 32
      ticks-per-second: 100

metrics:
    - stressor: cpu
      bogo-ops: 244350
      bogo-ops-per-second-usr-sys-time: 382.061674
      bogo-ops-per-second-real-time: 12217.385771
      wall-clock-time: 20.000187
      user-time: 639.506436
      system-time: 0.049994
      cpu-usage-per-instance: 99.929758
      max-rss: 3252

...
