size_kb,operation,bandwidth_mb_s,latency_ns,latency_stddev_ns,latency_samples,threads,iterations,elapsed_s
16,read,2276277.84,0,0,0,60,458715,0.188925
16,write,1621500.35,0,0,0,60,569476,0.329253
16,copy,840153.93,0,0,0,60,330687,0.369003
16,latency,0,1.24,0.00,7,1,7,0.089253
64,read,1860645.87,0,0,0,60,160359,0.323192
64,write,1220332.22,0,0,0,60,138734,0.426320
64,copy,925154.69,0,0,0,60,47447,0.192321
64,latency,0,3.42,0.00,7,1,7,0.686331
2048,read,153072.35,0,0,0,60,1836,1.439319
2048,write,69160.24,0,0,0,60,1378,2.390969
2048,copy,38433.03,0,0,0,60,831,2.594643
2048,latency,0,16.47,0.02,7,1,7,0.707293
4096,read,116124.54,0,0,0,60,589,1.217314
4096,write,50578.87,0,0,0,60,549,2.605040
4096,copy,35440.87,0,0,0,60,299,2.024781
4096,latency,0,17.42,0.01,7,1,7,0.694212
8192,read,94798.05,0,0,0,60,272,1.377243
8192,write,46991.69,0,0,0,60,246,2.512785
8192,copy,34337.68,0,0,0,60,146,2.040906
8192,latency,0,20.25,0.10,7,1,7,0.720393
16384,read,89006.19,0,0,0,60,135,1.456078
16384,write,44879.62,0,0,0,60,120,2.566867
16384,copy,34998.34,0,0,0,60,72,1.974951
16384,latency,0,19.70,0.15,7,1,7,0.685801
32768,read,92202.54,0,0,0,60,67,1.395189
32768,write,46575.64,0,0,0,60,59,2.432173
32768,copy,37630.32,0,0,0,60,39,1.989885
32768,latency,0,59.94,5.43,21,1,21,3.228968
65536,read,95725.43,0,0,0,60,38,1.524360
65536,write,52335.04,0,0,0,60,31,2.274575
65536,copy,35077.51,0,0,0,60,20,2.189437
65536,latency,0,89.72,0.68,7,1,7,4.032110
