---
system-info:
      stress-ng-version: 0.17.08
      run-by: root
      date-yyyy-mm-dd: 2024:06:07
      time-hh-mm-ss: 22:02:50
      epoch-secs: 1717797770
      hostname: 5da926cca1f8
      sysname: Linux
      nodename: 5da926cca1f8
      release: 6.8.0-31-generic
      version: '#31-Ubuntu SMP PREEMPT_DYNAMIC Sat Apr 20 00:40:06 UTC 2024'
      machine: x86_64
      compiler: 'musl-gcc 13.2.1'
      uptime: 126
      totalram: 32859484160
      freeram: 29323436032
      sharedram: 21270528
      bufferram: 108752896
      totalswap: 0
      freeswap: 0
      pagesize: 4096
      cpus: 16
      cpus-online: 16
      ticks-per-second: 100

metrics:
    - stressor: cpu
      bogo-ops: 11849
      bogo-ops-per-second-usr-sys-time: 1184.210553
      bogo-ops-per-second-real-time: 1184.236097
      wall-clock-time: 10.005606
      user-time: 10.001823
      system-time: 0.003999
      cpu-usage-per-instance: 100.002157
      max-rss: 3920

...
