---
system-info:
      stress-ng-version: 0.17.08
      run-by: root
      date-yyyy-mm-dd: 2024:06:14
      time-hh-mm-ss: 21:52:22
      epoch-secs: 1718401942
      hostname: 65cdaedb5bdc
      sysname: Linux
      nodename: 65cdaedb5bdc
      release: 6.8.0-31-generic
      version: '#31-Ubuntu SMP PREEMPT_DYNAMIC Sat Apr 20 00:40:06 UTC 2024'
      machine: x86_64
      compiler: 'musl-gcc 13.2.1'
      uptime: 145
      totalram: 32859475968
      freeram: 29229252608
      sharedram: 21270528
      bufferram: 123977728
      totalswap: 0
      freeswap: 0
      pagesize: 4096
      cpus: 16
      cpus-online: 16
      ticks-per-second: 100

metrics:
    - stressor: cpu
      bogo-ops: 24386
      bogo-ops-per-second-usr-sys-time: 1219.312376
      bogo-ops-per-second-real-time: 1219.287500
      wall-clock-time: 20.000205
      user-time: 19.999797
      system-time: 0.000000
      cpu-usage-per-instance: 99.997960
      max-rss: 1104

...
