size_kb,operation,bandwidth_mb_s,latency_ns,latency_stddev_ns,latency_samples,threads,iterations,elapsed_s
32,read,2212609.72,0,0,0,16,778816,0.175995
32,write,1846480.14,0,0,0,16,470810,0.127489
32,copy,1125386.45,0,0,0,16,378788,0.168292
32,latency,0,0.82,0.00,7,1,7,0.121313
128,read,2170990.88,0,0,0,16,235626,0.217068
128,write,1908895.81,0,0,0,16,160051,0.167690
128,copy,1280880.85,0,0,0,16,164257,0.256475
128,latency,0,2.28,0.01,7,1,7,0.685108
256,read,2152689.11,0,0,0,16,126710,0.235445
256,write,1905042.52,0,0,0,16,117260,0.246210
256,copy,1354152.84,0,0,0,16,74338,0.219585
256,latency,0,2.61,0.13,14,1,14,1.315695
512,read,2035379.59,0,0,0,16,63532,0.249711
512,write,1987914.52,0,0,0,16,65019,0.261657
512,copy,1007235.84,0,0,0,16,25982,0.206363
512,latency,0,3.23,0.04,7,1,7,0.644870
1024,read,1799384.44,0,0,0,16,18574,0.165159
1024,write,1785712.71,0,0,0,16,14549,0.130359
1024,copy,847059.15,0,0,0,16,7955,0.150261
1024,latency,0,4.63,0.23,8,1,8,0.819281
4096,read,1519586.27,0,0,0,16,3124,0.131573
4096,write,1445565.39,0,0,0,16,4261,0.188649
4096,copy,331109.21,0,0,0,16,2046,0.395471
4096,latency,0,8.60,0.07,7,1,7,0.673138
8192,read,558754.68,0,0,0,16,1583,0.362635
8192,write,465355.43,0,0,0,16,1400,0.385082
8192,copy,145094.13,0,0,0,16,795,0.701338
8192,latency,0,9.77,0.47,8,1,8,0.819300
16384,read,306404.08,0,0,0,16,673,0.562290
16384,write,197724.63,0,0,0,16,628,0.813090
16384,copy,88111.06,0,0,0,16,317,0.921019
16384,latency,0,9.99,0.26,7,1,7,0.643354
32768,read,260523.16,0,0,0,16,339,0.666229
32768,write,136419.17,0,0,0,16,336,1.261054
32768,copy,74548.42,0,0,0,16,185,1.270584
32768,latency,0,90.80,31.29,21,1,21,4.216428
65536,read,184443.18,0,0,0,16,159,0.882743
65536,write,123770.42,0,0,0,16,157,1.298921
65536,copy,75020.71,0,0,0,16,82,1.119264
65536,latency,0,135.61,1.36,7,1,7,5.782904
