BaselineInfo:
  WebDBID: -1
  TimeStamp: 20241202192310
Version:
  Major: 11
  Minor: 0
  Build: 1002
  SpecialBuildName: ""
  ptArchitecture: aarch64_linux
Results:
  Results Complete: true
  NumTestProcesses: 64
  CPU_INTEGER_MATH: 333793.29399999999
  CPU_FLOATINGPOINT_MATH: 387793.18129336712
  CPU_PRIME: 679.11499618216931
  CPU_SORTING: 293128.11618050904
  CPU_ENCRYPTION: 12054.155318352827
  CPU_COMPRESSION: 424921.99360607442
  CPU_SINGLETHREAD: 1944.0425387456041
  CPU_PHYSICS: 15963.471763947102
  CPU_MATRIX_MULT_SSE: 56415.575667402249
  CPU_mm: 7255.1494211338668
  CPU_sse: 44512.64431641304
  CPU_fma: 68318.507018391465
  CPU_avx: 0
  CPU_avx512: 0
  m_CPU_enc_SHA: 18792296987.579746
  m_CPU_enc_AES: 6881956675.541995
  m_CPU_enc_ECDSA: 12244840238.169668
  ME_ALLOC_S: 47372.783084641494
  ME_READ_S: 21158.260351562501
  ME_READ_L: 20145.048828125
  ME_WRITE: 21293.865234375
  ME_LARGE: 492372.58333333331
  ME_LATENCY: 47.175661532494843
  ME_THREADED: 505455.8681640625
  SUMM_CPU: 44081.11094279019
  SUMM_ME: 3389.0263581707604
SystemInformation:
  OSName: Ubuntu 24.04.1 LTS
  Kernel: 6.8.0-1018-aws
  Device: ""
  Processor: ARM Neoverse-V2 64 Core 0 MHz
  NumSockets: 1
  Manufacturer: ARM
  NumCores: 64
  NumLogicals: 64
  CPUFrequency: 0
  Memory: 506668
Checksum: 1646DB3632236A015CD76F0AF3A434F4F3447C91