BaselineInfo:
  WebDBID: -1
  TimeStamp: 20241109125729
Version:
  Major: 11
  Minor: 0
  Build: 1002
  SpecialBuildName: ""
  ptArchitecture: x86_64_linux
Results:
  Results Complete: true
  NumTestProcesses: 24
  CPU_INTEGER_MATH: 67922.031666666677
  CPU_FLOATINGPOINT_MATH: 36446.62377197871
  CPU_PRIME: 98.119888677786335
  CPU_SORTING: 34423.453686548717
  CPU_ENCRYPTION: 9332.6925294974317
  CPU_COMPRESSION: 297615.1639079976
  CPU_SINGLETHREAD: 1805.564213979502
  CPU_PHYSICS: 1867.3181181773366
  CPU_MATRIX_MULT_SSE: 18452.719117861427
  CPU_mm: 2068.9431672154833
  CPU_sse: 7368.6448787197487
  CPU_fma: 21934.073122971975
  CPU_avx: 15499.516221905355
  CPU_avx512: 29008.642247848624
  m_CPU_enc_SHA: 3064879807.0180469
  m_CPU_enc_AES: 23553095001.370724
  m_CPU_enc_ECDSA: 2740137397.0421247
  ME_ALLOC_S: 7753.7321726145383
  ME_READ_S: 21928.989062500001
  ME_READ_L: 10512.8935546875
  ME_WRITE: 10016.9306640625
  ME_LARGE: 84819.666666666672
  ME_LATENCY: 56.291801251098143
  ME_THREADED: 93791.518310546875
  SUMM_CPU: 20039.62025141704
  SUMM_ME: 2483.3269249053519
SystemInformation:
  OSName: Ubuntu 24.04.1 LTS
  Kernel: 6.8.0-1016-aws
  Device: ""
  Processor: Intel Xeon Platinum 8259CL CPU @ 2.50GHz
  NumSockets: 1
  Manufacturer: GenuineIntel
  NumCores: 12
  NumLogicals: 24
  CPUFrequency: 0
  Memory: 95511
  MemModuleInfo:
    iNumMemSticks: 1
    DIMM 1:
      manufacturer: Not Specified
      modulePartNo: Not Specified
      memType: DDR4
      size: 96
      clkspeed: 1466
      moduleVoltage: 0
Checksum: 4DCB8131D46DB1C5D5B1030E96F3417963EBBD15