---
system-info:
      stress-ng-version: 0.17.08
      run-by: root
      date-yyyy-mm-dd: 2024:06:15
      time-hh-mm-ss: 01:19:21
      epoch-secs: 1718414361
      hostname: 60c3c14567da
      sysname: Linux
      nodename: 60c3c14567da
      release: 6.8.0-1008-aws
      version: '#8-Ubuntu SMP Sat Apr 20 00:46:25 UTC 2024'
      machine: x86_64
      compiler: 'musl-gcc 13.2.1'
      uptime: 132
      totalram: 33089789952
      freeram: 28650221568
      sharedram: 59887616
      bufferram: 109813760
      totalswap: 0
      freeswap: 0
      pagesize: 4096
      cpus: 8
      cpus-online: 8
      ticks-per-second: 100

metrics:
    - stressor: cpu
      bogo-ops: 37803
      bogo-ops-per-second-usr-sys-time: 1890.135446
      bogo-ops-per-second-real-time: 1890.139297
      wall-clock-time: 20.000113
      user-time: 20.000154
      system-time: 0.000000
      cpu-usage-per-instance: 100.000204
      max-rss: 1104

...
