---
system-info:
      stress-ng-version: 0.17.08
      run-by: root
      date-yyyy-mm-dd: 2024:06:08
      time-hh-mm-ss: 17:43:19
      epoch-secs: 1717868599
      hostname: f75cf51b31db
      sysname: Linux
      nodename: f75cf51b31db
      release: 6.8.0-1008-aws
      version: '#8-Ubuntu SMP Sat Apr 20 00:46:25 UTC 2024'
      machine: x86_64
      compiler: 'musl-gcc 13.2.1'
      uptime: 116
      totalram: 33089789952
      freeram: 28596084736
      sharedram: 59887616
      bufferram: 104251392
      totalswap: 0
      freeswap: 0
      pagesize: 4096
      cpus: 8
      cpus-online: 8
      ticks-per-second: 100

metrics:
    - stressor: cpu
      bogo-ops: 16649
      bogo-ops-per-second-usr-sys-time: 1664.895338
      bogo-ops-per-second-real-time: 1664.889640
      wall-clock-time: 10.000062
      user-time: 10.000028
      system-time: 0.000000
      cpu-usage-per-instance: 99.999658
      max-rss: 3920

...
