---
system-info:
      stress-ng-version: 0.17.08
      run-by: root
      date-yyyy-mm-dd: 2024:08:30
      time-hh-mm-ss: 20:13:09
      epoch-secs: 1725048789
      hostname: sc-runner
      sysname: Linux
      nodename: sc-runner
      release: 6.8.0-1013-azure
      version: '#15-Ubuntu SMP Thu Aug  8 18:40:40 UTC 2024'
      machine: x86_64
      compiler: 'musl-gcc 13.2.1'
      uptime: 410
      totalram: 33653035008
      freeram: 25155444736
      sharedram: 38096896
      bufferram: 208347136
      totalswap: 0
      freeswap: 0
      pagesize: 4096
      cpus: 2
      cpus-online: 2
      ticks-per-second: 100

metrics:
    - stressor: cpu
      bogo-ops: 54085
      bogo-ops-per-second-usr-sys-time: 2704.387789
      bogo-ops-per-second-real-time: 2704.238459
      wall-clock-time: 20.000085
      user-time: 19.991982
      system-time: 0.006999
      cpu-usage-per-instance: 99.994478
      max-rss: 1104

...
