---
system-info:
      stress-ng-version: 0.17.08
      run-by: root
      date-yyyy-mm-dd: 2024:07:02
      time-hh-mm-ss: 05:40:08
      epoch-secs: 1719898808
      hostname: n2-standard-16-b7841e7
      sysname: Linux
      nodename: n2-standard-16-b7841e7
      release: 6.8.0-1009-gcp
      version: '#10-Ubuntu SMP Wed Jun 12 18:52:23 UTC 2024'
      machine: x86_64
      compiler: 'musl-gcc 13.2.1'
      uptime: 146
      totalram: 67421847552
      freeram: 62157111296
      sharedram: 36118528
      bufferram: 125329408
      totalswap: 0
      freeswap: 0
      pagesize: 4096
      cpus: 16
      cpus-online: 16
      ticks-per-second: 100

metrics:
    - stressor: cpu
      bogo-ops: 297353
      bogo-ops-per-second-usr-sys-time: 930.740992
      bogo-ops-per-second-real-time: 14867.585819
      wall-clock-time: 20.000086
      user-time: 319.466866
      system-time: 0.012992
      cpu-usage-per-instance: 99.837025
      max-rss: 1104

...
