BaselineInfo:
  WebDBID: -1
  TimeStamp: 20241115000014
Version:
  Major: 11
  Minor: 0
  Build: 1002
  SpecialBuildName: ""
  ptArchitecture: aarch64_linux
Results:
  Results Complete: true
  NumTestProcesses: 2
  CPU_INTEGER_MATH: 7845.3816666666662
  CPU_FLOATINGPOINT_MATH: 5951.3339712847501
  CPU_PRIME: 17.22661602393924
  CPU_SORTING: 5669.6343724906674
  CPU_ENCRYPTION: 267.96108722787312
  CPU_COMPRESSION: 8933.6840298538882
  CPU_SINGLETHREAD: 1110.3962123526364
  CPU_PHYSICS: 362.01399547483504
  CPU_MATRIX_MULT_SSE: 1234.3195209638814
  CPU_mm: 207.14203868022781
  CPU_sse: 1029.0638777016388
  CPU_fma: 1439.5751642261239
  CPU_avx: 0
  CPU_avx512: 0
  m_CPU_enc_SHA: 401751002.98422515
  m_CPU_enc_AES: 186878726.4294098
  m_CPU_enc_ECDSA: 254302965.58952785
  ME_ALLOC_S: 1299.5927827423914
  ME_READ_S: 9476.7355468749993
  ME_READ_L: 9171.8251953125
  ME_WRITE: 12537.5400390625
  ME_LARGE: 554.08333333333337
  ME_LATENCY: 69.820758610013229
  ME_THREADED: 17889.591796875
  SUMM_CPU: 1351.8797514691971
  SUMM_ME: 819.89589157577996
SystemInformation:
  OSName: Ubuntu 24.04.1 LTS
  Kernel: 6.8.0-1018-aws
  Device: ""
  Processor: ARM Neoverse-N1 2 Core 0 MHz
  NumSockets: 1
  Manufacturer: ARM
  NumCores: 2
  NumLogicals: 2
  CPUFrequency: 0
  Memory: 3807
Checksum: 1A868A57D2E1BA345B2608C2626500328330CCF8