BaselineInfo:
  WebDBID: -1
  TimeStamp: 20241115160245
Version:
  Major: 11
  Minor: 0
  Build: 1002
  SpecialBuildName: ""
  ptArchitecture: aarch64_linux
Results:
  Results Complete: true
  NumTestProcesses: 2
  CPU_INTEGER_MATH: 7834.9446666666663
  CPU_FLOATINGPOINT_MATH: 5949.5625967277283
  CPU_PRIME: 16.816497493217934
  CPU_SORTING: 5642.0940915061656
  CPU_ENCRYPTION: 267.8167406631826
  CPU_COMPRESSION: 8831.7662691514524
  CPU_SINGLETHREAD: 1108.607754658357
  CPU_PHYSICS: 328.00681309929462
  CPU_MATRIX_MULT_SSE: 1235.0173204567554
  CPU_mm: 207.3026208819353
  CPU_sse: 1035.382609107523
  CPU_fma: 1434.6520318059881
  CPU_avx: 0
  CPU_avx512: 0
  m_CPU_enc_SHA: 399342128.21765393
  m_CPU_enc_AES: 186849304.02838963
  m_CPU_enc_ECDSA: 256287187.72686857
  ME_ALLOC_S: 1286.7864781457133
  ME_READ_S: 9473.8046875
  ME_READ_L: 9141.7314453125
  ME_WRITE: 12528.8740234375
  ME_LARGE: 552.58333333333337
  ME_LATENCY: 72.45784431464196
  ME_THREADED: 18147.2470703125
  SUMM_CPU: 1344.134585590187
  SUMM_ME: 813.70515692196295
SystemInformation:
  OSName: Ubuntu 24.04.1 LTS
  Kernel: 6.8.0-1018-aws
  Device: ""
  Processor: ARM Neoverse-N1 2 Core 0 MHz
  NumSockets: 1
  Manufacturer: ARM
  NumCores: 2
  NumLogicals: 2
  CPUFrequency: 0
  Memory: 3807
Checksum: 4B2F0BAF43820CF40528AA07FB2AF9BA1FBAE809