BaselineInfo:
  WebDBID: -1
  TimeStamp: 20241107051837
Version:
  Major: 11
  Minor: 0
  Build: 1002
  SpecialBuildName: ""
  ptArchitecture: aarch64_linux
Results:
  Results Complete: true
  NumTestProcesses: 2
  CPU_INTEGER_MATH: 7833.9743333333336
  CPU_FLOATINGPOINT_MATH: 5947.113832713103
  CPU_PRIME: 16.777692966597193
  CPU_SORTING: 5650.7701059257743
  CPU_ENCRYPTION: 269.58912505102285
  CPU_COMPRESSION: 8860.1696672606085
  CPU_SINGLETHREAD: 1108.8969630375859
  CPU_PHYSICS: 353.55995753107334
  CPU_MATRIX_MULT_SSE: 1237.3983236465974
  CPU_mm: 206.44112303157081
  CPU_sse: 1039.7283620681092
  CPU_fma: 1435.0682852250852
  CPU_avx: 0
  CPU_avx512: 0
  m_CPU_enc_SHA: 406998194.06363928
  m_CPU_enc_AES: 188069830.33505619
  m_CPU_enc_ECDSA: 252986034.76980841
  ME_ALLOC_S: 1293.160783992907
  ME_READ_S: 9477.0357421874996
  ME_READ_L: 9181.9228515625
  ME_WRITE: 12539.0341796875
  ME_LARGE: 586.91666666666663
  ME_LATENCY: 71.7974592238197
  ME_THREADED: 18133.8291015625
  SUMM_CPU: 1350.5790806190203
  SUMM_ME: 838.77734542325072
SystemInformation:
  OSName: Ubuntu 24.04.1 LTS
  Kernel: 6.8.0-1016-aws
  Device: ""
  Processor: ARM Neoverse-N1 2 Core 0 MHz
  NumSockets: 1
  Manufacturer: ARM
  NumCores: 2
  NumLogicals: 2
  CPUFrequency: 0
  Memory: 3807
Checksum: C97AA7A77F3B8907C57D1C032453EA706B809221