---
system-info:
      stress-ng-version: 0.17.08
      run-by: root
      date-yyyy-mm-dd: 2024:06:12
      time-hh-mm-ss: 17:41:44
      epoch-secs: 1718214104
      hostname: 9e49c87e87a6
      sysname: Linux
      nodename: 9e49c87e87a6
      release: 6.8.0-1008-aws
      version: '#8-Ubuntu SMP Sat Apr 20 00:46:25 UTC 2024'
      machine: x86_64
      compiler: 'musl-gcc 13.2.1'
      uptime: 146
      totalram: 147759419392
      freeram: 142713085952
      sharedram: 55791616
      bufferram: 111378432
      totalswap: 0
      freeswap: 0
      pagesize: 4096
      cpus: 72
      cpus-online: 72
      ticks-per-second: 100

metrics:
    - stressor: cpu
      bogo-ops: 1180441
      bogo-ops-per-second-usr-sys-time: 820.126058
      bogo-ops-per-second-real-time: 59021.988357
      wall-clock-time: 20.000021
      user-time: 1439.302944
      system-time: 0.037983
      cpu-usage-per-instance: 99.954127
      max-rss: 576

...
