---
system-info:
      stress-ng-version: 0.17.08
      run-by: root
      date-yyyy-mm-dd: 2024:06:05
      time-hh-mm-ss: 20:28:56
      epoch-secs: 1717619336
      hostname: 7bed9c1186ea
      sysname: Linux
      nodename: 7bed9c1186ea
      release: 6.8.0-1008-aws
      version: '#8-Ubuntu SMP Sat Apr 20 00:46:25 UTC 2024'
      machine: x86_64
      compiler: 'musl-gcc 13.2.1'
      uptime: 111
      totalram: 147759439872
      freeram: 142874640384
      sharedram: 55791616
      bufferram: 78745600
      totalswap: 0
      freeswap: 0
      pagesize: 4096
      cpus: 72
      cpus-online: 72
      ticks-per-second: 100

metrics:
    - stressor: cpu
      bogo-ops: 807343
      bogo-ops-per-second-usr-sys-time: 1122.125522
      bogo-ops-per-second-real-time: 80720.133035
      wall-clock-time: 10.001755
      user-time: 719.373597
      system-time: 0.102954
      cpu-usage-per-instance: 99.909764
      max-rss: 3456

...
