---
system-info:
      stress-ng-version: 0.17.08
      run-by: root
      date-yyyy-mm-dd: 2024:06:12
      time-hh-mm-ss: 20:23:06
      epoch-secs: 1718223786
      hostname: 37d39dd42072
      sysname: Linux
      nodename: 37d39dd42072
      release: 6.8.0-1008-aws
      version: '#8-Ubuntu SMP Sat Apr 20 00:46:25 UTC 2024'
      machine: x86_64
      compiler: 'musl-gcc 13.2.1'
      uptime: 138
      totalram: 147759439872
      freeram: 142702985216
      sharedram: 55791616
      bufferram: 111243264
      totalswap: 0
      freeswap: 0
      pagesize: 4096
      cpus: 72
      cpus-online: 72
      ticks-per-second: 100

metrics:
    - stressor: cpu
      bogo-ops: 1334480
      bogo-ops-per-second-usr-sys-time: 927.119810
      bogo-ops-per-second-real-time: 66723.695425
      wall-clock-time: 20.000091
      user-time: 1439.339489
      system-time: 0.042978
      cpu-usage-per-instance: 99.956659
      max-rss: 576

...
