BaselineInfo:
  WebDBID: -1
  TimeStamp: 20241107045502
Version:
  Major: 11
  Minor: 0
  Build: 1002
  SpecialBuildName: ""
  ptArchitecture: x86_64_linux
Results:
  Results Complete: true
  NumTestProcesses: 2
  CPU_INTEGER_MATH: 9913.5406666666677
  CPU_FLOATINGPOINT_MATH: 7075.5849219952743
  CPU_PRIME: 19.71529304186712
  CPU_SORTING: 4986.3073080900049
  CPU_ENCRYPTION: 2166.0947675951143
  CPU_COMPRESSION: 36195.281640593457
  CPU_SINGLETHREAD: 2869.1019974326382
  CPU_PHYSICS: 463.49023963407194
  CPU_MATRIX_MULT_SSE: 2666.6838444841255
  CPU_mm: 262.42634256533199
  CPU_sse: 1134.9152959756129
  CPU_fma: 3083.7866422384159
  CPU_avx: 2562.1916432600387
  CPU_avx512: 3885.841796462435
  m_CPU_enc_SHA: 2273790649.7172813
  m_CPU_enc_AES: 2970955571.7842913
  m_CPU_enc_ECDSA: 1569198739.57587
  ME_ALLOC_S: 1276.5538009634404
  ME_READ_S: 27356.672460937501
  ME_READ_L: 8759.17578125
  ME_WRITE: 12180.5703125
  ME_LARGE: 663
  ME_LATENCY: 82.307576531198407
  ME_THREADED: 12196.77001953125
  SUMM_CPU: 3823.8832780091689
  SUMM_ME: 934.47535594989733
SystemInformation:
  OSName: Ubuntu 24.04.1 LTS
  Kernel: 6.8.0-1016-aws
  Device: ""
  Processor: Intel Xeon Platinum 8488C
  NumSockets: 1
  Manufacturer: GenuineIntel
  NumCores: 1
  NumLogicals: 2
  CPUFrequency: 0
  Memory: 3816
  MemModuleInfo:
    iNumMemSticks: 1
    DIMM 1:
      manufacturer: Not Specified
      modulePartNo: Not Specified
      memType: DDR5
      size: 4
      clkspeed: 2400
      moduleVoltage: 0
Checksum: A52F7BEBDB0E8DA91E4B9BD73CBCE12A32CD43E8