BaselineInfo:
  WebDBID: -1
  TimeStamp: 20241114234615
Version:
  Major: 11
  Minor: 0
  Build: 1002
  SpecialBuildName: ""
  ptArchitecture: x86_64_linux
Results:
  Results Complete: true
  NumTestProcesses: 2
  CPU_INTEGER_MATH: 9012.598
  CPU_FLOATINGPOINT_MATH: 6395.7465960547343
  CPU_PRIME: 17.934131175303182
  CPU_SORTING: 4461.5495644814027
  CPU_ENCRYPTION: 1976.0691821813468
  CPU_COMPRESSION: 33900.216967773085
  CPU_SINGLETHREAD: 2638.9640893707196
  CPU_PHYSICS: 418.21907111603252
  CPU_MATRIX_MULT_SSE: 2017.8105982114057
  CPU_mm: 239.43238643094509
  CPU_sse: 1028.9956425956034
  CPU_fma: 2330.5119661409735
  CPU_avx: 1915.1820399057788
  CPU_avx512: 2796.5527442032667
  m_CPU_enc_SHA: 2090119376.8578889
  m_CPU_enc_AES: 2690355055.3425722
  m_CPU_enc_ECDSA: 1435701724.1245027
  ME_ALLOC_S: 961.17816012147705
  ME_READ_S: 23375.110156250001
  ME_READ_L: 7770.29638671875
  ME_WRITE: 12034.052734375
  ME_LARGE: 638
  ME_LATENCY: 88.186551988749898
  ME_THREADED: 11837.39501953125
  SUMM_CPU: 3401.221180326836
  SUMM_ME: 871.04982311031097
SystemInformation:
  OSName: Ubuntu 24.04.1 LTS
  Kernel: 6.8.0-1018-aws
  Device: ""
  Processor: Intel Xeon Platinum 8488C
  NumSockets: 1
  Manufacturer: GenuineIntel
  NumCores: 1
  NumLogicals: 2
  CPUFrequency: 0
  Memory: 3816
  MemModuleInfo:
    iNumMemSticks: 1
    DIMM 1:
      manufacturer: Not Specified
      modulePartNo: Not Specified
      memType: DDR5
      size: 4
      clkspeed: 2400
      moduleVoltage: 0
Checksum: 18068D12D903F94A44B77E53AD586C37F3809EA2