BaselineInfo:
  WebDBID: -1
  TimeStamp: 20241115154903
Version:
  Major: 11
  Minor: 0
  Build: 1002
  SpecialBuildName: ""
  ptArchitecture: x86_64_linux
Results:
  Results Complete: true
  NumTestProcesses: 2
  CPU_INTEGER_MATH: 9672.6849999999995
  CPU_FLOATINGPOINT_MATH: 6920.195431296379
  CPU_PRIME: 19.241729803754787
  CPU_SORTING: 4672.7856561694698
  CPU_ENCRYPTION: 2134.4170700500954
  CPU_COMPRESSION: 35729.826737718999
  CPU_SINGLETHREAD: 2928.3616076058252
  CPU_PHYSICS: 460.46346486840855
  CPU_MATRIX_MULT_SSE: 2492.1799041310846
  CPU_mm: 272.19180008661579
  CPU_sse: 1191.8880329466233
  CPU_fma: 2901.2829742378935
  CPU_avx: 2332.6279412032745
  CPU_avx512: 3542.9206681365467
  m_CPU_enc_SHA: 2266209434.3568172
  m_CPU_enc_AES: 2932479092.1419506
  m_CPU_enc_ECDSA: 1515607014.4357791
  ME_ALLOC_S: 1032.1889933179607
  ME_READ_S: 26896.160937500001
  ME_READ_L: 8664.0595703125
  ME_WRITE: 11913.72265625
  ME_LARGE: 586.16666666666663
  ME_LATENCY: 83.361614743801155
  ME_THREADED: 11691.40673828125
  SUMM_CPU: 3710.0516708811665
  SUMM_ME: 866.04224719699198
SystemInformation:
  OSName: Ubuntu 24.04.1 LTS
  Kernel: 6.8.0-1018-aws
  Device: ""
  Processor: Intel Xeon Platinum 8488C
  NumSockets: 1
  Manufacturer: GenuineIntel
  NumCores: 1
  NumLogicals: 2
  CPUFrequency: 0
  Memory: 3816
  MemModuleInfo:
    iNumMemSticks: 1
    DIMM 1:
      manufacturer: Not Specified
      modulePartNo: Not Specified
      memType: DDR5
      size: 4
      clkspeed: 2400
      moduleVoltage: 0
Checksum: 1998497A23C126D680C226DD6621F38A104E948B