BaselineInfo:
  WebDBID: -1
  TimeStamp: 20251007020835
Version:
  Major: 11
  Minor: 0
  Build: 1002
  SpecialBuildName: ""
  ptArchitecture: x86_64_linux
Results:
  Results Complete: true
  NumTestProcesses: 128
  CPU_INTEGER_MATH: 660063.23866666632
  CPU_FLOATINGPOINT_MATH: 477954.77981886244
  CPU_PRIME: 1084.697724384155
  CPU_SORTING: 329842.22994635312
  CPU_ENCRYPTION: 144442.23886235175
  CPU_COMPRESSION: 2535874.5857483251
  CPU_SINGLETHREAD: 3257.2679516255043
  CPU_PHYSICS: 18845.78927536216
  CPU_MATRIX_MULT_SSE: 176802.72348925303
  CPU_mm: 19186.186278982117
  CPU_sse: 79191.494809731317
  CPU_fma: 208653.15678472599
  CPU_avx: 165769.59505804293
  CPU_avx512: 253596.64730451198
  m_CPU_enc_SHA: 153066534805.75949
  m_CPU_enc_AES: 200112459326.29315
  m_CPU_enc_ECDSA: 101197001039.93521
  ME_ALLOC_S: 34597.502604468042
  ME_READ_S: 26630.836132812499
  ME_READ_L: 17829.859375
  ME_WRITE: 11732.7001953125
  ME_LARGE: 240435.66666666666
  ME_LATENCY: 65.044434257796183
  ME_THREADED: 415167.84057617188
  SUMM_CPU: 122858.64899281613
  SUMM_ME: 2806.6959751047593
SystemInformation:
  OSName: Ubuntu 24.04.2 LTS
  Kernel: 6.14.0-1014-aws
  Device: ""
  Processor: Intel Xeon 6975P-C
  NumSockets: 1
  Manufacturer: GenuineIntel
  NumCores: 64
  NumLogicals: 128
  CPUFrequency: 0
  Memory: 253789
  MemModuleInfo:
    iNumMemSticks: 2
    DIMM 1:
      manufacturer: Not Specified
      modulePartNo: Not Specified
      memType: DDR5
      size: 128
      clkspeed: 3600
      moduleVoltage: 0
    DIMM 2:
      manufacturer: Not Specified
      modulePartNo: Not Specified
      memType: DDR5
      size: 128
      clkspeed: 3600
      moduleVoltage: 0
Checksum: E55C2551B6D21939AAE2AFCBB07BBFB7443A1803