BaselineInfo:
  WebDBID: -1
  TimeStamp: 20241109211708
Version:
  Major: 11
  Minor: 0
  Build: 1002
  SpecialBuildName: ""
  ptArchitecture: x86_64_linux
Results:
  Results Complete: true
  NumTestProcesses: 64
  CPU_INTEGER_MATH: 268438.45666666667
  CPU_FLOATINGPOINT_MATH: 137228.17302181377
  CPU_PRIME: 266.23762395770149
  CPU_SORTING: 122992.40814208692
  CPU_ENCRYPTION: 56471.111511993411
  CPU_COMPRESSION: 953113.37476218934
  CPU_SINGLETHREAD: 2427.0043241552094
  CPU_PHYSICS: 4239.0511180486883
  CPU_MATRIX_MULT_SSE: 53530.202399624744
  CPU_mm: 5586.5459594987633
  CPU_sse: 23639.427781761424
  CPU_fma: 62751.076280182991
  CPU_avx: 48531.219232170537
  CPU_avx512: 79199.086304384065
  m_CPU_enc_SHA: 57711845025.964195
  m_CPU_enc_AES: 84983056141.78801
  m_CPU_enc_ECDSA: 34947855506.647812
  ME_ALLOC_S: 26418.2804291307
  ME_READ_S: 24416.609765624999
  ME_READ_L: 11906.8818359375
  ME_WRITE: 10632.7705078125
  ME_LARGE: 241221.08333333334
  ME_LATENCY: 59.648805431383188
  ME_THREADED: 166066.66430664062
  SUMM_CPU: 57720.482729496609
  SUMM_ME: 2639.0239163706792
SystemInformation:
  OSName: Ubuntu 24.04.1 LTS
  Kernel: 6.8.0-1016-aws
  Device: ""
  Processor: Intel Xeon Platinum 8375C CPU @ 2.90GHz
  NumSockets: 1
  Manufacturer: GenuineIntel
  NumCores: 32
  NumLogicals: 64
  CPUFrequency: 0
  Memory: 253655
  MemModuleInfo:
    iNumMemSticks: 1
    DIMM 1:
      manufacturer: Not Specified
      modulePartNo: Not Specified
      memType: DDR4
      size: 256
      clkspeed: 1600
      moduleVoltage: 0
Checksum: 2445C9A23CEA39BB9451DB7A915D621A368D7235