---
system-info:
      stress-ng-version: 0.17.08
      run-by: root
      date-yyyy-mm-dd: 2024:09:17
      time-hh-mm-ss: 05:16:08
      epoch-secs: 1726550168
      hostname: sc-runner
      sysname: Linux
      nodename: sc-runner
      release: 6.8.0-1014-azure
      version: '#16-Ubuntu SMP Thu Aug 15 20:04:41 UTC 2024'
      machine: x86_64
      compiler: 'musl-gcc 13.2.1'
      uptime: 345
      totalram: 202798829568
      freeram: 191489908736
      sharedram: 79704064
      bufferram: 244367360
      totalswap: 0
      freeswap: 0
      pagesize: 4096
      cpus: 48
      cpus-online: 48
      ticks-per-second: 100

metrics:
    - stressor: cpu
      bogo-ops: 28600
      bogo-ops-per-second-usr-sys-time: 1430.030531
      bogo-ops-per-second-real-time: 1429.995500
      wall-clock-time: 20.000063
      user-time: 19.998574
      system-time: 0.000999
      cpu-usage-per-instance: 99.997550
      max-rss: 3200

...
