BaselineInfo:
  WebDBID: -1
  TimeStamp: 20250422081756
Version:
  Major: 11
  Minor: 0
  Build: 1002
  SpecialBuildName: ""
  ptArchitecture: x86_64_linux
Results:
  Results Complete: true
  NumTestProcesses: 48
  CPU_INTEGER_MATH: 199407.0263333334
  CPU_FLOATINGPOINT_MATH: 109593.53305210787
  CPU_PRIME: 286.94577003818608
  CPU_SORTING: 105595.28566474243
  CPU_ENCRYPTION: 51358.317144958353
  CPU_COMPRESSION: 758377.06788587919
  CPU_SINGLETHREAD: 2591.9788866281929
  CPU_PHYSICS: 5404.6360123337954
  CPU_MATRIX_MULT_SSE: 44854.501093276369
  CPU_mm: 5377.2197873640571
  CPU_sse: 22671.90482933115
  CPU_fma: 62288.993641970184
  CPU_avx: 49602.604808527751
  CPU_avx512: 0
  m_CPU_enc_SHA: 74529135315.302994
  m_CPU_enc_AES: 47664534163.370522
  m_CPU_enc_ECDSA: 39365626797.102036
  ME_ALLOC_S: 20316.890111467212
  ME_READ_S: 25515.116992187501
  ME_READ_L: 21759.873046875
  ME_WRITE: 21069.134765625
  ME_LARGE: 666101
  ME_LATENCY: 59.935733961419594
  ME_THREADED: 115788.673828125
  SUMM_CPU: 52756.431885690712
  SUMM_ME: 3086.0707688103184
SystemInformation:
  OSName: Ubuntu 24.04.2 LTS
  Kernel: 6.11.0-1012-azure
  Device: ""
  Processor: AMD EPYC 7763 64-Core Processor
  NumSockets: 1
  Manufacturer: AuthenticAMD
  NumCores: 24
  NumLogicals: 48
  CPUFrequency: 0
  Memory: 676859
  MemModuleInfo:
    iNumMemSticks: 3
    DIMM 1:
      manufacturer: Microsoft Corporation
      modulePartNo: None
      memType: Unknown
      size: 1
      clkspeed: 0
      moduleVoltage: 0
    DIMM 2:
      manufacturer: Microsoft Corporation
      modulePartNo: None
      memType: Unknown
      size: 59
      clkspeed: 0
      moduleVoltage: 0
    DIMM 3:
      manufacturer: Microsoft Corporation
      modulePartNo: None
      memType: Unknown
      size: 612
      clkspeed: 0
      moduleVoltage: 0
Checksum: 92737CA333852EA0BC1F0A7587BEFBD57A5770B9