BaselineInfo:
  WebDBID: -1
  TimeStamp: 20241109072050
Version:
  Major: 11
  Minor: 0
  Build: 1002
  SpecialBuildName: ""
  ptArchitecture: x86_64_linux
Results:
  Results Complete: true
  NumTestProcesses: 32
  CPU_INTEGER_MATH: 90843.151000000027
  CPU_FLOATINGPOINT_MATH: 48651.440369664619
  CPU_PRIME: 130.38397077867458
  CPU_SORTING: 46441.56372210999
  CPU_ENCRYPTION: 12455.887464027961
  CPU_COMPRESSION: 399618.37278836995
  CPU_SINGLETHREAD: 1814.0158160644319
  CPU_PHYSICS: 2332.0604698537913
  CPU_MATRIX_MULT_SSE: 24641.816321983999
  CPU_mm: 2759.0189950653662
  CPU_sse: 9949.8677426974318
  CPU_fma: 29313.800975812926
  CPU_avx: 20706.548387046492
  CPU_avx512: 38597.048182379171
  m_CPU_enc_SHA: 4096332979.6991467
  m_CPU_enc_AES: 31424026063.471424
  m_CPU_enc_ECDSA: 3662474917.2711897
  ME_ALLOC_S: 10646.23318104281
  ME_READ_S: 22339.115039062501
  ME_READ_L: 10818.8935546875
  ME_WRITE: 10436.9365234375
  ME_LARGE: 244303.5
  ME_LATENCY: 52.340438195219498
  ME_THREADED: 109830.70849609375
  SUMM_CPU: 25453.238024196831
  SUMM_ME: 2638.6748462304163
SystemInformation:
  OSName: Ubuntu 24.04.1 LTS
  Kernel: 6.8.0-1016-aws
  Device: ""
  Processor: Intel Xeon Platinum 8259CL CPU @ 2.50GHz
  NumSockets: 1
  Manufacturer: GenuineIntel
  NumCores: 16
  NumLogicals: 32
  CPUFrequency: 0
  Memory: 255010
  MemModuleInfo:
    iNumMemSticks: 1
    DIMM 1:
      manufacturer: Not Specified
      modulePartNo: Not Specified
      memType: DDR4
      size: 256
      clkspeed: 1600
      moduleVoltage: 0
Checksum: 0F988594F71CFE9813D050C141F2B56740CD7ED8