---
system-info:
      stress-ng-version: 0.17.08
      run-by: root
      date-yyyy-mm-dd: 2024:09:17
      time-hh-mm-ss: 03:50:57
      epoch-secs: 1726545057
      hostname: sc-runner
      sysname: Linux
      nodename: sc-runner
      release: 6.8.0-1014-azure
      version: '#16-Ubuntu SMP Thu Aug 15 20:04:41 UTC 2024'
      machine: x86_64
      compiler: 'musl-gcc 13.2.1'
      uptime: 331
      totalram: 270251393024
      freeram: 259645026304
      sharedram: 42147840
      bufferram: 242540544
      totalswap: 0
      freeswap: 0
      pagesize: 4096
      cpus: 32
      cpus-online: 32
      ticks-per-second: 100

metrics:
    - stressor: cpu
      bogo-ops: 29664
      bogo-ops-per-second-usr-sys-time: 1483.205859
      bogo-ops-per-second-real-time: 1483.196057
      wall-clock-time: 20.000053
      user-time: 19.999921
      system-time: 0.000000
      cpu-usage-per-instance: 99.999339
      max-rss: 1032

...
