BaselineInfo:
  WebDBID: -1
  TimeStamp: 20241108082243
Version:
  Major: 11
  Minor: 0
  Build: 1002
  SpecialBuildName: ""
  ptArchitecture: x86_64_linux
Results:
  Results Complete: true
  NumTestProcesses: 16
  CPU_INTEGER_MATH: 50342.36066666666
  CPU_FLOATINGPOINT_MATH: 27547.409512784707
  CPU_PRIME: 81.957471879351118
  CPU_SORTING: 26527.878498461083
  CPU_ENCRYPTION: 7013.2559256646518
  CPU_COMPRESSION: 226640.21633611186
  CPU_SINGLETHREAD: 2048.8170162219612
  CPU_PHYSICS: 1616.96222101178
  CPU_MATRIX_MULT_SSE: 10981.568735376091
  CPU_mm: 1575.8728984363236
  CPU_sse: 5900.0355006255177
  CPU_fma: 15961.749692480071
  CPU_avx: 11082.921013022684
  CPU_avx512: 0
  m_CPU_enc_SHA: 2301186832.3371406
  m_CPU_enc_AES: 17704802698.846752
  m_CPU_enc_ECDSA: 2055806005.3453181
  ME_ALLOC_S: 5697.4239576752716
  ME_READ_S: 24514.336523437501
  ME_READ_L: 10631.5419921875
  ME_WRITE: 10158.552734375
  ME_LARGE: 19935.083333333332
  ME_LATENCY: 54.614330558007794
  ME_THREADED: 86058.53759765625
  SUMM_CPU: 15674.332458050405
  SUMM_ME: 2478.7194215132731
SystemInformation:
  OSName: Ubuntu 24.04.1 LTS
  Kernel: 6.8.0-1016-aws
  Device: ""
  Processor: Intel Xeon CPU E5-2666 v3 @ 2.90GHz
  NumSockets: 1
  Manufacturer: GenuineIntel
  NumCores: 8
  NumLogicals: 16
  CPUFrequency: 0
  Memory: 30035
  MemModuleInfo:
    iNumMemSticks: 2
    DIMM 1:
      manufacturer: Not Specified
      modulePartNo: Not Specified
      memType: RAM
      size: 16
      clkspeed: 0
      moduleVoltage: 0
    DIMM 2:
      manufacturer: Not Specified
      modulePartNo: Not Specified
      memType: RAM
      size: 14
      clkspeed: 0
      moduleVoltage: 0
Checksum: A5F63531E951C62FC33E038B04A1015C855B120B