---
system-info:
      stress-ng-version: 0.17.08
      run-by: root
      date-yyyy-mm-dd: 2024:06:15
      time-hh-mm-ss: 11:56:07
      epoch-secs: 1718452567
      hostname: b232dc8213b6
      sysname: Linux
      nodename: b232dc8213b6
      release: 6.8.0-1008-aws
      version: '#8-Ubuntu SMP Sat Apr 20 00:46:25 UTC 2024'
      machine: x86_64
      compiler: 'musl-gcc 13.2.1'
      uptime: 112
      totalram: 33089785856
      freeram: 28606230528
      sharedram: 113565696
      bufferram: 108617728
      totalswap: 0
      freeswap: 0
      pagesize: 4096
      cpus: 8
      cpus-online: 8
      ticks-per-second: 100

metrics:
    - stressor: cpu
      bogo-ops: 166918
      bogo-ops-per-second-usr-sys-time: 1044.949114
      bogo-ops-per-second-real-time: 8345.864183
      wall-clock-time: 20.000086
      user-time: 159.717928
      system-time: 0.019994
      cpu-usage-per-instance: 99.835773
      max-rss: 1104

...
