---
system-info:
      stress-ng-version: 0.17.08
      run-by: root
      date-yyyy-mm-dd: 2024:06:09
      time-hh-mm-ss: 10:20:10
      epoch-secs: 1717928410
      hostname: cb20f909f814
      sysname: Linux
      nodename: cb20f909f814
      release: 6.8.0-1008-aws
      version: '#8-Ubuntu SMP Sat Apr 20 00:46:25 UTC 2024'
      machine: x86_64
      compiler: 'musl-gcc 13.2.1'
      uptime: 107
      totalram: 33089789952
      freeram: 28520431616
      sharedram: 113565696
      bufferram: 106377216
      totalswap: 0
      freeswap: 0
      pagesize: 4096
      cpus: 8
      cpus-online: 8
      ticks-per-second: 100

metrics:
    - stressor: cpu
      bogo-ops: 107912
      bogo-ops-per-second-usr-sys-time: 1352.748214
      bogo-ops-per-second-real-time: 10789.706940
      wall-clock-time: 10.001384
      user-time: 79.751435
      system-time: 0.020986
      cpu-usage-per-instance: 99.701730
      max-rss: 3920

...
