---
system-info:
      stress-ng-version: 0.17.08
      run-by: root
      date-yyyy-mm-dd: 2024:06:14
      time-hh-mm-ss: 03:41:28
      epoch-secs: 1718336488
      hostname: 10ecc092c821
      sysname: Linux
      nodename: 10ecc092c821
      release: 6.8.0-1008-aws
      version: '#8-Ubuntu SMP Sat Apr 20 00:46:25 UTC 2024'
      machine: x86_64
      compiler: 'musl-gcc 13.2.1'
      uptime: 123
      totalram: 264634384384
      freeram: 259079823360
      sharedram: 138592256
      bufferram: 107921408
      totalswap: 0
      freeswap: 0
      pagesize: 4096
      cpus: 128
      cpus-online: 128
      ticks-per-second: 100

metrics:
    - stressor: cpu
      bogo-ops: 3818939
      bogo-ops-per-second-usr-sys-time: 1492.559140
      bogo-ops-per-second-real-time: 190946.396176
      wall-clock-time: 20.000058
      user-time: 2558.600748
      system-time: 0.050965
      cpu-usage-per-instance: 99.947043
      max-rss: 0

...
