---
system-info:
      stress-ng-version: 0.17.08
      run-by: root
      date-yyyy-mm-dd: 2024:06:06
      time-hh-mm-ss: 03:31:44
      epoch-secs: 1717644704
      hostname: 20fac777dd88
      sysname: Linux
      nodename: 20fac777dd88
      release: 6.8.0-1008-aws
      version: '#8-Ubuntu SMP Sat Apr 20 00:46:25 UTC 2024'
      machine: x86_64
      compiler: 'musl-gcc 13.2.1'
      uptime: 112
      totalram: 264634355712
      freeram: 259071397888
      sharedram: 138584064
      bufferram: 80154624
      totalswap: 0
      freeswap: 0
      pagesize: 4096
      cpus: 128
      cpus-online: 128
      ticks-per-second: 100

metrics:
    - stressor: cpu
      bogo-ops: 1696628
      bogo-ops-per-second-usr-sys-time: 1326.397753
      bogo-ops-per-second-real-time: 169639.602984
      wall-clock-time: 10.001367
      user-time: 1278.945713
      system-time: 0.178891
      cpu-usage-per-instance: 99.917947
      max-rss: 3072

...
