size_kb,operation,bandwidth_mb_s,latency_ns,latency_stddev_ns,latency_samples,threads,iterations,elapsed_s
32,read,625269.26,0,0,0,8,521920,0.208678
32,write,626163.74,0,0,0,8,549450,0.219372
32,copy,613621.94,0,0,0,8,471698,0.192178
32,latency,0,2.06,0.00,7,1,7,0.295902
128,read,444876.29,0,0,0,8,124440,0.279718
128,write,624967.15,0,0,0,8,149253,0.238817
128,copy,433882.81,0,0,0,8,94339,0.217430
128,latency,0,3.33,0.00,7,1,7,0.703792
512,read,420938.51,0,0,0,8,30465,0.289496
512,write,626295.03,0,0,0,8,38862,0.248203
512,copy,269968.85,0,0,0,8,19742,0.292508
512,latency,0,6.32,0.01,7,1,7,0.698647
1024,read,357328.11,0,0,0,8,12720,0.284780
1024,write,604577.20,0,0,0,8,18781,0.248517
1024,copy,131733.71,0,0,0,8,8201,0.498035
1024,latency,0,9.11,0.01,7,1,7,0.664562
2048,read,206964.64,0,0,0,8,3844,0.297172
2048,write,257190.17,0,0,0,8,8191,0.509568
2048,copy,110124.60,0,0,0,8,4099,0.595544
2048,latency,0,22.28,0.12,7,1,7,0.689241
8192,read,145122.95,0,0,0,8,841,0.370886
8192,write,158876.73,0,0,0,8,1903,0.766582
8192,copy,90360.16,0,0,0,8,761,0.538999
8192,latency,0,29.13,0.01,7,1,7,0.708397
16384,read,145357.14,0,0,0,8,425,0.374251
16384,write,150726.83,0,0,0,8,987,0.838179
16384,copy,91037.38,0,0,0,8,389,0.546940
16384,latency,0,34.66,25.60,21,1,21,2.274266
32768,read,123382.06,0,0,0,8,187,0.387998
32768,write,144200.81,0,0,0,8,429,0.761605
32768,copy,89524.98,0,0,0,8,175,0.500419
32768,latency,0,66.35,25.74,21,1,21,3.739035
65536,read,139094.37,0,0,0,8,106,0.390181
65536,write,141126.33,0,0,0,8,224,0.812662
65536,copy,86433.83,0,0,0,8,97,0.574590
65536,latency,0,111.40,10.49,21,1,21,11.162329
131072,read,138636.48,0,0,0,8,53,0.391470
131072,write,140746.68,0,0,0,8,113,0.822130
131072,copy,89529.19,0,0,0,8,48,0.549005
131072,latency,0,108.41,4.61,7,1,7,9.721525
