BaselineInfo:
  WebDBID: -1
  TimeStamp: 20241114194557
Version:
  Major: 11
  Minor: 0
  Build: 1002
  SpecialBuildName: ""
  ptArchitecture: aarch64_linux
Results:
  Results Complete: true
  NumTestProcesses: 2
  CPU_INTEGER_MATH: 9484.5586666666677
  CPU_FLOATINGPOINT_MATH: 9424.6455527395519
  CPU_PRIME: 25.473517734103922
  CPU_SORTING: 7826.1514701179376
  CPU_ENCRYPTION: 275.39535269571047
  CPU_COMPRESSION: 10378.168810944633
  CPU_SINGLETHREAD: 1565.7187177830892
  CPU_PHYSICS: 566.67574315884792
  CPU_MATRIX_MULT_SSE: 1647.9678716805256
  CPU_mm: 214.20377481174449
  CPU_sse: 1381.9584548825537
  CPU_fma: 1913.977288478497
  CPU_avx: 0
  CPU_avx512: 0
  m_CPU_enc_SHA: 419686807.98454785
  m_CPU_enc_AES: 164107593.06599259
  m_CPU_enc_ECDSA: 282524470.99423146
  ME_ALLOC_S: 2018.9882722324101
  ME_READ_S: 19678.235937500001
  ME_READ_L: 18949.689453125
  ME_WRITE: 19628.14453125
  ME_LARGE: 608.91666666666663
  ME_LATENCY: 49.919860673738334
  ME_THREADED: 37239.140625
  SUMM_CPU: 1565.8931063468667
  SUMM_ME: 1113.3422881149054
SystemInformation:
  OSName: Ubuntu 24.04.1 LTS
  Kernel: 6.8.0-1018-aws
  Device: ""
  Processor: ARM Neoverse-V1 2 Core 0 MHz
  NumSockets: 1
  Manufacturer: ARM
  NumCores: 2
  NumLogicals: 2
  CPUFrequency: 0
  Memory: 3807
Checksum: DD9B4A8958F7979590E694CAB4D5E61A2F83EB28