BaselineInfo:
  WebDBID: -1
  TimeStamp: 20241106235528
Version:
  Major: 11
  Minor: 0
  Build: 1002
  SpecialBuildName: ""
  ptArchitecture: aarch64_linux
Results:
  Results Complete: true
  NumTestProcesses: 2
  CPU_INTEGER_MATH: 9482.9493333333339
  CPU_FLOATINGPOINT_MATH: 9432.6064176959189
  CPU_PRIME: 24.890901883118566
  CPU_SORTING: 7811.2049437183941
  CPU_ENCRYPTION: 275.29029606252061
  CPU_COMPRESSION: 10326.049266742044
  CPU_SINGLETHREAD: 1564.2193472310428
  CPU_PHYSICS: 545.77533337503792
  CPU_MATRIX_MULT_SSE: 1649.615179343662
  CPU_mm: 214.82597911052923
  CPU_sse: 1386.7900913369435
  CPU_fma: 1912.4402673503807
  CPU_avx: 0
  CPU_avx512: 0
  m_CPU_enc_SHA: 419811927.37298131
  m_CPU_enc_AES: 162643974.11597645
  m_CPU_enc_ECDSA: 283532490.96320295
  ME_ALLOC_S: 2010.3478773900442
  ME_READ_S: 19665.927929687499
  ME_READ_L: 18904.4296875
  ME_WRITE: 19661.966796875
  ME_LARGE: 562.25
  ME_LATENCY: 51.093739675599998
  ME_THREADED: 37316.591796875
  SUMM_CPU: 1562.2488257588307
  SUMM_ME: 1057.3455857021158
SystemInformation:
  OSName: Ubuntu 24.04.1 LTS
  Kernel: 6.8.0-1016-aws
  Device: ""
  Processor: ARM Neoverse-V1 2 Core 0 MHz
  NumSockets: 1
  Manufacturer: ARM
  NumCores: 2
  NumLogicals: 2
  CPUFrequency: 0
  Memory: 3807
Checksum: ED9D770BBA05F72E0066C09E82C986F8AA300777