BaselineInfo:
  WebDBID: -1
  TimeStamp: 20241115120002
Version:
  Major: 11
  Minor: 0
  Build: 1002
  SpecialBuildName: ""
  ptArchitecture: aarch64_linux
Results:
  Results Complete: true
  NumTestProcesses: 2
  CPU_INTEGER_MATH: 9486.2626666666656
  CPU_FLOATINGPOINT_MATH: 9426.7053989637425
  CPU_PRIME: 25.22654447798563
  CPU_SORTING: 7837.4553863108995
  CPU_ENCRYPTION: 273.96330494452803
  CPU_COMPRESSION: 10310.538144695141
  CPU_SINGLETHREAD: 1560.4852599979215
  CPU_PHYSICS: 565.16945987821521
  CPU_MATRIX_MULT_SSE: 1647.7827968525248
  CPU_mm: 215.06247005773307
  CPU_sse: 1381.6133316536689
  CPU_fma: 1913.9522620513803
  CPU_avx: 0
  CPU_avx512: 0
  m_CPU_enc_SHA: 418949570.23480469
  m_CPU_enc_AES: 160677630.17136556
  m_CPU_enc_ECDSA: 282186838.93037003
  ME_ALLOC_S: 2017.4561522285244
  ME_READ_S: 19677.442968750001
  ME_READ_L: 18848.462890625
  ME_WRITE: 19646.08984375
  ME_LARGE: 560.91666666666663
  ME_LATENCY: 50.719554645669824
  ME_THREADED: 37139.373046875
  SUMM_CPU: 1559.1311685055814
  SUMM_ME: 1056.8975115143242
SystemInformation:
  OSName: Ubuntu 24.04.1 LTS
  Kernel: 6.8.0-1018-aws
  Device: ""
  Processor: ARM Neoverse-V1 2 Core 0 MHz
  NumSockets: 1
  Manufacturer: ARM
  NumCores: 2
  NumLogicals: 2
  CPUFrequency: 0
  Memory: 3807
Checksum: 7233051EA66A58DBCA3D5EF3DD6D20813D9154EB