BaselineInfo:
  WebDBID: -1
  TimeStamp: 20250422153652
Version:
  Major: 11
  Minor: 0
  Build: 1002
  SpecialBuildName: ""
  ptArchitecture: aarch64_linux
Results:
  Results Complete: true
  NumTestProcesses: 96
  CPU_INTEGER_MATH: 500395.48033333343
  CPU_FLOATINGPOINT_MATH: 581217.83380287455
  CPU_PRIME: 786.64614198536515
  CPU_SORTING: 413422.29671578686
  CPU_ENCRYPTION: 18138.406750929596
  CPU_COMPRESSION: 628442.54486187093
  CPU_SINGLETHREAD: 1942.1305536820903
  CPU_PHYSICS: 17995.383869342844
  CPU_MATRIX_MULT_SSE: 80544.241236504778
  CPU_mm: 10804.011752108972
  CPU_sse: 63414.634990712089
  CPU_fma: 97673.847482297453
  CPU_avx: 0
  CPU_avx512: 0
  m_CPU_enc_SHA: 28622136028.945602
  m_CPU_enc_AES: 10278841311.494871
  m_CPU_enc_ECDSA: 18157516651.347794
  ME_ALLOC_S: 47039.712625729866
  ME_READ_S: 21143.962890625
  ME_READ_L: 19882.25390625
  ME_WRITE: 21288.0390625
  ME_LARGE: 176602.25
  ME_LATENCY: 47.027207531887029
  ME_THREADED: 507866.97314453125
  SUMM_CPU: 56467.821333344706
  SUMM_ME: 3373.682011052299
SystemInformation:
  OSName: Ubuntu 24.04.2 LTS
  Kernel: 6.8.0-1027-aws
  Device: ""
  Processor: ARM Neoverse-V2 96 Core 0 MHz
  NumSockets: 1
  Manufacturer: ARM
  NumCores: 96
  NumLogicals: 96
  CPUFrequency: 0
  Memory: 189770
Checksum: AFF0E7FA61736CCE32B03819CB05A7C1E17265C2