---
system-info:
      stress-ng-version: 0.17.08
      run-by: root
      date-yyyy-mm-dd: 2024:06:10
      time-hh-mm-ss: 05:21:29
      epoch-secs: 1717996889
      hostname: 7eeced70f0de
      sysname: Linux
      nodename: 7eeced70f0de
      release: 6.8.0-1008-aws
      version: '#8-Ubuntu SMP Sat Apr 20 00:46:25 UTC 2024'
      machine: x86_64
      compiler: 'musl-gcc 13.2.1'
      uptime: 189
      totalram: 16601325568
      freeram: 12135022592
      sharedram: 11636736
      bufferram: 114114560
      totalswap: 0
      freeswap: 0
      pagesize: 4096
      cpus: 4
      cpus-online: 4
      ticks-per-second: 100

metrics:
    - stressor: cpu
      bogo-ops: 31697
      bogo-ops-per-second-usr-sys-time: 798.764092
      bogo-ops-per-second-real-time: 3169.418408
      wall-clock-time: 10.000888
      user-time: 39.661567
      system-time: 0.020988
      cpu-usage-per-instance: 99.197574
      max-rss: 4048

...
