---
system-info:
      stress-ng-version: 0.17.08
      run-by: root
      date-yyyy-mm-dd: 2024:06:16
      time-hh-mm-ss: 07:41:55
      epoch-secs: 1718523715
      hostname: 98a502ea9392
      sysname: Linux
      nodename: 98a502ea9392
      release: 6.8.0-1008-aws
      version: '#8-Ubuntu SMP Sat Apr 20 00:46:25 UTC 2024'
      machine: x86_64
      compiler: 'musl-gcc 13.2.1'
      uptime: 169
      totalram: 16601317376
      freeram: 12301844480
      sharedram: 11636736
      bufferram: 109154304
      totalswap: 0
      freeswap: 0
      pagesize: 4096
      cpus: 4
      cpus-online: 4
      ticks-per-second: 100

metrics:
    - stressor: cpu
      bogo-ops: 23526
      bogo-ops-per-second-usr-sys-time: 296.595453
      bogo-ops-per-second-real-time: 1176.277151
      wall-clock-time: 20.000389
      user-time: 79.301129
      system-time: 0.019035
      cpu-usage-per-instance: 99.148279
      max-rss: 1104

...
