---
system-info:
      stress-ng-version: 0.17.08
      run-by: root
      date-yyyy-mm-dd: 2024:09:22
      time-hh-mm-ss: 05:33:25
      epoch-secs: 1726983205
      hostname: sc-runner
      sysname: Linux
      nodename: sc-runner
      release: 6.8.0-1014-azure
      version: '#16-Ubuntu SMP Thu Aug 15 20:04:41 UTC 2024'
      machine: x86_64
      compiler: 'musl-gcc 13.2.1'
      uptime: 339
      totalram: 135070527488
      freeram: 124675452928
      sharedram: 38105088
      bufferram: 271052800
      totalswap: 0
      freeswap: 0
      pagesize: 4096
      cpus: 4
      cpus-online: 4
      ticks-per-second: 100

metrics:
    - stressor: cpu
      bogo-ops: 54020
      bogo-ops-per-second-usr-sys-time: 2701.104263
      bogo-ops-per-second-real-time: 2700.993947
      wall-clock-time: 20.000045
      user-time: 19.999228
      system-time: 0.000000
      cpu-usage-per-instance: 99.995916
      max-rss: 3152

...
