---
system-info:
      stress-ng-version: 0.17.08
      run-by: root
      date-yyyy-mm-dd: 2024:09:15
      time-hh-mm-ss: 21:02:15
      epoch-secs: 1726434135
      hostname: sc-runner
      sysname: Linux
      nodename: sc-runner
      release: 6.8.0-1014-azure
      version: '#16-Ubuntu SMP Thu Aug 15 20:04:41 UTC 2024'
      machine: x86_64
      compiler: 'musl-gcc 13.2.1'
      uptime: 323
      totalram: 8322605056
      freeram: 237121536
      sharedram: 54874112
      bufferram: 206372864
      totalswap: 0
      freeswap: 0
      pagesize: 4096
      cpus: 2
      cpus-online: 2
      ticks-per-second: 100

metrics:
    - stressor: cpu
      bogo-ops: 37817
      bogo-ops-per-second-usr-sys-time: 1890.873825
      bogo-ops-per-second-real-time: 1890.839609
      wall-clock-time: 20.000110
      user-time: 19.997749
      system-time: 0.001999
      cpu-usage-per-instance: 99.998190
      max-rss: 3152

...
