BaselineInfo:
  WebDBID: -1
  TimeStamp: 20241106234207
Version:
  Major: 11
  Minor: 0
  Build: 1002
  SpecialBuildName: ""
  ptArchitecture: x86_64_linux
Results:
  Results Complete: true
  NumTestProcesses: 2
  CPU_INTEGER_MATH: 7706.1980000000003
  CPU_FLOATINGPOINT_MATH: 5312.8233689618755
  CPU_PRIME: 22.365196413337017
  CPU_SORTING: 4534.2134132391384
  CPU_ENCRYPTION: 946.3090031946108
  CPU_COMPRESSION: 32510.353706293452
  CPU_SINGLETHREAD: 1763.7046376031774
  CPU_PHYSICS: 391.96300537759123
  CPU_MATRIX_MULT_SSE: 1793.576536681845
  CPU_mm: 331.0653500339364
  CPU_sse: 1094.7489580373322
  CPU_fma: 2602.7807535410684
  CPU_avx: 1683.199898467135
  CPU_avx512: 0
  m_CPU_enc_SHA: 441384526.81334746
  m_CPU_enc_AES: 2150087571.132453
  m_CPU_enc_ECDSA: 385358630.05557621
  ME_ALLOC_S: 1368.3579098105588
  ME_READ_S: 18460.786523437499
  ME_READ_L: 8079.599609375
  ME_WRITE: 7774.34130859375
  ME_LARGE: 619.58333333333337
  ME_LATENCY: 83.136612071487079
  ME_THREADED: 15196.474609375
  SUMM_CPU: 2772.3203238313208
  SUMM_ME: 870.17465697614534
SystemInformation:
  OSName: Ubuntu 24.04.1 LTS
  Kernel: 6.8.0-1016-aws
  Device: ""
  Processor: Intel Xeon CPU E5-2686 v4 @ 2.30GHz
  NumSockets: 1
  Manufacturer: GenuineIntel
  NumCores: 2
  NumLogicals: 2
  CPUFrequency: 0
  Memory: 3912
  MemModuleInfo:
    iNumMemSticks: 1
    DIMM 1:
      manufacturer: Not Specified
      modulePartNo: Not Specified
      memType: RAM
      size: 4
      clkspeed: 0
      moduleVoltage: 0
Checksum: FD3521758CA2E8B2280229716E64A05B846B9C40