BaselineInfo:
  WebDBID: -1
  TimeStamp: 20241114193617
Version:
  Major: 11
  Minor: 0
  Build: 1002
  SpecialBuildName: ""
  ptArchitecture: x86_64_linux
Results:
  Results Complete: true
  NumTestProcesses: 2
  CPU_INTEGER_MATH: 7853.9726666666666
  CPU_FLOATINGPOINT_MATH: 5392.2945209873033
  CPU_PRIME: 23.892682219490204
  CPU_SORTING: 4515.2581741645936
  CPU_ENCRYPTION: 978.45615994326749
  CPU_COMPRESSION: 32883.670685300654
  CPU_SINGLETHREAD: 1801.209356473282
  CPU_PHYSICS: 421.10688483484881
  CPU_MATRIX_MULT_SSE: 1840.0103907819087
  CPU_mm: 359.46567503658099
  CPU_sse: 1128.5595262653098
  CPU_fma: 2767.1301963025535
  CPU_avx: 1624.3414497778624
  CPU_avx512: 0
  m_CPU_enc_SHA: 484658500.44351882
  m_CPU_enc_AES: 2176062359.2474003
  m_CPU_enc_ECDSA: 417236079.41509604
  ME_ALLOC_S: 1420.5952381046509
  ME_READ_S: 18907.569140625001
  ME_READ_L: 8494.41015625
  ME_WRITE: 7805.5673828125
  ME_LARGE: 583.83333333333337
  ME_LATENCY: 79.767277359095146
  ME_THREADED: 16031.2900390625
  SUMM_CPU: 2832.7969186737178
  SUMM_ME: 863.51833263137462
SystemInformation:
  OSName: Ubuntu 24.04.1 LTS
  Kernel: 6.8.0-1018-aws
  Device: ""
  Processor: Intel Xeon CPU E5-2686 v4 @ 2.30GHz
  NumSockets: 1
  Manufacturer: GenuineIntel
  NumCores: 2
  NumLogicals: 2
  CPUFrequency: 0
  Memory: 3912
  MemModuleInfo:
    iNumMemSticks: 1
    DIMM 1:
      manufacturer: Not Specified
      modulePartNo: Not Specified
      memType: RAM
      size: 4
      clkspeed: 0
      moduleVoltage: 0
Checksum: 88A842671A58C10EB5ED8A59D9A5ADF9549E894C