BaselineInfo:
  WebDBID: -1
  TimeStamp: 20241115114708
Version:
  Major: 11
  Minor: 0
  Build: 1002
  SpecialBuildName: ""
  ptArchitecture: x86_64_linux
Results:
  Results Complete: true
  NumTestProcesses: 2
  CPU_INTEGER_MATH: 7761.2939999999999
  CPU_FLOATINGPOINT_MATH: 5596.1851155338245
  CPU_PRIME: 22.431668698990492
  CPU_SORTING: 4635.7400111510251
  CPU_ENCRYPTION: 947.18197497311724
  CPU_COMPRESSION: 33876.511062663732
  CPU_SINGLETHREAD: 1811.0105339451195
  CPU_PHYSICS: 416.17636436353496
  CPU_MATRIX_MULT_SSE: 1831.1983497440203
  CPU_mm: 377.52984814918091
  CPU_sse: 1146.4990644354634
  CPU_fma: 2568.0194359711222
  CPU_avx: 1779.0765488254751
  CPU_avx512: 0
  m_CPU_enc_SHA: 415493033.01054907
  m_CPU_enc_AES: 2178183962.1050901
  m_CPU_enc_ECDSA: 385899864.6525948
  ME_ALLOC_S: 1366.5933658765434
  ME_READ_S: 18830.590625000001
  ME_READ_L: 8327.7998046875
  ME_WRITE: 7791.42333984375
  ME_LARGE: 570
  ME_LATENCY: 79.478949178650538
  ME_THREADED: 16200.28515625
  SUMM_CPU: 2834.2821977255262
  SUMM_ME: 851.84095691703385
SystemInformation:
  OSName: Ubuntu 24.04.1 LTS
  Kernel: 6.8.0-1018-aws
  Device: ""
  Processor: Intel Xeon CPU E5-2686 v4 @ 2.30GHz
  NumSockets: 1
  Manufacturer: GenuineIntel
  NumCores: 2
  NumLogicals: 2
  CPUFrequency: 0
  Memory: 3912
  MemModuleInfo:
    iNumMemSticks: 1
    DIMM 1:
      manufacturer: Not Specified
      modulePartNo: Not Specified
      memType: RAM
      size: 4
      clkspeed: 0
      moduleVoltage: 0
Checksum: 3BEAE5BC92980BBD0692FA70B6D676F79087E1A1