---
system-info:
      stress-ng-version: 0.17.08
      run-by: root
      date-yyyy-mm-dd: 2024:07:09
      time-hh-mm-ss: 17:42:28
      epoch-secs: 1720546948
      hostname: ip-172-31-0-162
      sysname: Linux
      nodename: ip-172-31-0-162
      release: 6.8.0-1009-aws
      version: '#9-Ubuntu SMP Fri May 17 20:15:49 UTC 2024'
      machine: aarch64
      compiler: 'musl-gcc 13.2.1'
      uptime: 160
      totalram: 132655644672
      freeram: 127377129472
      sharedram: 39378944
      bufferram: 133365760
      totalswap: 0
      freeswap: 0
      pagesize: 4096
      cpus: 16
      cpus-online: 16
      ticks-per-second: 100

metrics:
    - stressor: cpu
      bogo-ops: 545803
      bogo-ops-per-second-usr-sys-time: 1706.416826
      bogo-ops-per-second-real-time: 27290.070398
      wall-clock-time: 20.000058
      user-time: 319.846274
      system-time: 0.006995
      cpu-usage-per-instance: 99.953855
      max-rss: 1192

...
