BaselineInfo:
  WebDBID: -1
  TimeStamp: 20241108091959
Version:
  Major: 11
  Minor: 0
  Build: 1002
  SpecialBuildName: ""
  ptArchitecture: x86_64_linux
Results:
  Results Complete: true
  NumTestProcesses: 16
  CPU_INTEGER_MATH: 44682.453666666668
  CPU_FLOATINGPOINT_MATH: 24445.514572466443
  CPU_PRIME: 72.346159063813445
  CPU_SORTING: 24055.970558027337
  CPU_ENCRYPTION: 6218.2481311411211
  CPU_COMPRESSION: 199797.97106281182
  CPU_SINGLETHREAD: 1832.0842523796211
  CPU_PHYSICS: 1493.683277675872
  CPU_MATRIX_MULT_SSE: 7596.2242031683163
  CPU_mm: 1394.3921840160847
  CPU_sse: 5185.1972467464229
  CPU_fma: 0
  CPU_avx: 10007.251159590209
  CPU_avx512: 0
  m_CPU_enc_SHA: 2031355343.9701262
  m_CPU_enc_AES: 15717949792.625048
  m_CPU_enc_ECDSA: 1811612120.4831214
  ME_ALLOC_S: 5267.3729038227857
  ME_READ_S: 22231.969335937501
  ME_READ_L: 10866.1728515625
  ME_WRITE: 10027.7431640625
  ME_LARGE: 19892.75
  ME_LATENCY: 54.522724324970206
  ME_THREADED: 85232.0673828125
  SUMM_CPU: 13469.425265134707
  SUMM_ME: 2434.3207347060761
SystemInformation:
  OSName: Ubuntu 24.04.1 LTS
  Kernel: 6.8.0-1016-aws
  Device: ""
  Processor: Intel Xeon CPU E5-2680 v2 @ 2.80GHz
  NumSockets: 1
  Manufacturer: GenuineIntel
  NumCores: 8
  NumLogicals: 16
  CPUFrequency: 0
  Memory: 30035
  MemModuleInfo:
    iNumMemSticks: 2
    DIMM 1:
      manufacturer: Not Specified
      modulePartNo: Not Specified
      memType: RAM
      size: 16
      clkspeed: 0
      moduleVoltage: 0
    DIMM 2:
      manufacturer: Not Specified
      modulePartNo: Not Specified
      memType: RAM
      size: 14
      clkspeed: 0
      moduleVoltage: 0
Checksum: BBBAD09B4875BF984FF08ABF6C401AEF742124E6