---
system-info:
      stress-ng-version: 0.17.08
      run-by: root
      date-yyyy-mm-dd: 2024:07:02
      time-hh-mm-ss: 02:52:45
      epoch-secs: 1719888765
      hostname: c3d-highcpu-16-9f0c9c5
      sysname: Linux
      nodename: c3d-highcpu-16-9f0c9c5
      release: 6.8.0-1009-gcp
      version: '#10-Ubuntu SMP Wed Jun 12 18:52:23 UTC 2024'
      machine: x86_64
      compiler: 'musl-gcc 13.2.1'
      uptime: 117
      totalram: 33649340416
      freeram: 28553781248
      sharedram: 35069952
      bufferram: 125181952
      totalswap: 0
      freeswap: 0
      pagesize: 4096
      cpus: 16
      cpus-online: 16
      ticks-per-second: 100

metrics:
    - stressor: cpu
      bogo-ops: 459382
      bogo-ops-per-second-usr-sys-time: 1437.065323
      bogo-ops-per-second-real-time: 22969.020783
      wall-clock-time: 20.000069
      user-time: 319.650758
      system-time: 0.015991
      cpu-usage-per-instance: 99.895515
      max-rss: 1104

...
