BaselineInfo:
  WebDBID: -1
  TimeStamp: 20241107162209
Version:
  Major: 11
  Minor: 0
  Build: 1002
  SpecialBuildName: ""
  ptArchitecture: aarch64_linux
Results:
  Results Complete: true
  NumTestProcesses: 8
  CPU_INTEGER_MATH: 37703.200999999994
  CPU_FLOATINGPOINT_MATH: 28702.695587420218
  CPU_PRIME: 48.160354449396237
  CPU_SORTING: 26854.010354362261
  CPU_ENCRYPTION: 1293.2855876413969
  CPU_COMPRESSION: 44856.495515324816
  CPU_SINGLETHREAD: 1327.5579751075852
  CPU_PHYSICS: 923.86518180824874
  CPU_MATRIX_MULT_SSE: 5944.0126901634376
  CPU_mm: 998.36066503358711
  CPU_sse: 4956.3692588854592
  CPU_fma: 6931.6561214414141
  CPU_avx: 0
  CPU_avx512: 0
  m_CPU_enc_SHA: 1940855943.7580538
  m_CPU_enc_AES: 902499282.90823495
  m_CPU_enc_ECDSA: 1224969458.3737063
  ME_ALLOC_S: 5372.4943474920947
  ME_READ_S: 11180.27626953125
  ME_READ_L: 8070.8857421875
  ME_WRITE: 14659.64453125
  ME_LARGE: 54069.333333333336
  ME_LATENCY: 72.778665933824229
  ME_THREADED: 62399.779296875
  SUMM_CPU: 6118.8324977929433
  SUMM_ME: 1814.1279406974886
SystemInformation:
  OSName: Ubuntu 24.04.1 LTS
  Kernel: 6.8.0-1017-azure
  Device: ""
  Processor: ARM Neoverse-N1 8 Core 0 MHz
  NumSockets: 1
  Manufacturer: ARM
  NumCores: 8
  NumLogicals: 8
  CPUFrequency: 0
  Memory: 64173
Checksum: AB634896FA9B53B25ED54C889AFABB47D236D72A