BaselineInfo:
  WebDBID: -1
  TimeStamp: 20241115033916
Version:
  Major: 11
  Minor: 0
  Build: 1002
  SpecialBuildName: ""
  ptArchitecture: x86_64_linux
Results:
  Results Complete: true
  NumTestProcesses: 16
  CPU_INTEGER_MATH: 67163.136333333328
  CPU_FLOATINGPOINT_MATH: 34417.90532874022
  CPU_PRIME: 132.34470342938917
  CPU_SORTING: 34818.724886861179
  CPU_ENCRYPTION: 14609.403517316634
  CPU_COMPRESSION: 247605.17700441787
  CPU_SINGLETHREAD: 2432.8217996964959
  CPU_PHYSICS: 2261.7946467831002
  CPU_MATRIX_MULT_SSE: 14131.741287264715
  CPU_mm: 1449.8806006125531
  CPU_sse: 6385.7008644322086
  CPU_fma: 17541.921140869701
  CPU_avx: 12954.241708035446
  CPU_avx512: 19645.101435721506
  m_CPU_enc_SHA: 14738508446.787041
  m_CPU_enc_AES: 22220615431.429962
  m_CPU_enc_ECDSA: 8998085829.504425
  ME_ALLOC_S: 8051.5609295202084
  ME_READ_S: 24165.421679687501
  ME_READ_L: 11894.0966796875
  ME_WRITE: 10757.5087890625
  ME_LARGE: 55042.666666666664
  ME_LATENCY: 51.961755687071822
  ME_THREADED: 93554.84716796875
  SUMM_CPU: 21179.627062997301
  SUMM_ME: 2693.18692472264
SystemInformation:
  OSName: Ubuntu 24.04.1 LTS
  Kernel: 6.8.0-1017-azure
  Device: ""
  Processor: Intel Xeon Platinum 8370C CPU @ 2.80GHz
  NumSockets: 1
  Manufacturer: GenuineIntel
  NumCores: 8
  NumLogicals: 16
  CPUFrequency: 2800
  Memory: 64296
  MemModuleInfo:
    iNumMemSticks: 3
    DIMM 1:
      manufacturer: Microsoft Corporation
      modulePartNo: None
      memType: Unknown
      size: 1
      clkspeed: 0
      moduleVoltage: 0
    DIMM 2:
      manufacturer: Microsoft Corporation
      modulePartNo: None
      memType: Unknown
      size: 60928
      clkspeed: 0
      moduleVoltage: 0
    DIMM 3:
      manufacturer: Microsoft Corporation
      modulePartNo: None
      memType: Unknown
      size: 3584
      clkspeed: 0
      moduleVoltage: 0
Checksum: BD5FCC0E54F17A3803C4E41950921A1C20F6D90A