BaselineInfo:
  WebDBID: -1
  TimeStamp: 20241107054040
Version:
  Major: 11
  Minor: 0
  Build: 1002
  SpecialBuildName: ""
  ptArchitecture: x86_64_linux
Results:
  Results Complete: true
  NumTestProcesses: 16
  CPU_INTEGER_MATH: 67281.753666666671
  CPU_FLOATINGPOINT_MATH: 34371.086973300451
  CPU_PRIME: 118.22481594457305
  CPU_SORTING: 34696.89266178244
  CPU_ENCRYPTION: 14665.296087960309
  CPU_COMPRESSION: 245000.17717764855
  CPU_SINGLETHREAD: 2426.350286546116
  CPU_PHYSICS: 2190.1081290117295
  CPU_MATRIX_MULT_SSE: 14094.891371056479
  CPU_mm: 1448.3183110583836
  CPU_sse: 6375.4157290272769
  CPU_fma: 17512.993145691926
  CPU_avx: 12934.213017976459
  CPU_avx512: 19556.94359153026
  m_CPU_enc_SHA: 14767858559.461454
  m_CPU_enc_AES: 22215709989.95628
  m_CPU_enc_ECDSA: 9149463982.7694721
  ME_ALLOC_S: 7882.0151846121016
  ME_READ_S: 24239.765429687501
  ME_READ_L: 11346.708984375
  ME_WRITE: 10430.2900390625
  ME_LARGE: 54021.333333333336
  ME_LATENCY: 55.289792839759691
  ME_THREADED: 85433.47412109375
  SUMM_CPU: 21015.273715694828
  SUMM_ME: 2582.9483802471368
SystemInformation:
  OSName: Ubuntu 24.04.1 LTS
  Kernel: 6.8.0-1017-azure
  Device: ""
  Processor: Intel Xeon Platinum 8370C CPU @ 2.80GHz
  NumSockets: 1
  Manufacturer: GenuineIntel
  NumCores: 8
  NumLogicals: 16
  CPUFrequency: 2800
  Memory: 64296
  MemModuleInfo:
    iNumMemSticks: 3
    DIMM 1:
      manufacturer: Microsoft Corporation
      modulePartNo: None
      memType: Unknown
      size: 1
      clkspeed: 0
      moduleVoltage: 0
    DIMM 2:
      manufacturer: Microsoft Corporation
      modulePartNo: None
      memType: Unknown
      size: 60928
      clkspeed: 0
      moduleVoltage: 0
    DIMM 3:
      manufacturer: Microsoft Corporation
      modulePartNo: None
      memType: Unknown
      size: 3584
      clkspeed: 0
      moduleVoltage: 0
Checksum: C7F28196111ACC9E4BE783D829EC71D1B9B944AA