BaselineInfo:
  WebDBID: -1
  TimeStamp: 20241115165537
Version:
  Major: 11
  Minor: 0
  Build: 1002
  SpecialBuildName: ""
  ptArchitecture: x86_64_linux
Results:
  Results Complete: true
  NumTestProcesses: 16
  CPU_INTEGER_MATH: 67318.295000000013
  CPU_FLOATINGPOINT_MATH: 34417.589652294278
  CPU_PRIME: 136.95962887011103
  CPU_SORTING: 34834.643268288608
  CPU_ENCRYPTION: 14587.567867393729
  CPU_COMPRESSION: 250665.36213280284
  CPU_SINGLETHREAD: 2432.0368054950918
  CPU_PHYSICS: 2268.7927255668992
  CPU_MATRIX_MULT_SSE: 14128.277099104522
  CPU_mm: 1450.4173075516271
  CPU_sse: 6388.8646729051488
  CPU_fma: 17531.609707491931
  CPU_avx: 12951.864933894567
  CPU_avx512: 19640.769082126455
  m_CPU_enc_SHA: 14740879509.9083
  m_CPU_enc_AES: 22236656535.655224
  m_CPU_enc_ECDSA: 8910984646.7972107
  ME_ALLOC_S: 7997.9768497118457
  ME_READ_S: 24247.900195312501
  ME_READ_L: 12680.45703125
  ME_WRITE: 11140.89453125
  ME_LARGE: 55000.166666666664
  ME_LATENCY: 51.333498485989331
  ME_THREADED: 90554.71728515625
  SUMM_CPU: 21253.652943588677
  SUMM_ME: 2749.606353013462
SystemInformation:
  OSName: Ubuntu 24.04.1 LTS
  Kernel: 6.8.0-1017-azure
  Device: ""
  Processor: Intel Xeon Platinum 8370C CPU @ 2.80GHz
  NumSockets: 1
  Manufacturer: GenuineIntel
  NumCores: 8
  NumLogicals: 16
  CPUFrequency: 2800
  Memory: 64296
  MemModuleInfo:
    iNumMemSticks: 3
    DIMM 1:
      manufacturer: Microsoft Corporation
      modulePartNo: None
      memType: Unknown
      size: 1
      clkspeed: 0
      moduleVoltage: 0
    DIMM 2:
      manufacturer: Microsoft Corporation
      modulePartNo: None
      memType: Unknown
      size: 60928
      clkspeed: 0
      moduleVoltage: 0
    DIMM 3:
      manufacturer: Microsoft Corporation
      modulePartNo: None
      memType: Unknown
      size: 3584
      clkspeed: 0
      moduleVoltage: 0
Checksum: B8585DF01CB61DADBDF2638F5948F7065C145E40