"size","threads","connections","rps","latency","failed","server_usr","server_sys","client_usr","client_sys"
"1k",16,16,1443893,0.000011600,0,33.71,53.31,14.50,59.80
"1k",16,32,1005179,0.000084750,0,23.72,55.98,10.35,61.50
"1k",16,64,992378,0.000067920,0,23.50,57.56,10.15,61.82
"1k",16,128,1051366,0.000165620,0,22.27,59.56,9.69,64.72
"1k",16,256,1090171,0.000413390,0,22.45,60.51,9.08,66.47
"1k",16,512,1098529,0.000643900,0,23.29,60.62,8.54,66.42
"1k",32,32,1272615,0.000027000,0,28.92,54.19,13.64,62.41
"1k",32,64,925938,0.000082840,0,18.88,59.14,10.08,67.22
"1k",32,128,961287,0.000257400,0,17.65,62.05,9.19,71.49
"1k",32,256,998889,0.000603030,0,18.45,61.39,9.33,71.65
"1k",32,512,1024031,0.000802870,0,18.40,61.08,9.46,72.10
"1k",64,64,1318190,0.000058290,0,27.70,53.47,14.48,65.02
"1k",64,128,867513,0.000303290,0,15.18,61.20,9.98,74.27
"1k",64,256,881789,0.000444730,0,15.40,59.82,12.50,73.32
"1k",64,512,890128,0.000717470,0,15.78,59.41,12.56,73.93
"16k",16,16,1094892,0.000015860,0,28.10,51.59,13.06,62.42
"16k",16,32,825784,0.000066570,0,21.09,57.30,10.03,64.38
"16k",16,64,835018,0.000075120,0,22.95,57.12,10.20,63.55
"16k",16,128,925241,0.000159840,0,21.64,59.67,9.59,65.89
"16k",16,256,922643,0.000377440,0,22.08,60.37,9.05,67.36
"16k",16,512,916791,0.000626380,0,23.24,59.92,8.41,67.92
"16k",32,32,1119809,0.000030670,0,27.47,53.11,14.30,65.09
"16k",32,64,844881,0.000088930,0,18.83,57.19,11.20,68.77
"16k",32,128,826168,0.000278010,0,16.57,61.07,9.75,73.22
"16k",32,256,855825,0.000635410,0,17.05,61.17,9.63,73.30
"16k",32,512,880129,0.000890000,0,18.44,60.37,9.31,73.07
"16k",64,64,1138622,0.000062840,0,25.42,52.40,15.68,67.21
"16k",64,128,761862,0.000315780,0,14.93,59.87,10.62,75.58
"16k",64,256,760016,0.000490760,0,15.85,58.36,12.93,73.75
"16k",64,512,777330,0.000781990,0,16.35,58.50,12.72,73.96
"64k",16,16,630498,0.000026750,0,19.35,56.50,11.98,65.78
"64k",16,32,505711,0.000114240,0,19.05,58.28,9.44,63.76
"64k",16,64,496650,0.000127190,0,19.53,61.45,8.55,64.26
"64k",16,128,480707,0.000277920,0,18.96,64.89,7.87,65.56
"64k",16,256,466309,0.000566110,0,20.14,65.52,7.37,66.60
"64k",16,512,454366,0.001080000,0,20.26,64.70,6.92,67.96
"64k",32,32,754201,0.000044940,0,21.81,54.49,13.44,71.18
"64k",32,64,501125,0.000147120,0,15.97,62.49,9.43,68.81
"64k",32,128,488097,0.000469300,0,14.56,65.79,8.69,72.10
"64k",32,256,485851,0.000816070,0,14.81,66.88,8.12,71.62
"64k",32,512,483433,0.001270000,0,16.94,65.04,8.47,71.01
"64k",64,64,674716,0.000109340,0,19.39,57.09,13.46,70.96
"64k",64,128,482102,0.000420510,0,12.75,64.83,9.59,74.02
"64k",64,256,481164,0.000652460,0,13.13,63.93,11.55,72.92
"64k",64,512,467156,0.001190000,0,13.41,64.97,10.52,72.90
"256k",16,16,283690,0.000063620,0,19.68,58.95,10.89,67.17
"256k",16,32,200323,0.000293860,0,16.71,66.37,8.09,60.07
"256k",16,64,181487,0.000370810,0,16.79,72.29,6.82,60.39
"256k",16,128,173300,0.000764850,0,17.27,75.35,6.19,60.32
"256k",16,256,164332,0.001530000,0,17.80,75.59,5.45,61.46
"256k",32,32,249596,0.000153590,0,18.03,69.19,10.39,62.96
"256k",32,64,188013,0.000425490,0,12.34,75.20,7.23,66.36
"256k",32,128,181371,0.000910000,0,12.41,75.87,6.89,66.43
"256k",32,256,175353,0.001560000,0,13.88,75.94,7.20,64.12
"256k",64,64,238360,0.000330600,0,15.96,69.16,10.54,65.84
"256k",64,128,199250,0.000743000,0,13.75,72.02,8.98,66.74
"256k",64,256,181976,0.001490000,0,13.65,73.88,8.63,65.79
"512k",16,16,123298,0.000132980,0,15.30,75.62,9.09,57.28
"512k",16,32,100784,0.000359410,0,16.34,72.32,6.98,55.37
"512k",16,64,93413,0.000666170,0,16.63,77.64,5.88,57.87
"512k",16,128,83779,0.001470000,0,16.06,81.23,5.16,57.59
"512k",16,256,84511,0.002800000,0,16.66,80.69,5.07,58.66
"512k",32,32,123740,0.000263370,0,14.92,78.57,9.01,58.75
"512k",32,64,100448,0.000761570,0,12.18,79.61,6.68,62.85
"512k",32,128,94783,0.001420000,0,12.38,81.06,6.32,61.76
"512k",32,256,86159,0.002930000,0,15.30,81.34,6.29,58.38
"512k",64,64,122017,0.000550840,0,14.05,77.03,9.07,61.49
"512k",64,128,103792,0.001270000,0,13.10,78.84,8.69,61.14
"512k",64,256,91777,0.002780000,0,14.86,80.84,7.89,58.26
