BaselineInfo:
  WebDBID: -1
  TimeStamp: 20241109093848
Version:
  Major: 11
  Minor: 0
  Build: 1002
  SpecialBuildName: ""
  ptArchitecture: x86_64_linux
Results:
  Results Complete: true
  NumTestProcesses: 32
  CPU_INTEGER_MATH: 134746.97133333332
  CPU_FLOATINGPOINT_MATH: 68892.044614131155
  CPU_PRIME: 193.95025725643237
  CPU_SORTING: 68831.486297023832
  CPU_ENCRYPTION: 29175.878238328205
  CPU_COMPRESSION: 493037.87446362904
  CPU_SINGLETHREAD: 2433.0841613117304
  CPU_PHYSICS: 3359.8552013060703
  CPU_MATRIX_MULT_SSE: 28447.779948022053
  CPU_mm: 2901.2801780996779
  CPU_sse: 12789.332861198063
  CPU_fma: 35103.326467676357
  CPU_avx: 25925.151993771178
  CPU_avx512: 39973.308469442622
  m_CPU_enc_SHA: 29509993292.139969
  m_CPU_enc_AES: 44462193749.538948
  m_CPU_enc_ECDSA: 17807190057.220798
  ME_ALLOC_S: 15356.139758851139
  ME_READ_S: 24394.121484374999
  ME_READ_L: 12138.2353515625
  ME_WRITE: 11062.5380859375
  ME_LARGE: 246850.41666666666
  ME_LATENCY: 51.654034531337381
  ME_THREADED: 137273.41796875
  SUMM_CPU: 36975.227500097528
  SUMM_ME: 2815.3064957658703
SystemInformation:
  OSName: Ubuntu 24.04.1 LTS
  Kernel: 6.8.0-1017-azure
  Device: ""
  Processor: Intel Xeon Platinum 8370C CPU @ 2.80GHz
  NumSockets: 1
  Manufacturer: GenuineIntel
  NumCores: 16
  NumLogicals: 32
  CPUFrequency: 2800
  Memory: 257730
  MemModuleInfo:
    iNumMemSticks: 3
    DIMM 1:
      manufacturer: Microsoft Corporation
      modulePartNo: None
      memType: Unknown
      size: 1
      clkspeed: 0
      moduleVoltage: 0
    DIMM 2:
      manufacturer: Microsoft Corporation
      modulePartNo: None
      memType: Unknown
      size: 59
      clkspeed: 0
      moduleVoltage: 0
    DIMM 3:
      manufacturer: Microsoft Corporation
      modulePartNo: None
      memType: Unknown
      size: 196
      clkspeed: 0
      moduleVoltage: 0
Checksum: E2EE23AADF4783683403CCAA6D21AAAA4B8B7F4C