---
system-info:
      stress-ng-version: 0.17.08
      run-by: root
      date-yyyy-mm-dd: 2024:09:03
      time-hh-mm-ss: 09:04:30
      epoch-secs: 1725354270
      hostname: sc-runner
      sysname: Linux
      nodename: sc-runner
      release: 6.8.0-1013-azure
      version: '#15-Ubuntu SMP Thu Aug  8 18:40:40 UTC 2024'
      machine: x86_64
      compiler: 'musl-gcc 13.2.1'
      uptime: 355
      totalram: 33650913280
      freeram: 25071460352
      sharedram: 42070016
      bufferram: 209616896
      totalswap: 0
      freeswap: 0
      pagesize: 4096
      cpus: 8
      cpus-online: 8
      ticks-per-second: 100

metrics:
    - stressor: cpu
      bogo-ops: 148870
      bogo-ops-per-second-usr-sys-time: 932.883000
      bogo-ops-per-second-real-time: 7443.457408
      wall-clock-time: 20.000114
      user-time: 159.560578
      system-time: 0.019991
      cpu-usage-per-instance: 99.737285
      max-rss: 3128

...
