---
system-info:
      stress-ng-version: 0.17.08
      run-by: root
      date-yyyy-mm-dd: 2024:09:03
      time-hh-mm-ss: 16:53:31
      epoch-secs: 1725382411
      hostname: sc-runner
      sysname: Linux
      nodename: sc-runner
      release: 6.8.0-1013-azure
      version: '#15-Ubuntu SMP Thu Aug  8 18:40:40 UTC 2024'
      machine: x86_64
      compiler: 'musl-gcc 13.2.1'
      uptime: 402
      totalram: 67424833536
      freeram: 58803036160
      sharedram: 42041344
      bufferram: 225177600
      totalswap: 0
      freeswap: 0
      pagesize: 4096
      cpus: 4
      cpus-online: 4
      ticks-per-second: 100

metrics:
    - stressor: cpu
      bogo-ops: 28210
      bogo-ops-per-second-usr-sys-time: 1410.547818
      bogo-ops-per-second-real-time: 1410.490718
      wall-clock-time: 20.000132
      user-time: 19.999322
      system-time: 0.000000
      cpu-usage-per-instance: 99.995952
      max-rss: 3280

...
