BaselineInfo:
  WebDBID: -1
  TimeStamp: 20260404182028
Version:
  Major: 11
  Minor: 0
  Build: 1004
  SpecialBuildName: ""
  ptArchitecture: x86_64_linux
Results:
  Results Complete: true
  NumTestProcesses: 32
  CPU_INTEGER_MATH: 133908.43766666664
  CPU_FLOATINGPOINT_MATH: 68586.298186328742
  CPU_PRIME: 188.34262666361818
  CPU_SORTING: 68631.697266012547
  CPU_ENCRYPTION: 16917.766053912233
  CPU_COMPRESSION: 487331.91756202921
  CPU_SINGLETHREAD: 2355.9914263330279
  CPU_PHYSICS: 3357.8548392373841
  CPU_MATRIX_MULT_SSE: 28194.464090159603
  CPU_mm: 2890.8656706792131
  CPU_sse: 12692.363668605678
  CPU_fma: 34850.682227811056
  CPU_avx: 25797.954677132206
  CPU_avx512: 39436.855787089487
  m_CPU_enc_SHA: 4810268551.4349346
  m_CPU_enc_AES: 44034033883.997864
  m_CPU_enc_ECDSA: 4374387937.8084259
  ME_ALLOC_S: 14956.390345343065
  ME_READ_S: 24018.5576171875
  ME_READ_L: 12321.4697265625
  ME_WRITE: 11415.3916015625
  ME_LARGE: 17180.166666666668
  ME_LATENCY: 51.830114381906277
  ME_THREADED: 143302.01611328125
  SUMM_CPU: 34140.289854678616
  SUMM_ME: 2690.5766602452786
SystemInformation:
  OSName: Ubuntu 24.04.4 LTS
  Kernel: 6.8.0-106-generic
  Device: ""
  Processor: Intel(R) Xeon(R) Platinum
  NumSockets: 1
  Manufacturer: GenuineIntel
  NumCores: 16
  NumLogicals: 32
  CPUFrequency: 0
  CPUMaxFrequency: 0
  Memory: 30660
  CPUInfo:
    number: 1
    Family: 6
    Model: 5
    stepping: 4
    features: 529267711
    manufacture: GenuineIntel
    typestring: Intel(R) Xeon(R) Platinum
    iCoresPerPackage: 16
    iThreadsPerPackage: 2
    featuresEx:
      - 529267711
      - 4294586883
      - 739248128
    bHybrid: false
    nPCore: 0
    nLogicalsPerPCore: 0
    nECore: 0
    nLogicalsPerECore: 0
  MemModuleInfo:
    iNumMemSticks: 2
    DIMM 1:
      manufacturer: Alibaba Cloud
      modulePartNo: Not Specified
      memType: RAM
      size: 16
      clkspeed: 0
      moduleVoltage: 0
    DIMM 2:
      manufacturer: Alibaba Cloud
      modulePartNo: Not Specified
      memType: RAM
      size: 16
      clkspeed: 0
      moduleVoltage: 0
Checksum: 788D60EF2162B05A745C6881629451AF8B30684A