---
system-info:
      stress-ng-version: 0.17.08
      run-by: root
      date-yyyy-mm-dd: 2024:09:24
      time-hh-mm-ss: 03:41:33
      epoch-secs: 1727149293
      hostname: c4-highcpu-192-a9b9b2a
      sysname: Linux
      nodename: c4-highcpu-192-a9b9b2a
      release: 6.8.0-1014-gcp
      version: '#16-Ubuntu SMP Mon Aug 26 15:55:46 UTC 2024'
      machine: x86_64
      compiler: 'musl-gcc 13.2.1'
      uptime: 218
      totalram: 405681979392
      freeram: 392981131264
      sharedram: 1094144000
      bufferram: 252248064
      totalswap: 0
      freeswap: 0
      pagesize: 4096
      cpus: 192
      cpus-online: 192
      ticks-per-second: 100

metrics:
    - stressor: cpu
      bogo-ops: 3304283
      bogo-ops-per-second-usr-sys-time: 860.735567
      bogo-ops-per-second-real-time: 165213.345943
      wall-clock-time: 20.000097
      user-time: 3838.847128
      system-time: 0.058951
      cpu-usage-per-instance: 99.971026
      max-rss: 0

...
