---
system-info:
      stress-ng-version: 0.17.08
      run-by: root
      date-yyyy-mm-dd: 2024:06:07
      time-hh-mm-ss: 14:22:06
      epoch-secs: 1717770126
      hostname: 7d3562c9990c
      sysname: Linux
      nodename: 7d3562c9990c
      release: 6.8.0-1008-aws
      version: '#8-Ubuntu SMP Sat Apr 20 00:46:25 UTC 2024'
      machine: x86_64
      compiler: 'musl-gcc 13.2.1'
      uptime: 100
      totalram: 132919717888
      freeram: 128503205888
      sharedram: 59990016
      bufferram: 91275264
      totalswap: 0
      freeswap: 0
      pagesize: 4096
      cpus: 16
      cpus-online: 16
      ticks-per-second: 100

metrics:
    - stressor: cpu
      bogo-ops: 187566
      bogo-ops-per-second-usr-sys-time: 1173.801565
      bogo-ops-per-second-real-time: 18753.832624
      wall-clock-time: 10.001476
      user-time: 159.774618
      system-time: 0.019001
      cpu-usage-per-instance: 99.856277
      max-rss: 3920

...
