---
system-info:
      stress-ng-version: 0.17.08
      run-by: root
      date-yyyy-mm-dd: 2024:06:13
      time-hh-mm-ss: 09:24:08
      epoch-secs: 1718270648
      hostname: 1c0911cb0a78
      sysname: Linux
      nodename: 1c0911cb0a78
      release: 6.8.0-1008-aws
      version: '#8-Ubuntu SMP Sat Apr 20 00:46:25 UTC 2024'
      machine: x86_64
      compiler: 'musl-gcc 13.2.1'
      uptime: 119
      totalram: 132919717888
      freeram: 128406462464
      sharedram: 59990016
      bufferram: 105525248
      totalswap: 0
      freeswap: 0
      pagesize: 4096
      cpus: 16
      cpus-online: 16
      ticks-per-second: 100

metrics:
    - stressor: cpu
      bogo-ops: 308799
      bogo-ops-per-second-usr-sys-time: 965.977756
      bogo-ops-per-second-real-time: 15439.878678
      wall-clock-time: 20.000092
      user-time: 319.648068
      system-time: 0.026995
      cpu-usage-per-instance: 99.897996
      max-rss: 1104

...
