---
system-info:
      stress-ng-version: 0.17.08
      run-by: root
      date-yyyy-mm-dd: 2024:06:15
      time-hh-mm-ss: 20:41:27
      epoch-secs: 1718484087
      hostname: 6c09d2a3f585
      sysname: Linux
      nodename: 6c09d2a3f585
      release: 6.8.0-1008-aws
      version: '#8-Ubuntu SMP Sat Apr 20 00:46:25 UTC 2024'
      machine: x86_64
      compiler: 'musl-gcc 13.2.1'
      uptime: 142
      totalram: 532331958272
      freeram: 527440596992
      sharedram: 60436480
      bufferram: 108515328
      totalswap: 0
      freeswap: 0
      pagesize: 4096
      cpus: 64
      cpus-online: 64
      ticks-per-second: 100

metrics:
    - stressor: cpu
      bogo-ops: 1235870
      bogo-ops-per-second-usr-sys-time: 965.834321
      bogo-ops-per-second-real-time: 61793.266833
      wall-clock-time: 20.000075
      user-time: 1279.561016
      system-time: 0.026976
      cpu-usage-per-instance: 99.967435
      max-rss: 512

...
