---
system-info:
      stress-ng-version: 0.17.08
      run-by: root
      date-yyyy-mm-dd: 2024:06:09
      time-hh-mm-ss: 18:24:55
      epoch-secs: 1717957495
      hostname: d85f2374e154
      sysname: Linux
      nodename: d85f2374e154
      release: 6.8.0-1008-aws
      version: '#8-Ubuntu SMP Sat Apr 20 00:46:25 UTC 2024'
      machine: x86_64
      compiler: 'musl-gcc 13.2.1'
      uptime: 150
      totalram: 532331966464
      freeram: 527282970624
      sharedram: 60436480
      bufferram: 110403584
      totalswap: 0
      freeswap: 0
      pagesize: 4096
      cpus: 64
      cpus-online: 64
      ticks-per-second: 100

metrics:
    - stressor: cpu
      bogo-ops: 752549
      bogo-ops-per-second-usr-sys-time: 1176.205896
      bogo-ops-per-second-real-time: 75238.303905
      wall-clock-time: 10.002206
      user-time: 639.732622
      system-time: 0.077978
      cpu-usage-per-instance: 99.948360
      max-rss: 3584

...
