---
system-info:
      stress-ng-version: 0.17.08
      run-by: root
      date-yyyy-mm-dd: 2024:06:08
      time-hh-mm-ss: 15:21:22
      epoch-secs: 1717860082
      hostname: 487e00c9aac2
      sysname: Linux
      nodename: 487e00c9aac2
      release: 6.8.0-1008-aws
      version: '#8-Ubuntu SMP Sat Apr 20 00:46:25 UTC 2024'
      machine: x86_64
      compiler: 'musl-gcc 13.2.1'
      uptime: 105
      totalram: 202423410688
      freeram: 196869545984
      sharedram: 55214080
      bufferram: 102572032
      totalswap: 0
      freeswap: 0
      pagesize: 4096
      cpus: 48
      cpus-online: 48
      ticks-per-second: 100

metrics:
    - stressor: cpu
      bogo-ops: 699327
      bogo-ops-per-second-usr-sys-time: 1457.823708
      bogo-ops-per-second-real-time: 69926.669943
      wall-clock-time: 10.000862
      user-time: 479.656177
      system-time: 0.049974
      cpu-usage-per-instance: 99.930164
      max-rss: 3840

...
