---
system-info:
      stress-ng-version: 0.17.08
      run-by: root
      date-yyyy-mm-dd: 2024:06:15
      time-hh-mm-ss: 11:17:24
      epoch-secs: 1718450244
      hostname: 2a3e7626ef77
      sysname: Linux
      nodename: 2a3e7626ef77
      release: 6.8.0-1008-aws
      version: '#8-Ubuntu SMP Sat Apr 20 00:46:25 UTC 2024'
      machine: x86_64
      compiler: 'musl-gcc 13.2.1'
      uptime: 111
      totalram: 202423418880
      freeram: 196921896960
      sharedram: 55214080
      bufferram: 108195840
      totalswap: 0
      freeswap: 0
      pagesize: 4096
      cpus: 48
      cpus-online: 48
      ticks-per-second: 100

metrics:
    - stressor: cpu
      bogo-ops: 1191512
      bogo-ops-per-second-usr-sys-time: 1241.608639
      bogo-ops-per-second-real-time: 59575.400080
      wall-clock-time: 20.000067
      user-time: 959.628837
      system-time: 0.022991
      cpu-usage-per-instance: 99.963397
      max-rss: 1152

...
