BaselineInfo:
  WebDBID: -1
  TimeStamp: 20260403113615
Version:
  Major: 11
  Minor: 0
  Build: 1004
  SpecialBuildName: ""
  ptArchitecture: x86_64_linux
Results:
  Results Complete: true
  NumTestProcesses: 2
  CPU_INTEGER_MATH: 3098.7476666666662
  CPU_FLOATINGPOINT_MATH: 2181.4467030697542
  CPU_PRIME: 7.8066371266393162
  CPU_SORTING: 1949.1001209712008
  CPU_ENCRYPTION: 354.01686556506547
  CPU_COMPRESSION: 13867.741712760208
  CPU_SINGLETHREAD: 1198.2491930413701
  CPU_PHYSICS: 118.18244071720324
  CPU_MATRIX_MULT_SSE: 855.07549913293019
  CPU_mm: 103.51521830034989
  CPU_sse: 297.84499147784368
  CPU_fma: 1252.8221920804044
  CPU_avx: 842.80372596348548
  CPU_avx512: 1026.8310870099876
  m_CPU_enc_SHA: 154166665.46512288
  m_CPU_enc_AES: 792876767.52812588
  m_CPU_enc_ECDSA: 166597333.48701364
  ME_ALLOC_S: 378.30524713662965
  ME_READ_S: 12912.426464843749
  ME_READ_L: 4853.56005859375
  ME_WRITE: 4985.22314453125
  ME_LARGE: 1029.5
  ME_LATENCY: 112.90127333553461
  ME_THREADED: 4638.10888671875
  SUMM_CPU: 1136.488518558607
  SUMM_ME: 686.60518176107746
SystemInformation:
  OSName: Ubuntu 24.04.4 LTS
  Kernel: 6.8.0-106-generic
  Device: ""
  Processor: Intel(R) Xeon(R) Platinum 8269CY CPU @ 2.50GHz
  NumSockets: 1
  Manufacturer: GenuineIntel
  NumCores: 1
  NumLogicals: 2
  CPUFrequency: 0
  CPUMaxFrequency: 0
  Memory: 7556
  CPUInfo:
    number: 1
    Family: 6
    Model: 5
    stepping: 7
    features: 529267711
    manufacture: GenuineIntel
    typestring: Intel(R) Xeon(R) Platinum 8269CY CPU @ 2.50GHz
    iCoresPerPackage: 1
    iThreadsPerPackage: 2
    featuresEx:
      - 529267711
      - 4277809667
      - 739248128
    bHybrid: false
    nPCore: 0
    nLogicalsPerPCore: 0
    nECore: 0
    nLogicalsPerECore: 0
  MemModuleInfo:
    iNumMemSticks: 1
    DIMM 1:
      manufacturer: Alibaba Cloud
      modulePartNo: Not Specified
      memType: RAM
      size: 8
      clkspeed: 0
      moduleVoltage: 0
Checksum: 0AB2D193BE0584A89F85E89B56778C86BFF94B16