---
system-info:
      stress-ng-version: 0.17.08
      run-by: root
      date-yyyy-mm-dd: 2024:06:09
      time-hh-mm-ss: 10:55:35
      epoch-secs: 1717930535
      hostname: 89dd9bba1e05
      sysname: Linux
      nodename: 89dd9bba1e05
      release: 6.8.0-1008-aws
      version: '#8-Ubuntu SMP Sat Apr 20 00:46:25 UTC 2024'
      machine: x86_64
      compiler: 'musl-gcc 13.2.1'
      uptime: 113
      totalram: 16469209088
      freeram: 11980865536
      sharedram: 113516544
      bufferram: 107126784
      totalswap: 0
      freeswap: 0
      pagesize: 4096
      cpus: 4
      cpus-online: 4
      ticks-per-second: 100

metrics:
    - stressor: cpu
      bogo-ops: 21226
      bogo-ops-per-second-usr-sys-time: 2122.394340
      bogo-ops-per-second-real-time: 2122.329693
      wall-clock-time: 10.001274
      user-time: 10.000969
      system-time: 0.000000
      cpu-usage-per-instance: 99.996954
      max-rss: 3896

...
