---
system-info:
      stress-ng-version: 0.17.08
      run-by: root
      date-yyyy-mm-dd: 2024:06:15
      time-hh-mm-ss: 13:23:55
      epoch-secs: 1718457835
      hostname: fe8b0920b1a8
      sysname: Linux
      nodename: fe8b0920b1a8
      release: 6.8.0-1008-aws
      version: '#8-Ubuntu SMP Sat Apr 20 00:46:25 UTC 2024'
      machine: x86_64
      compiler: 'musl-gcc 13.2.1'
      uptime: 133
      totalram: 16469209088
      freeram: 12075458560
      sharedram: 113516544
      bufferram: 109916160
      totalswap: 0
      freeswap: 0
      pagesize: 4096
      cpus: 4
      cpus-online: 4
      ticks-per-second: 100

metrics:
    - stressor: cpu
      bogo-ops: 35239
      bogo-ops-per-second-usr-sys-time: 1761.960660
      bogo-ops-per-second-real-time: 1761.945568
      wall-clock-time: 20.000050
      user-time: 19.998879
      system-time: 0.001000
      cpu-usage-per-instance: 99.999143
      max-rss: 1104

...
