BaselineInfo:
  WebDBID: -1
  TimeStamp: 20241107045559
Version:
  Major: 11
  Minor: 0
  Build: 1002
  SpecialBuildName: ""
  ptArchitecture: x86_64_linux
Results:
  Results Complete: true
  NumTestProcesses: 2
  CPU_INTEGER_MATH: 8320.3243333333339
  CPU_FLOATINGPOINT_MATH: 4257.3038995021971
  CPU_PRIME: 18.625581819327351
  CPU_SORTING: 4352.6297934870736
  CPU_ENCRYPTION: 1802.3666629275976
  CPU_COMPRESSION: 32331.476133126584
  CPU_SINGLETHREAD: 2298.2867821729064
  CPU_PHYSICS: 361.4510127916235
  CPU_MATRIX_MULT_SSE: 1642.1510053066513
  CPU_mm: 179.74994733936973
  CPU_sse: 789.54844934118682
  CPU_fma: 2168.4513573069589
  CPU_avx: 1604.6482558353505
  CPU_avx512: 2005.9559587431095
  m_CPU_enc_SHA: 1821220381.4077952
  m_CPU_enc_AES: 2737295558.625195
  m_CPU_enc_ECDSA: 1111239337.8049164
  ME_ALLOC_S: 979.26737946994012
  ME_READ_S: 23964.001171874999
  ME_READ_L: 10532.8427734375
  ME_WRITE: 10001.3857421875
  ME_LARGE: 629
  ME_LATENCY: 63.841194833005055
  ME_THREADED: 15259.16357421875
  SUMM_CPU: 2968.003947023758
  SUMM_ME: 962.03822204442395
SystemInformation:
  OSName: Ubuntu 24.04.1 LTS
  Kernel: 6.8.0-1016-aws
  Device: ""
  Processor: Intel Xeon Platinum 8375C CPU @ 2.90GHz
  NumSockets: 1
  Manufacturer: GenuineIntel
  NumCores: 1
  NumLogicals: 2
  CPUFrequency: 0
  Memory: 3816
  MemModuleInfo:
    iNumMemSticks: 1
    DIMM 1:
      manufacturer: Not Specified
      modulePartNo: Not Specified
      memType: DDR4
      size: 4
      clkspeed: 1600
      moduleVoltage: 0
Checksum: 0EEC1100DBD7E67121A68715DAD588194A006E23