BaselineInfo:
  WebDBID: -1
  TimeStamp: 20241114235911
Version:
  Major: 11
  Minor: 0
  Build: 1002
  SpecialBuildName: ""
  ptArchitecture: x86_64_linux
Results:
  Results Complete: true
  NumTestProcesses: 2
  CPU_INTEGER_MATH: 8338.5003333333334
  CPU_FLOATINGPOINT_MATH: 4265.4050015711728
  CPU_PRIME: 18.997459639577372
  CPU_SORTING: 4386.5789137477223
  CPU_ENCRYPTION: 1813.9013390130476
  CPU_COMPRESSION: 32132.106931861705
  CPU_SINGLETHREAD: 2310.4455386188747
  CPU_PHYSICS: 373.17562974523429
  CPU_MATRIX_MULT_SSE: 1673.3663408856119
  CPU_mm: 179.54938681119364
  CPU_sse: 785.51611083504429
  CPU_fma: 2171.8900807303962
  CPU_avx: 1604.4333702518652
  CPU_avx512: 2131.6258017251421
  m_CPU_enc_SHA: 1825591191.4581494
  m_CPU_enc_AES: 2745533457.6017051
  m_CPU_enc_ECDSA: 1134915582.3109827
  ME_ALLOC_S: 1041.9126587049182
  ME_READ_S: 24037.767382812501
  ME_READ_L: 11647.7021484375
  ME_WRITE: 10521.9892578125
  ME_LARGE: 642
  ME_LATENCY: 60.029378441252845
  ME_THREADED: 15840.20947265625
  SUMM_CPU: 2986.1123907324281
  SUMM_ME: 998.69315140647007
SystemInformation:
  OSName: Ubuntu 24.04.1 LTS
  Kernel: 6.8.0-1018-aws
  Device: ""
  Processor: Intel Xeon Platinum 8375C CPU @ 2.90GHz
  NumSockets: 1
  Manufacturer: GenuineIntel
  NumCores: 1
  NumLogicals: 2
  CPUFrequency: 0
  Memory: 3816
  MemModuleInfo:
    iNumMemSticks: 1
    DIMM 1:
      manufacturer: Not Specified
      modulePartNo: Not Specified
      memType: DDR4
      size: 4
      clkspeed: 1600
      moduleVoltage: 0
Checksum: A76EADF26B63EA5D6EB71DD6EE789493DB1264F6