BaselineInfo:
  WebDBID: -1
  TimeStamp: 20241115160308
Version:
  Major: 11
  Minor: 0
  Build: 1002
  SpecialBuildName: ""
  ptArchitecture: x86_64_linux
Results:
  Results Complete: true
  NumTestProcesses: 2
  CPU_INTEGER_MATH: 8332.1813333333339
  CPU_FLOATINGPOINT_MATH: 4257.321452950242
  CPU_PRIME: 18.500092870342417
  CPU_SORTING: 4371.3845709820253
  CPU_ENCRYPTION: 1804.6117356373766
  CPU_COMPRESSION: 32049.187331119771
  CPU_SINGLETHREAD: 2304.255238520067
  CPU_PHYSICS: 367.19864003652037
  CPU_MATRIX_MULT_SSE: 1673.2922386528903
  CPU_mm: 179.6491793033569
  CPU_sse: 785.63241659127107
  CPU_fma: 2168.9763274614788
  CPU_avx: 1604.0145323954328
  CPU_avx512: 2134.5456781633784
  m_CPU_enc_SHA: 1822464534.3208673
  m_CPU_enc_AES: 2732811088.3013706
  m_CPU_enc_ECDSA: 1121542043.3008549
  ME_ALLOC_S: 1015.5675684089018
  ME_READ_S: 23757.720312500001
  ME_READ_L: 11249.30078125
  ME_WRITE: 10338.5712890625
  ME_LARGE: 620.33333333333337
  ME_LATENCY: 60.694950838272717
  ME_THREADED: 15618.744140625
  SUMM_CPU: 2975.7555017581112
  SUMM_ME: 973.21074588244267
SystemInformation:
  OSName: Ubuntu 24.04.1 LTS
  Kernel: 6.8.0-1018-aws
  Device: ""
  Processor: Intel Xeon Platinum 8375C CPU @ 2.90GHz
  NumSockets: 1
  Manufacturer: GenuineIntel
  NumCores: 1
  NumLogicals: 2
  CPUFrequency: 0
  Memory: 3816
  MemModuleInfo:
    iNumMemSticks: 1
    DIMM 1:
      manufacturer: Not Specified
      modulePartNo: Not Specified
      memType: DDR4
      size: 4
      clkspeed: 1600
      moduleVoltage: 0
Checksum: BE09A42A04DD471DB57C45EC4D11B139DDCC43FB