---
system-info:
      stress-ng-version: 0.17.08
      run-by: root
      date-yyyy-mm-dd: 2024:06:15
      time-hh-mm-ss: 19:55:06
      epoch-secs: 1718481306
      hostname: 938b644d6b16
      sysname: Linux
      nodename: 938b644d6b16
      release: 6.8.0-1008-aws
      version: '#8-Ubuntu SMP Sat Apr 20 00:46:25 UTC 2024'
      machine: x86_64
      compiler: 'musl-gcc 13.2.1'
      uptime: 111
      totalram: 132919713792
      freeram: 128392151040
      sharedram: 59990016
      bufferram: 108609536
      totalswap: 0
      freeswap: 0
      pagesize: 4096
      cpus: 16
      cpus-online: 16
      ticks-per-second: 100

metrics:
    - stressor: cpu
      bogo-ops: 308767
      bogo-ops-per-second-usr-sys-time: 965.984797
      bogo-ops-per-second-real-time: 15438.284011
      wall-clock-time: 20.000085
      user-time: 319.613616
      system-time: 0.025990
      cpu-usage-per-instance: 99.886950
      max-rss: 1104

...
