---
system-info:
      stress-ng-version: 0.17.08
      run-by: root
      date-yyyy-mm-dd: 2024:06:09
      time-hh-mm-ss: 17:39:31
      epoch-secs: 1717954771
      hostname: e581eba82532
      sysname: Linux
      nodename: e581eba82532
      release: 6.8.0-1008-aws
      version: '#8-Ubuntu SMP Sat Apr 20 00:46:25 UTC 2024'
      machine: x86_64
      compiler: 'musl-gcc 13.2.1'
      uptime: 106
      totalram: 132919709696
      freeram: 128257024000
      sharedram: 59990016
      bufferram: 110178304
      totalswap: 0
      freeswap: 0
      pagesize: 4096
      cpus: 16
      cpus-online: 16
      ticks-per-second: 100

metrics:
    - stressor: cpu
      bogo-ops: 188372
      bogo-ops-per-second-usr-sys-time: 1178.394319
      bogo-ops-per-second-real-time: 18832.233998
      wall-clock-time: 10.002637
      user-time: 159.816831
      system-time: 0.037979
      cpu-usage-per-instance: 99.882917
      max-rss: 3920

...
