BaselineInfo:
  WebDBID: -1
  TimeStamp: 20260404102448
Version:
  Major: 11
  Minor: 0
  Build: 1004
  SpecialBuildName: ""
  ptArchitecture: x86_64_linux
Results:
  Results Complete: true
  NumTestProcesses: 8
  CPU_INTEGER_MATH: 19621.32333333333
  CPU_FLOATINGPOINT_MATH: 10540.168195080423
  CPU_PRIME: 40.250506984213075
  CPU_SORTING: 12052.015073334969
  CPU_ENCRYPTION: 2722.192677388301
  CPU_COMPRESSION: 90152.939766558455
  CPU_SINGLETHREAD: 1677.4546756372681
  CPU_PHYSICS: 702.50051315866028
  CPU_MATRIX_MULT_SSE: 5883.1685649752644
  CPU_mm: 597.07836559724308
  CPU_sse: 2155.2451129190345
  CPU_fma: 7296.8445839761462
  CPU_avx: 5160.5173466206352
  CPU_avx512: 8920.0672163852396
  m_CPU_enc_SHA: 886963162.11976838
  m_CPU_enc_AES: 6869850579.9874945
  m_CPU_enc_ECDSA: 806463984.54808187
  ME_ALLOC_S: 2141.11608589345
  ME_READ_S: 19349.513281250001
  ME_READ_L: 6127.28369140625
  ME_WRITE: 6604.97412109375
  ME_LARGE: 3655.0833333333335
  ME_LATENCY: 80.121799853378832
  ME_THREADED: 34497.33203125
  SUMM_CPU: 6910.9515353256256
  SUMM_ME: 1446.4332593324721
SystemInformation:
  OSName: Ubuntu 24.04.4 LTS
  Kernel: 6.8.0-106-generic
  Device: ""
  Processor: Intel(R) Xeon(R) Platinum 8163 CPU @ 2.50GHz
  NumSockets: 1
  Manufacturer: GenuineIntel
  NumCores: 4
  NumLogicals: 8
  CPUFrequency: 2500
  CPUMaxFrequency: 3100
  Memory: 7555
  CPUInfo:
    number: 1
    Family: 6
    Model: 5
    stepping: 4
    features: 529267711
    manufacture: GenuineIntel
    typestring: Intel(R) Xeon(R) Platinum 8163 CPU @ 2.50GHz
    iCoresPerPackage: 4
    iThreadsPerPackage: 2
    featuresEx:
      - 529267711
      - 4294586883
      - 739248128
    bHybrid: false
    nPCore: 0
    nLogicalsPerPCore: 0
    nECore: 0
    nLogicalsPerECore: 0
  MemModuleInfo:
    iNumMemSticks: 1
    DIMM 1:
      manufacturer: Alibaba Cloud
      modulePartNo: Not Specified
      memType: RAM
      size: 8
      clkspeed: 0
      moduleVoltage: 0
Checksum: 2D34156C3A85488FD0342F75EE34708C1C29A56F