BaselineInfo:
  WebDBID: -1
  TimeStamp: 20260708153821
Version:
  Major: 11
  Minor: 0
  Build: 1004
  SpecialBuildName: ""
  ptArchitecture: x86_64_linux
Results:
  Results Complete: true
  NumTestProcesses: 2
  CPU_INTEGER_MATH: 15277.732666666667
  CPU_FLOATINGPOINT_MATH: 15301.406714648787
  CPU_PRIME: 56.793887558086766
  CPU_SORTING: 9106.7041950997391
  CPU_ENCRYPTION: 3168.2724613113396
  CPU_COMPRESSION: 66119.359916319198
  CPU_SINGLETHREAD: 3784.1001351667219
  CPU_PHYSICS: 983.6521544986083
  CPU_MATRIX_MULT_SSE: 5698.2368250406498
  CPU_mm: 707.86963414518391
  CPU_sse: 2207.2813440744385
  CPU_fma: 8710.5472388748294
  CPU_avx: 4439.4266224546491
  CPU_avx512: 7435.6920947586823
  m_CPU_enc_SHA: 4397922578.7862959
  m_CPU_enc_AES: 2761439189.9607277
  m_CPU_enc_ECDSA: 2807161624.4289751
  ME_ALLOC_S: 2850.489711896395
  ME_READ_S: 33916.230078125001
  ME_READ_L: 30272.578125
  ME_WRITE: 30186.66796875
  ME_LARGE: 1761
  ME_LATENCY: 80.617818864170999
  ME_THREADED: 48357.525390625
  SUMM_CPU: 6893.2039990490484
  SUMM_ME: 1777.5559296618799
SystemInformation:
  OSName: Ubuntu 24.04.4 LTS
  Kernel: 6.17.0-1018-azure
  Device: ""
  Processor: "AMD EPYC 9V45 96-Core Processor                "
  NumSockets: 1
  Manufacturer: AuthenticAMD
  NumCores: 2
  NumLogicals: 2
  CPUFrequency: 0
  CPUMaxFrequency: 0
  Memory: 3912
  CPUInfo:
    number: 1
    Family: 15
    Model: 2
    stepping: 1
    features: 395049983
    manufacture: AuthenticAMD
    typestring: "AMD EPYC 9V45 96-Core Processor                "
    iCoresPerPackage: 8
    iThreadsPerPackage: 1
    featuresEx:
      - 395049983
      - 4277809667
      - 802421759
    bHybrid: false
    nPCore: 0
    nLogicalsPerPCore: 0
    nECore: 0
    nLogicalsPerECore: 0
  MemModuleInfo:
    iNumMemSticks: 2
    DIMM 1:
      manufacturer: Microsoft Corporation
      modulePartNo: None
      memType: Unknown
      size: 1
      clkspeed: 0
      moduleVoltage: 0
    DIMM 2:
      manufacturer: Microsoft Corporation
      modulePartNo: None
      memType: Unknown
      size: 3
      clkspeed: 0
      moduleVoltage: 0
Checksum: E48A405B1F1EA51C2E948CFB311CB71EF1200D38