---
system-info:
      stress-ng-version: 0.17.08
      run-by: root
      date-yyyy-mm-dd: 2024:06:07
      time-hh-mm-ss: 23:29:32
      epoch-secs: 1717802972
      hostname: 7f1127727b69
      sysname: Linux
      nodename: 7f1127727b69
      release: 6.8.0-31-generic
      version: '#31-Ubuntu SMP PREEMPT_DYNAMIC Sat Apr 20 02:32:42 UTC 2024'
      machine: aarch64
      compiler: 'musl-gcc 13.2.1'
      uptime: 60
      totalram: 8104771584
      freeram: 4666732544
      sharedram: 6750208
      bufferram: 90193920
      totalswap: 0
      freeswap: 0
      pagesize: 4096
      cpus: 4
      cpus-online: 4
      ticks-per-second: 100

metrics:
    - stressor: cpu
      bogo-ops: 13964
      bogo-ops-per-second-usr-sys-time: 349.826406
      bogo-ops-per-second-real-time: 1395.136992
      wall-clock-time: 10.009053
      user-time: 39.901911
      system-time: 0.015030
      cpu-usage-per-instance: 99.702093
      max-rss: 4008

...
