---
system-info:
      stress-ng-version: 0.17.08
      run-by: root
      date-yyyy-mm-dd: 2024:06:14
      time-hh-mm-ss: 22:02:47
      epoch-secs: 1718402567
      hostname: a57f3cafab70
      sysname: Linux
      nodename: a57f3cafab70
      release: 6.8.0-31-generic
      version: '#31-Ubuntu SMP PREEMPT_DYNAMIC Sat Apr 20 02:32:42 UTC 2024'
      machine: aarch64
      compiler: 'musl-gcc 13.2.1'
      uptime: 68
      totalram: 8104771584
      freeram: 4656119808
      sharedram: 6750208
      bufferram: 103858176
      totalswap: 0
      freeswap: 0
      pagesize: 4096
      cpus: 4
      cpus-online: 4
      ticks-per-second: 100

metrics:
    - stressor: cpu
      bogo-ops: 145371
      bogo-ops-per-second-usr-sys-time: 1818.704428
      bogo-ops-per-second-real-time: 7268.530483
      wall-clock-time: 20.000054
      user-time: 79.918040
      system-time: 0.013035
      cpu-usage-per-instance: 99.913575
      max-rss: 1192

...
