BaselineInfo:
  WebDBID: -1
  TimeStamp: 20260618074708
Version:
  Major: 11
  Minor: 0
  Build: 1004
  SpecialBuildName: ""
  ptArchitecture: x86_64_linux
Results:
  Results Complete: true
  NumTestProcesses: 16
  CPU_INTEGER_MATH: 50468.101666666662
  CPU_FLOATINGPOINT_MATH: 31839.645877751849
  CPU_PRIME: 62.042351697909332
  CPU_SORTING: 31315.235898074225
  CPU_ENCRYPTION: 4889.8405666844774
  CPU_COMPRESSION: 224317.48136321289
  CPU_SINGLETHREAD: 2253.6707351702903
  CPU_PHYSICS: 1094.7199978900048
  CPU_MATRIX_MULT_SSE: 11743.166146502655
  CPU_mm: 1518.8114027828822
  CPU_sse: 6240.8642439000478
  CPU_fma: 16494.428693227794
  CPU_avx: 12494.205502380128
  CPU_avx512: 0
  m_CPU_enc_SHA: 2201444288.1460605
  m_CPU_enc_AES: 11174278267.526686
  m_CPU_enc_ECDSA: 2006385830.4824798
  ME_ALLOC_S: 5002.2722448513859
  ME_READ_S: 25476.123437499999
  ME_READ_L: 8727.685546875
  ME_WRITE: 7293.4912109375
  ME_LARGE: 55342
  ME_LATENCY: 63.205968933524339
  ME_THREADED: 52798.07177734375
  SUMM_CPU: 14861.265451072952
  SUMM_ME: 2164.7501440735027
SystemInformation:
  OSName: Ubuntu 24.04.4 LTS
  Kernel: 6.8.0-117-generic
  Device: ""
  Processor: Intel(R) Xeon(R) CPU E5-2667 v4 @ 3.20GHz
  NumSockets: 1
  Manufacturer: GenuineIntel
  NumCores: 8
  NumLogicals: 16
  CPUFrequency: 0
  CPUMaxFrequency: 0
  Memory: 63788
  CPUInfo:
    number: 1
    Family: 6
    Model: 15
    stepping: 1
    features: 529267711
    manufacture: GenuineIntel
    typestring: Intel(R) Xeon(R) CPU E5-2667 v4 @ 3.20GHz
    iCoresPerPackage: 8
    iThreadsPerPackage: 2
    featuresEx:
      - 529267711
      - 4294586883
      - 739248128
    bHybrid: false
    nPCore: 0
    nLogicalsPerPCore: 0
    nECore: 0
    nLogicalsPerECore: 0
  MemModuleInfo:
    iNumMemSticks: 4
    DIMM 1:
      manufacturer: Alibaba Cloud
      modulePartNo: Not Specified
      memType: RAM
      size: 16
      clkspeed: 0
      moduleVoltage: 0
    DIMM 2:
      manufacturer: Alibaba Cloud
      modulePartNo: Not Specified
      memType: RAM
      size: 16
      clkspeed: 0
      moduleVoltage: 0
    DIMM 3:
      manufacturer: Alibaba Cloud
      modulePartNo: Not Specified
      memType: RAM
      size: 16
      clkspeed: 0
      moduleVoltage: 0
    DIMM 4:
      manufacturer: Alibaba Cloud
      modulePartNo: Not Specified
      memType: RAM
      size: 16
      clkspeed: 0
      moduleVoltage: 0
Checksum: 92E9CE24942038D05CE041235843DD19A9CFE504