BaselineInfo:
  WebDBID: -1
  TimeStamp: 20241111093546
Version:
  Major: 11
  Minor: 0
  Build: 1002
  SpecialBuildName: ""
  ptArchitecture: x86_64_linux
Results:
  Results Complete: true
  NumTestProcesses: 2
  CPU_INTEGER_MATH: 12006.005333333334
  CPU_FLOATINGPOINT_MATH: 10593.966579758469
  CPU_PRIME: 38.898408445169636
  CPU_SORTING: 7398.8963254551554
  CPU_ENCRYPTION: 2600.4362367397625
  CPU_COMPRESSION: 51491.366358134997
  CPU_SINGLETHREAD: 2891.015948712793
  CPU_PHYSICS: 697.08184167179775
  CPU_MATRIX_MULT_SSE: 4656.7677562737008
  CPU_mm: 518.83981322333489
  CPU_sse: 2273.3108780776183
  CPU_fma: 6797.2889619724865
  CPU_avx: 5830.9579464809822
  CPU_avx512: 3725.5132385637203
  m_CPU_enc_SHA: 3592893915.4812808
  m_CPU_enc_AES: 2277195286.3581142
  m_CPU_enc_ECDSA: 2310175880.2875032
  ME_ALLOC_S: 1801.7377298444251
  ME_READ_S: 27848.385937499999
  ME_READ_L: 27000.83984375
  ME_WRITE: 25714.98828125
  ME_LARGE: 5590.166666666667
  ME_LATENCY: 80.760417925543152
  ME_THREADED: 35667.880859375
  SUMM_CPU: 5368.1662424390543
  SUMM_ME: 2102.2739296432287
SystemInformation:
  OSName: Ubuntu 24.04.1 LTS
  Kernel: 6.8.0-1016-aws
  Device: ""
  Processor: AMD EPYC 9R14
  NumSockets: 1
  Manufacturer: AuthenticAMD
  NumCores: 2
  NumLogicals: 2
  CPUFrequency: 0
  Memory: 15620
  MemModuleInfo:
    iNumMemSticks: 1
    DIMM 1:
      manufacturer: Not Specified
      modulePartNo: Not Specified
      memType: DDR5
      size: 16
      clkspeed: 2400
      moduleVoltage: 0
Checksum: A3DBE1C3B3C59E9DFD736CFAC5ADBC8E08C2D079