---
system-info:
      stress-ng-version: 0.17.08
      run-by: root
      date-yyyy-mm-dd: 2024:06:19
      time-hh-mm-ss: 16:14:26
      epoch-secs: 1718813666
      hostname: 086f0defc22d
      sysname: Linux
      nodename: 086f0defc22d
      release: 6.8.0-1008-gcp
      version: '#9-Ubuntu SMP Wed May 22 18:09:04 UTC 2024'
      machine: x86_64
      compiler: 'musl-gcc 13.2.1'
      uptime: 140
      totalram: 16767365120
      freeram: 11817885696
      sharedram: 34988032
      bufferram: 127373312
      totalswap: 0
      freeswap: 0
      pagesize: 4096
      cpus: 4
      cpus-online: 4
      ticks-per-second: 100

metrics:
    - stressor: cpu
      bogo-ops: 214786
      bogo-ops-per-second-usr-sys-time: 2694.622952
      bogo-ops-per-second-real-time: 10739.272955
      wall-clock-time: 20.000050
      user-time: 79.698120
      system-time: 0.010991
      cpu-usage-per-instance: 99.636138
      max-rss: 1160

...
