BaselineInfo:
  WebDBID: -1
  TimeStamp: 20260619101253
Version:
  Major: 11
  Minor: 0
  Build: 1004
  SpecialBuildName: ""
  ptArchitecture: x86_64_linux
Results:
  Results Complete: true
  NumTestProcesses: 2
  CPU_INTEGER_MATH: 8004.2323333333334
  CPU_FLOATINGPOINT_MATH: 5679.0449885444468
  CPU_PRIME: 16.547773158991983
  CPU_SORTING: 4025.9241462849145
  CPU_ENCRYPTION: 1776.9475363588108
  CPU_COMPRESSION: 29893.892345668166
  CPU_SINGLETHREAD: 2417.7040111637871
  CPU_PHYSICS: 396.42468235041861
  CPU_MATRIX_MULT_SSE: 2130.854481298089
  CPU_mm: 219.43476378103679
  CPU_sse: 937.03397299325832
  CPU_fma: 2603.0079352718103
  CPU_avx: 1845.6752345029622
  CPU_avx512: 3137.7007824243237
  m_CPU_enc_SHA: 1857303645.6081519
  m_CPU_enc_AES: 2413717146.4261255
  m_CPU_enc_ECDSA: 1318772827.620652
  ME_ALLOC_S: 989.99018915767476
  ME_READ_S: 22259.7109375
  ME_READ_L: 9270.4462890625
  ME_WRITE: 8834.828125
  ME_LARGE: 1913
  ME_LATENCY: 75.734409052451852
  ME_THREADED: 12899.271484375
  SUMM_CPU: 3114.6945062117593
  SUMM_ME: 1303.9807948796956
SystemInformation:
  OSName: Ubuntu 24.04.4 LTS
  Kernel: 6.17.0-1018-azure
  Device: ""
  Processor: INTEL(R) XEON(R) PLATINUM 8573C
  NumSockets: 1
  Manufacturer: GenuineIntel
  NumCores: 1
  NumLogicals: 2
  CPUFrequency: 2300
  CPUMaxFrequency: 2300
  Memory: 3911
  CPUInfo:
    number: 1
    Family: 6
    Model: 15
    stepping: 2
    features: 529267711
    manufacture: GenuineIntel
    typestring: INTEL(R) XEON(R) PLATINUM 8573C
    iCoresPerPackage: 1
    iThreadsPerPackage: 2
    featuresEx:
      - 529267711
      - 4294586915
      - 739248128
    bHybrid: false
    nPCore: 0
    nLogicalsPerPCore: 0
    nECore: 0
    nLogicalsPerECore: 0
  MemModuleInfo:
    iNumMemSticks: 2
    DIMM 1:
      manufacturer: Microsoft Corporation
      modulePartNo: None
      memType: Unknown
      size: 1
      clkspeed: 0
      moduleVoltage: 0
    DIMM 2:
      manufacturer: Microsoft Corporation
      modulePartNo: None
      memType: Unknown
      size: 3
      clkspeed: 0
      moduleVoltage: 0
Checksum: E1B320D8EA562F3008173BB4D3AF56C9D6C53914