BaselineInfo:
  WebDBID: -1
  TimeStamp: 20260404185619
Version:
  Major: 11
  Minor: 0
  Build: 1004
  SpecialBuildName: ""
  ptArchitecture: x86_64_linux
Results:
  Results Complete: true
  NumTestProcesses: 16
  CPU_INTEGER_MATH: 67029.111999999994
  CPU_FLOATINGPOINT_MATH: 34319.992454608328
  CPU_PRIME: 111.46220852111664
  CPU_SORTING: 34307.147236560377
  CPU_ENCRYPTION: 14229.260298064291
  CPU_COMPRESSION: 244643.58680124342
  CPU_SINGLETHREAD: 2395.4846015271974
  CPU_PHYSICS: 2036.8072025491449
  CPU_MATRIX_MULT_SSE: 14046.274119856789
  CPU_mm: 1448.725272313126
  CPU_sse: 6376.5260077703879
  CPU_fma: 17497.344771388693
  CPU_avx: 12912.967139181837
  CPU_avx512: 19398.258561086237
  m_CPU_enc_SHA: 13748031497.573757
  m_CPU_enc_AES: 22110647819.690136
  m_CPU_enc_ECDSA: 8902703221.6452866
  ME_ALLOC_S: 7565.9292089632163
  ME_READ_S: 24030.416015625
  ME_READ_L: 9701.130859375
  ME_WRITE: 9177.4287109375
  ME_LARGE: 113274.75
  ME_LATENCY: 60.230034997177732
  ME_THREADED: 80350.0205078125
  SUMM_CPU: 20751.246667726304
  SUMM_ME: 2383.9235294416171
SystemInformation:
  OSName: Ubuntu 24.04.4 LTS
  Kernel: 6.8.0-106-generic
  Device: ""
  Processor: Intel(R) Xeon(R) Platinum 8369B CPU @ 2.70GHz
  NumSockets: 1
  Manufacturer: GenuineIntel
  NumCores: 8
  NumLogicals: 16
  CPUFrequency: 0
  CPUMaxFrequency: 0
  Memory: 126250
  CPUInfo:
    number: 1
    Family: 6
    Model: 10
    stepping: 6
    features: 529267711
    manufacture: GenuineIntel
    typestring: Intel(R) Xeon(R) Platinum 8369B CPU @ 2.70GHz
    iCoresPerPackage: 8
    iThreadsPerPackage: 2
    featuresEx:
      - 529267711
      - 4277809667
      - 739248128
    bHybrid: false
    nPCore: 0
    nLogicalsPerPCore: 0
    nECore: 0
    nLogicalsPerECore: 0
  MemModuleInfo:
    iNumMemSticks: 8
    DIMM 1:
      manufacturer: Alibaba Cloud
      modulePartNo: Not Specified
      memType: RAM
      size: 16
      clkspeed: 0
      moduleVoltage: 0
    DIMM 2:
      manufacturer: Alibaba Cloud
      modulePartNo: Not Specified
      memType: RAM
      size: 16
      clkspeed: 0
      moduleVoltage: 0
    DIMM 3:
      manufacturer: Alibaba Cloud
      modulePartNo: Not Specified
      memType: RAM
      size: 16
      clkspeed: 0
      moduleVoltage: 0
    DIMM 4:
      manufacturer: Alibaba Cloud
      modulePartNo: Not Specified
      memType: RAM
      size: 16
      clkspeed: 0
      moduleVoltage: 0
    DIMM 5:
      manufacturer: Alibaba Cloud
      modulePartNo: Not Specified
      memType: RAM
      size: 16
      clkspeed: 0
      moduleVoltage: 0
    DIMM 6:
      manufacturer: Alibaba Cloud
      modulePartNo: Not Specified
      memType: RAM
      size: 16
      clkspeed: 0
      moduleVoltage: 0
    DIMM 7:
      manufacturer: Alibaba Cloud
      modulePartNo: Not Specified
      memType: RAM
      size: 16
      clkspeed: 0
      moduleVoltage: 0
    DIMM 8:
      manufacturer: Alibaba Cloud
      modulePartNo: Not Specified
      memType: RAM
      size: 16
      clkspeed: 0
      moduleVoltage: 0
Checksum: 31A9DF4959193211284D6F0AAADEB2FBD1E1F095