BaselineInfo:
  WebDBID: -1
  TimeStamp: 20241108194358
Version:
  Major: 11
  Minor: 0
  Build: 1002
  SpecialBuildName: ""
  ptArchitecture: aarch64_linux
Results:
  Results Complete: true
  NumTestProcesses: 48
  CPU_INTEGER_MATH: 302473.46633333334
  CPU_FLOATINGPOINT_MATH: 254083.58084248484
  CPU_PRIME: 524.0382275983859
  CPU_SORTING: 242723.74421955104
  CPU_ENCRYPTION: 9015.6117217919818
  CPU_COMPRESSION: 332610.49881104787
  CPU_SINGLETHREAD: 1881.1070077124284
  CPU_PHYSICS: 12591.763411518918
  CPU_MATRIX_MULT_SSE: 42900.363292250717
  CPU_mm: 6895.3933930111089
  CPU_sse: 36159.697979033241
  CPU_fma: 49641.028605468186
  CPU_avx: 0
  CPU_avx512: 0
  m_CPU_enc_SHA: 13305323755.28459
  m_CPU_enc_AES: 5846490098.0473413
  m_CPU_enc_ECDSA: 9208848377.0373192
  ME_ALLOC_S: 36588.41113824505
  ME_READ_S: 25433.8271484375
  ME_READ_L: 19539.95703125
  ME_WRITE: 25723.29296875
  ME_LARGE: 179479.58333333334
  ME_LATENCY: 54.2097657885746
  ME_THREADED: 502999.34765625
  SUMM_CPU: 36253.175780444471
  SUMM_ME: 3334.2827145688466
SystemInformation:
  OSName: Ubuntu 24.04.1 LTS
  Kernel: 6.8.0-1017-azure
  Device: ""
  Processor: ARM Neoverse-N2 48 Core 0 MHz
  NumSockets: 1
  Manufacturer: ARM
  NumCores: 48
  NumLogicals: 48
  CPUFrequency: 0
  Memory: 192834
Checksum: 279912474F496628D481539EFB35C0F9825BB539