---
system-info:
      stress-ng-version: 0.17.08
      run-by: root
      date-yyyy-mm-dd: 2024:07:02
      time-hh-mm-ss: 14:37:51
      epoch-secs: 1719931071
      hostname: n1-standard-32-1c1d312
      sysname: Linux
      nodename: n1-standard-32-1c1d312
      release: 6.8.0-1009-gcp
      version: '#10-Ubuntu SMP Wed Jun 12 18:52:23 UTC 2024'
      machine: x86_64
      compiler: 'musl-gcc 13.2.1'
      uptime: 170
      totalram: 126606139392
      freeram: 121017450496
      sharedram: 48840704
      bufferram: 127397888
      totalswap: 0
      freeswap: 0
      pagesize: 4096
      cpus: 32
      cpus-online: 32
      ticks-per-second: 100

metrics:
    - stressor: cpu
      bogo-ops: 468805
      bogo-ops-per-second-usr-sys-time: 733.306148
      bogo-ops-per-second-real-time: 23440.089862
      wall-clock-time: 20.000137
      user-time: 639.248264
      system-time: 0.054981
      cpu-usage-per-instance: 99.890450
      max-rss: 1032

...
