BaselineInfo:
  WebDBID: -1
  TimeStamp: 20241114225048
Version:
  Major: 11
  Minor: 0
  Build: 1002
  SpecialBuildName: ""
  ptArchitecture: x86_64_linux
Results:
  Results Complete: true
  NumTestProcesses: 2
  CPU_INTEGER_MATH: 8231.1956666666665
  CPU_FLOATINGPOINT_MATH: 4566.7845905964114
  CPU_PRIME: 19.258876075247766
  CPU_SORTING: 4593.4996800369536
  CPU_ENCRYPTION: 2141.9635284580736
  CPU_COMPRESSION: 32608.99945655663
  CPU_SINGLETHREAD: 2312.4641430803376
  CPU_PHYSICS: 394.66645591536815
  CPU_MATRIX_MULT_SSE: 1738.6215494672338
  CPU_mm: 221.96933286056253
  CPU_sse: 946.08515169086877
  CPU_fma: 2562.7359961220209
  CPU_avx: 1707.0435005888112
  CPU_avx512: 0
  m_CPU_enc_SHA: 3096146405.6051865
  m_CPU_enc_AES: 1982640549.8291459
  m_CPU_enc_ECDSA: 1659247691.0150266
  ME_ALLOC_S: 924.83760264113482
  ME_READ_S: 23918.183789062499
  ME_READ_L: 16982.5546875
  ME_WRITE: 17427.333984375
  ME_LARGE: 6956.5
  ME_LATENCY: 63.496992818084927
  ME_THREADED: 22444.037109375
  SUMM_CPU: 3125.8340229202959
  SUMM_ME: 1997.5138109854424
SystemInformation:
  OSName: Ubuntu 24.04.1 LTS
  Kernel: 6.8.0-1015-gcp
  Device: ""
  Processor: AMD EPYC 7B13
  NumSockets: 1
  Manufacturer: AuthenticAMD
  NumCores: 1
  NumLogicals: 2
  CPUFrequency: 0
  Memory: 15991
  MemModuleInfo:
    iNumMemSticks: 1
    DIMM 1:
      manufacturer: ""
      modulePartNo: ""
      memType: RAM
      size: 16
      clkspeed: 0
      moduleVoltage: 0
Checksum: 6D26A531DA80E2C7B237E527D0EA7FD610998F2F