BaselineInfo:
  WebDBID: -1
  TimeStamp: 20241115150311
Version:
  Major: 11
  Minor: 0
  Build: 1002
  SpecialBuildName: ""
  ptArchitecture: x86_64_linux
Results:
  Results Complete: true
  NumTestProcesses: 2
  CPU_INTEGER_MATH: 8215.5993333333317
  CPU_FLOATINGPOINT_MATH: 4552.3402539906574
  CPU_PRIME: 17.699802811607508
  CPU_SORTING: 4503.4614590770489
  CPU_ENCRYPTION: 2130.3012722402236
  CPU_COMPRESSION: 32190.114621987421
  CPU_SINGLETHREAD: 2299.6080550640631
  CPU_PHYSICS: 370.41778491417972
  CPU_MATRIX_MULT_SSE: 1728.1822020378595
  CPU_mm: 221.73691784717036
  CPU_sse: 942.05667824563568
  CPU_fma: 2543.2143216757909
  CPU_avx: 1699.2756061921523
  CPU_avx512: 0
  m_CPU_enc_SHA: 3089520604.496273
  m_CPU_enc_AES: 1973581629.1133077
  m_CPU_enc_ECDSA: 1638246126.9121127
  ME_ALLOC_S: 851.1048795147625
  ME_READ_S: 23718.065234375001
  ME_READ_L: 15479.1806640625
  ME_WRITE: 15942.6279296875
  ME_LARGE: 6917.666666666667
  ME_LATENCY: 71.510861400074887
  ME_THREADED: 21457.4912109375
  SUMM_CPU: 3087.2628953257395
  SUMM_ME: 1850.8307290612672
SystemInformation:
  OSName: Ubuntu 24.04.1 LTS
  Kernel: 6.8.0-1017-gcp
  Device: ""
  Processor: AMD EPYC 7B13
  NumSockets: 1
  Manufacturer: AuthenticAMD
  NumCores: 1
  NumLogicals: 2
  CPUFrequency: 0
  Memory: 15991
  MemModuleInfo:
    iNumMemSticks: 1
    DIMM 1:
      manufacturer: ""
      modulePartNo: ""
      memType: RAM
      size: 16
      clkspeed: 0
      moduleVoltage: 0
Checksum: FEFF32F3EBB070593FD3839F8E29D582E1A16CF5