BaselineInfo:
  WebDBID: -1
  TimeStamp: 20241107040544
Version:
  Major: 11
  Minor: 0
  Build: 1002
  SpecialBuildName: ""
  ptArchitecture: x86_64_linux
Results:
  Results Complete: true
  NumTestProcesses: 2
  CPU_INTEGER_MATH: 8211.9073333333345
  CPU_FLOATINGPOINT_MATH: 4552.7169887340642
  CPU_PRIME: 18.383046822596839
  CPU_SORTING: 4511.4465073990268
  CPU_ENCRYPTION: 2130.9863299766403
  CPU_COMPRESSION: 31579.148676324818
  CPU_SINGLETHREAD: 2291.8711762885519
  CPU_PHYSICS: 364.41193722163382
  CPU_MATRIX_MULT_SSE: 1742.277487808333
  CPU_mm: 222.12042713398989
  CPU_sse: 933.13779658404269
  CPU_fma: 2544.3937392461662
  CPU_avx: 1749.30092759479
  CPU_avx512: 0
  m_CPU_enc_SHA: 3085540023.7406988
  m_CPU_enc_AES: 1968716898.7658877
  m_CPU_enc_ECDSA: 1649246443.3181705
  ME_ALLOC_S: 873.42693111271547
  ME_READ_S: 23671.059179687501
  ME_READ_L: 15492.326171875
  ME_WRITE: 15391.5166015625
  ME_LARGE: 6007.916666666667
  ME_LATENCY: 73.779555571213891
  ME_THREADED: 21424.4892578125
  SUMM_CPU: 3083.5142494727361
  SUMM_ME: 1806.1875607154993
SystemInformation:
  OSName: Ubuntu 24.04.1 LTS
  Kernel: 6.8.0-1015-gcp
  Device: ""
  Processor: AMD EPYC 7B13
  NumSockets: 1
  Manufacturer: AuthenticAMD
  NumCores: 1
  NumLogicals: 2
  CPUFrequency: 0
  Memory: 15991
  MemModuleInfo:
    iNumMemSticks: 1
    DIMM 1:
      manufacturer: ""
      modulePartNo: ""
      memType: RAM
      size: 16
      clkspeed: 0
      moduleVoltage: 0
Checksum: DAF15952AA1048F4273B53D9978B87F14305CBCA