---
system-info:
      stress-ng-version: 0.17.08
      run-by: root
      date-yyyy-mm-dd: 2024:07:11
      time-hh-mm-ss: 18:54:24
      epoch-secs: 1720724064
      hostname: ip-172-31-8-120
      sysname: Linux
      nodename: ip-172-31-8-120
      release: 6.8.0-1010-aws
      version: '#10-Ubuntu SMP Thu Jun 13 17:36:15 UTC 2024'
      machine: x86_64
      compiler: 'musl-gcc 13.2.1'
      uptime: 198
      totalram: 66368344064
      freeram: 60783656960
      sharedram: 18120704
      bufferram: 142319616
      totalswap: 0
      freeswap: 0
      pagesize: 4096
      cpus: 16
      cpus-online: 16
      ticks-per-second: 100

metrics:
    - stressor: cpu
      bogo-ops: 15352
      bogo-ops-per-second-usr-sys-time: 767.547692
      bogo-ops-per-second-real-time: 767.596221
      wall-clock-time: 20.000098
      user-time: 20.001363
      system-time: 0.000000
      cpu-usage-per-instance: 100.006323
      max-rss: 1104

...
