size_kb,operation,bandwidth_mb_s,latency_ns,latency_stddev_ns,latency_samples,threads,iterations,elapsed_s
32,read,8384460.07,0,0,0,192,593824,0.424946
32,write,6399947.32,0,0,0,192,351617,0.329644
32,copy,4799474.03,0,0,0,192,437828,0.547345
32,latency,0,0.98,0.00,7,1,7,0.140327
128,read,9749460.58,0,0,0,192,202922,0.499528
128,write,8142575.49,0,0,0,192,193498,0.570330
128,copy,5727748.30,0,0,0,192,121773,0.510244
128,latency,0,2.66,0.00,7,1,7,0.703486
512,read,8619721.12,0,0,0,192,57923,0.645103
512,write,8533908.24,0,0,0,192,55481,0.624119
512,copy,3825282.33,0,0,0,192,18982,0.476376
512,latency,0,3.68,0.00,7,1,7,0.703008
1024,read,7431910.20,0,0,0,192,19202,0.496075
1024,write,6870031.96,0,0,0,192,23007,0.642987
1024,copy,3022849.88,0,0,0,192,8254,0.524263
1024,latency,0,5.26,0.01,7,1,7,0.697598
2048,read,6210751.63,0,0,0,192,8470,0.523685
2048,write,5176249.67,0,0,0,192,7144,0.529978
2048,copy,1423991.84,0,0,0,192,4035,1.088096
2048,latency,0,9.77,0.01,7,1,7,0.687876
8192,read,1282690.30,0,0,0,192,1533,1.835742
8192,write,968274.82,0,0,0,192,1445,2.292242
8192,copy,181705.46,0,0,0,192,755,6.382197
8192,latency,0,11.36,0.00,7,1,7,0.694161
16384,read,538593.52,0,0,0,192,712,4.061066
16384,write,248108.85,0,0,0,192,653,8.085226
16384,copy,151223.17,0,0,0,192,416,8.450768
16384,latency,0,11.82,0.00,7,1,7,0.749567
32768,read,499870.07,0,0,0,192,369,4.535451
32768,write,219524.94,0,0,0,192,335,9.375882
32768,copy,151103.84,0,0,0,192,189,7.684887
32768,latency,0,13.11,0.26,7,1,7,0.710025
65536,read,500002.47,0,0,0,192,179,4.399082
65536,write,219838.18,0,0,0,192,142,7.937184
65536,copy,151457.74,0,0,0,192,89,7.220707
65536,latency,0,67.94,0.73,7,1,7,2.955339
131072,read,501030.92,0,0,0,192,90,4.414578
131072,write,219784.53,0,0,0,192,65,7.268209
131072,copy,151188.29,0,0,0,192,43,6.989748
131072,latency,0,89.94,0.03,7,1,7,7.749542
