---
system-info:
      stress-ng-version: 0.17.08
      run-by: root
      date-yyyy-mm-dd: 2024:07:03
      time-hh-mm-ss: 09:37:59
      epoch-secs: 1719999479
      hostname: n2-highmem-64-0427855
      sysname: Linux
      nodename: n2-highmem-64-0427855
      release: 6.8.0-1009-gcp
      version: '#10-Ubuntu SMP Wed Jun 12 18:52:23 UTC 2024'
      machine: x86_64
      compiler: 'musl-gcc 13.2.1'
      uptime: 165
      totalram: 541022707712
      freeram: 534617575424
      sharedram: 70860800
      bufferram: 132472832
      totalswap: 0
      freeswap: 0
      pagesize: 4096
      cpus: 64
      cpus-online: 64
      ticks-per-second: 100

metrics:
    - stressor: cpu
      bogo-ops: 36829
      bogo-ops-per-second-usr-sys-time: 1841.494288
      bogo-ops-per-second-real-time: 1841.443788
      wall-clock-time: 20.000067
      user-time: 19.999519
      system-time: 0.000000
      cpu-usage-per-instance: 99.997258
      max-rss: 512

...
