---
system-info:
      stress-ng-version: 0.17.08
      run-by: root
      date-yyyy-mm-dd: 2024:06:10
      time-hh-mm-ss: 01:21:25
      epoch-secs: 1717982485
      hostname: 8fd21fadb59f
      sysname: Linux
      nodename: 8fd21fadb59f
      release: 6.8.0-1008-aws
      version: '#8-Ubuntu SMP Sat Apr 20 00:46:25 UTC 2024'
      machine: x86_64
      compiler: 'musl-gcc 13.2.1'
      uptime: 120
      totalram: 810990645248
      freeram: 805051731968
      sharedram: 113086464
      bufferram: 113745920
      totalswap: 0
      freeswap: 0
      pagesize: 4096
      cpus: 96
      cpus-online: 96
      ticks-per-second: 100

metrics:
    - stressor: cpu
      bogo-ops: 21598
      bogo-ops-per-second-usr-sys-time: 2158.961028
      bogo-ops-per-second-real-time: 2158.957892
      wall-clock-time: 10.003901
      user-time: 10.003886
      system-time: 0.000000
      cpu-usage-per-instance: 99.999855
      max-rss: 3072

...
