---
system-info:
      stress-ng-version: 0.17.08
      run-by: root
      date-yyyy-mm-dd: 2024:06:16
      time-hh-mm-ss: 04:41:36
      epoch-secs: 1718512896
      hostname: 6e27e8618d88
      sysname: Linux
      nodename: 6e27e8618d88
      release: 6.8.0-1008-aws
      version: '#8-Ubuntu SMP Sat Apr 20 00:46:25 UTC 2024'
      machine: x86_64
      compiler: 'musl-gcc 13.2.1'
      uptime: 131
      totalram: 810990645248
      freeram: 805252878336
      sharedram: 113086464
      bufferram: 110690304
      totalswap: 0
      freeswap: 0
      pagesize: 4096
      cpus: 96
      cpus-online: 96
      ticks-per-second: 100

metrics:
    - stressor: cpu
      bogo-ops: 41462
      bogo-ops-per-second-usr-sys-time: 2073.086110
      bogo-ops-per-second-real-time: 2073.094019
      wall-clock-time: 20.000058
      user-time: 20.000134
      system-time: 0.000000
      cpu-usage-per-instance: 100.000382
      max-rss: 768

...
