BaselineInfo:
  WebDBID: -1
  TimeStamp: 20250421235203
Version:
  Major: 11
  Minor: 0
  Build: 1002
  SpecialBuildName: ""
  ptArchitecture: aarch64_linux
Results:
  Results Complete: true
  NumTestProcesses: 16
  CPU_INTEGER_MATH: 83510.744333333321
  CPU_FLOATINGPOINT_MATH: 97017.858026215239
  CPU_PRIME: 264.7840683737445
  CPU_SORTING: 74267.096105065633
  CPU_ENCRYPTION: 3029.6832772619791
  CPU_COMPRESSION: 106394.88363844063
  CPU_SINGLETHREAD: 1945.0528911833103
  CPU_PHYSICS: 4903.1752731410388
  CPU_MATRIX_MULT_SSE: 14719.945837499827
  CPU_mm: 1804.2355974576144
  CPU_sse: 11547.156671148186
  CPU_fma: 17892.735003851467
  CPU_avx: 0
  CPU_avx512: 0
  m_CPU_enc_SHA: 4791885805.5097036
  m_CPU_enc_AES: 1715668854.2708163
  m_CPU_enc_ECDSA: 3023004856.6342487
  ME_ALLOC_S: 24154.596161849055
  ME_READ_S: 21186.699804687501
  ME_READ_L: 19990.87890625
  ME_WRITE: 21287.744140625
  ME_LARGE: 53251.083333333336
  ME_LATENCY: 47.118415780611521
  ME_THREADED: 282737.4609375
  SUMM_CPU: 14609.746665460194
  SUMM_ME: 3295.6286402858632
SystemInformation:
  OSName: Ubuntu 24.04.2 LTS
  Kernel: 6.8.0-1027-aws
  Device: ""
  Processor: ARM Neoverse-V2 16 Core 0 MHz
  NumSockets: 1
  Manufacturer: ARM
  NumCores: 16
  NumLogicals: 16
  CPUFrequency: 0
  Memory: 63132
Checksum: 0C3F70373901C9E4D30BB53FA1E0AA3249A823CF