BaselineInfo:
  WebDBID: -1
  TimeStamp: 20251016194044
Version:
  Major: 11
  Minor: 0
  Build: 1002
  SpecialBuildName: ""
  ptArchitecture: x86_64_linux
Results:
  Results Complete: true
  NumTestProcesses: 8
  CPU_INTEGER_MATH: 39329.621666666666
  CPU_FLOATINGPOINT_MATH: 31441.033793825631
  CPU_PRIME: 122.09323121004367
  CPU_SORTING: 22838.75445862647
  CPU_ENCRYPTION: 8499.7644561398756
  CPU_COMPRESSION: 166357.29184574532
  CPU_SINGLETHREAD: 2243.3131022380571
  CPU_PHYSICS: 2168.5545892782288
  CPU_MATRIX_MULT_SSE: 14415.792478629706
  CPU_mm: 1489.7316973432348
  CPU_sse: 6656.1841521973984
  CPU_fma: 21973.88302106797
  CPU_avx: 14617.310262623751
  CPU_avx512: 0
  m_CPU_enc_SHA: 11985924565.561466
  m_CPU_enc_AES: 7576636066.6457329
  m_CPU_enc_ECDSA: 7175386410.8767748
  ME_ALLOC_S: 6708.7132410043496
  ME_READ_S: 22172.078710937501
  ME_READ_L: 15081.0751953125
  ME_WRITE: 16040.40234375
  ME_LARGE: 6092.166666666667
  ME_LATENCY: 69.879336809599522
  ME_THREADED: 93997.619140625
  SUMM_CPU: 15774.817347904809
  SUMM_ME: 2226.8083588651798
SystemInformation:
  OSName: Ubuntu 24.04.2 LTS
  Kernel: 6.8.0-71-generic
  Device: ""
  Processor: AMD EPYC-Rome Processor
  NumSockets: 1
  Manufacturer: AuthenticAMD
  NumCores: 8
  NumLogicals: 8
  CPUFrequency: 0
  Memory: 15613
  MemModuleInfo:
    iNumMemSticks: 1
    DIMM 1:
      manufacturer: QEMU
      modulePartNo: Not Specified
      memType: RAM
      size: 16000
      clkspeed: 0
      moduleVoltage: 0
Checksum: F6F55B549017C26E9CD9C6865755276E8946D404