size_kb,operation,bandwidth_mb_s,latency_ns,latency_stddev_ns,latency_samples,threads,iterations,elapsed_s
32,read,9798695.47,0,0,0,96,862069,0.263934
32,write,10886491.53,0,0,0,96,862069,0.237561
32,copy,4602985.93,0,0,0,96,347222,0.226302
32,latency,0,0.89,0.00,7,1,7,0.130499
128,read,8889639.46,0,0,0,96,257731,0.347907
128,write,7983296.75,0,0,0,96,227272,0.341621
128,copy,5526000.96,0,0,0,96,139664,0.303288
128,latency,0,2.46,0.00,7,1,7,0.697221
512,read,7841210.04,0,0,0,96,61124,0.374171
512,write,8905101.11,0,0,0,96,60240,0.324704
512,copy,3953117.35,0,0,0,96,25150,0.305379
512,latency,0,3.55,0.00,7,1,7,0.407640
1024,read,7339120.65,0,0,0,96,28801,0.376734
1024,write,6883478.39,0,0,0,96,25930,0.361631
1024,copy,3255908.73,0,0,0,96,9297,0.274121
1024,latency,0,4.33,0.01,7,1,7,0.676210
2048,read,6407068.36,0,0,0,96,8302,0.248785
2048,write,6808564.57,0,0,0,96,9338,0.263330
2048,copy,2136731.06,0,0,0,96,3965,0.356283
2048,latency,0,8.89,0.05,7,1,7,0.660235
8192,read,1544978.13,0,0,0,96,1571,0.780935
8192,write,968612.47,0,0,0,96,1103,0.874554
8192,copy,296604.97,0,0,0,96,833,2.156889
8192,latency,0,10.38,0.01,7,1,7,0.710670
16384,read,746208.01,0,0,0,96,665,1.368841
16384,write,298992.50,0,0,0,96,552,2.835763
16384,copy,150450.47,0,0,0,96,340,3.471176
16384,latency,0,10.79,0.01,7,1,7,0.684892
32768,read,544340.24,0,0,0,96,353,1.992166
32768,write,206350.48,0,0,0,96,314,4.674610
32768,copy,137390.54,0,0,0,96,146,3.264504
32768,latency,0,11.73,0.28,7,1,7,0.635594
65536,read,513432.94,0,0,0,96,180,2.153972
65536,write,191588.10,0,0,0,96,142,4.553769
65536,copy,134940.09,0,0,0,96,83,3.779099
65536,latency,0,76.86,1.61,7,1,7,3.363447
131072,read,505252.34,0,0,0,96,89,2.164526
131072,write,187490.35,0,0,0,96,66,4.325599
131072,copy,135016.88,0,0,0,96,41,3.731445
131072,latency,0,100.72,2.78,7,1,7,8.945610
