BaselineInfo:
  WebDBID: -1
  TimeStamp: 20250117003421
Version:
  Major: 11
  Minor: 0
  Build: 1002
  SpecialBuildName: ""
  ptArchitecture: x86_64_linux
Results:
  Results Complete: true
  NumTestProcesses: 64
  CPU_INTEGER_MATH: 274241.45233333326
  CPU_FLOATINGPOINT_MATH: 194644.26690368404
  CPU_PRIME: 371.39175990809321
  CPU_SORTING: 127069.26906569743
  CPU_ENCRYPTION: 59847.652403114589
  CPU_COMPRESSION: 973195.87090884929
  CPU_SINGLETHREAD: 3061.9433256264206
  CPU_PHYSICS: 7254.4347761238714
  CPU_MATRIX_MULT_SSE: 65607.103515929091
  CPU_mm: 7519.6784794623845
  CPU_sse: 32741.719492730306
  CPU_fma: 72522.465237559212
  CPU_avx: 57945.90069883375
  CPU_avx512: 99218.328634593068
  m_CPU_enc_SHA: 63479380517.371437
  m_CPU_enc_AES: 82315727349.429184
  m_CPU_enc_ECDSA: 42469328031.944283
  ME_ALLOC_S: 27825.615993159416
  ME_READ_S: 27756.141796874999
  ME_READ_L: 8994.37109375
  ME_WRITE: 12565.625
  ME_LARGE: 239889.5
  ME_LATENCY: 83.553357211958883
  ME_THREADED: 206756.681640625
  SUMM_CPU: 68952.467211943687
  SUMM_ME: 2201.5207738700906
SystemInformation:
  OSName: Ubuntu 24.04.1 LTS
  Kernel: 6.8.0-1021-aws
  Device: ""
  Processor: Intel Xeon Platinum 8488C
  NumSockets: 1
  Manufacturer: GenuineIntel
  NumCores: 32
  NumLogicals: 64
  CPUFrequency: 0
  Memory: 253655
  MemModuleInfo:
    iNumMemSticks: 1
    DIMM 1:
      manufacturer: Not Specified
      modulePartNo: Not Specified
      memType: DDR5
      size: 256
      clkspeed: 2400
      moduleVoltage: 0
Checksum: 7AC3769DDFA2344194AB4525BA65614367CD8F9A