BaselineInfo:
  WebDBID: -1
  TimeStamp: 20251202171751
Version:
  Major: 11
  Minor: 0
  Build: 1002
  SpecialBuildName: ""
  ptArchitecture: x86_64_linux
Results:
  Results Complete: true
  NumTestProcesses: 16
  CPU_INTEGER_MATH: 121784.38300000002
  CPU_FLOATINGPOINT_MATH: 121548.79769105965
  CPU_PRIME: 445.13186226764822
  CPU_SORTING: 73760.719208889524
  CPU_ENCRYPTION: 25293.164982415536
  CPU_COMPRESSION: 528097.88813107635
  CPU_SINGLETHREAD: 3826.5552158507685
  CPU_PHYSICS: 6071.589751922711
  CPU_MATRIX_MULT_SSE: 49548.461440047045
  CPU_mm: 5834.7266435868323
  CPU_sse: 17523.177298289309
  CPU_fma: 69445.619351381058
  CPU_avx: 35281.019479532355
  CPU_avx512: 75944.029630985489
  m_CPU_enc_SHA: 35105549700.143013
  m_CPU_enc_AES: 21995478833.518856
  m_CPU_enc_ECDSA: 22464388760.142189
  ME_ALLOC_S: 20831.176519329951
  ME_READ_S: 33958.584179687503
  ME_READ_L: 32545.087890625
  ME_WRITE: 32565.810546875
  ME_LARGE: 20006.833333333332
  ME_LATENCY: 81.73024307668733
  ME_THREADED: 115290.9033203125
  SUMM_CPU: 47006.990703248724
  SUMM_ME: 2740.9707374112295
SystemInformation:
  OSName: Ubuntu 24.04.2 LTS
  Kernel: 6.14.0-1017-aws
  Device: ""
  Processor: AMD EPYC 9R45
  NumSockets: 1
  Manufacturer: AuthenticAMD
  NumCores: 16
  NumLogicals: 16
  CPUFrequency: 0
  Memory: 31468
  MemModuleInfo:
    iNumMemSticks: 1
    DIMM 1:
      manufacturer: Not Specified
      modulePartNo: Not Specified
      memType: DDR5
      size: 32
      clkspeed: 3200
      moduleVoltage: 0
Checksum: 10CDC4468F9807D59947AA3C75D7D7E255AC3DEC