size_kb,operation,bandwidth_mb_s,latency_ns,latency_stddev_ns,latency_samples,threads,iterations,elapsed_s
32,read,5770505.73,0,0,0,96,641024,0.333259
32,write,3777598.06,0,0,0,96,293772,0.233301
32,copy,2726729.64,0,0,0,96,356633,0.392374
32,latency,0,0.98,0.00,7,1,7,0.141127
128,read,5594316.06,0,0,0,96,198255,0.425264
128,write,4802552.21,0,0,0,96,189107,0.472516
128,copy,3380096.99,0,0,0,96,97503,0.346155
128,latency,0,2.68,0.00,7,1,7,0.705163
512,read,5129482.86,0,0,0,96,60738,0.568366
512,write,4949126.07,0,0,0,96,54147,0.525155
512,copy,2335981.25,0,0,0,96,28077,0.576929
512,latency,0,3.72,0.04,7,1,7,0.660343
1024,read,4569984.10,0,0,0,96,24545,0.515608
1024,write,4376172.42,0,0,0,96,24715,0.542172
1024,copy,1867197.38,0,0,0,96,9090,0.467353
1024,latency,0,5.50,0.01,7,1,7,0.699211
2048,read,3702885.32,0,0,0,96,8359,0.433426
2048,write,3118916.21,0,0,0,96,8510,0.523874
2048,copy,741438.10,0,0,0,96,3362,0.870611
2048,latency,0,10.09,0.22,7,1,7,0.693897
8192,read,884863.45,0,0,0,96,2557,2.219298
8192,write,527277.73,0,0,0,96,1137,1.656084
8192,copy,115624.40,0,0,0,96,713,4.735886
8192,latency,0,10.85,0.01,7,1,7,0.705044
16384,read,360090.12,0,0,0,96,603,2.572156
16384,write,181848.82,0,0,0,96,539,4.552705
16384,copy,107016.67,0,0,0,96,333,4.779517
16384,latency,0,11.92,0.01,7,1,7,0.757784
32768,read,306646.11,0,0,0,96,291,2.915256
32768,write,167093.90,0,0,0,96,222,4.081442
32768,copy,107683.87,0,0,0,96,140,3.993913
32768,latency,0,15.61,0.28,7,1,7,0.840665
65536,read,308945.48,0,0,0,96,163,3.241582
65536,write,162422.96,0,0,0,96,102,3.858371
65536,copy,104151.48,0,0,0,96,65,3.834415
65536,latency,0,73.40,0.48,7,1,7,3.164443
131072,read,316104.37,0,0,0,96,79,3.070986
131072,write,159746.14,0,0,0,96,51,3.923024
131072,copy,109711.49,0,0,0,96,34,3.808097
131072,latency,0,93.30,0.20,7,1,7,8.051976
