BaselineInfo:
  WebDBID: -1
  TimeStamp: 20260522173833
Version:
  Major: 11
  Minor: 0
  Build: 1004
  SpecialBuildName: ""
  ptArchitecture: x86_64_linux
Results:
  Results Complete: true
  NumTestProcesses: 48
  CPU_INTEGER_MATH: 349211.10966666671
  CPU_FLOATINGPOINT_MATH: 290963.97078932793
  CPU_PRIME: 924.50822678716099
  CPU_SORTING: 167303.3218656565
  CPU_ENCRYPTION: 64923.890855536651
  CPU_COMPRESSION: 1094839.8506026545
  CPU_SINGLETHREAD: 3409.3095586551913
  CPU_PHYSICS: 8850.4275875354087
  CPU_MATRIX_MULT_SSE: 85174.777879276066
  CPU_mm: 8908.6098610820754
  CPU_sse: 32742.929494677908
  CPU_fma: 100806.35858808078
  CPU_avx: 71372.576733123773
  CPU_avx512: 135777.24670122188
  m_CPU_enc_SHA: 89984057448.983017
  m_CPU_enc_AES: 60387811608.514832
  m_CPU_enc_ECDSA: 53861032275.707741
  ME_ALLOC_S: 25075.419964920733
  ME_READ_S: 33828.399609375003
  ME_READ_L: 24968.37890625
  ME_WRITE: 25718.16015625
  ME_LARGE: 80637.416666666672
  ME_LATENCY: 112.09069897154886
  ME_THREADED: 276578.99755859375
  SUMM_CPU: 84358.211891250045
  SUMM_ME: 2231.3775497501838
SystemInformation:
  OSName: Ubuntu 24.04.4 LTS
  Kernel: 6.8.0-111-generic
  Device: ""
  Processor: "AMD EPYC 9575F 64-Core Processor               "
  NumSockets: 1
  Manufacturer: AuthenticAMD
  NumCores: 48
  NumLogicals: 48
  CPUFrequency: 0
  CPUMaxFrequency: 0
  Memory: 96465
  CPUInfo:
    number: 1
    Family: 15
    Model: 2
    stepping: 1
    features: 395049983
    manufacture: AuthenticAMD
    typestring: "AMD EPYC 9575F 64-Core Processor               "
    iCoresPerPackage: 255
    iThreadsPerPackage: 1
    featuresEx:
      - 395049983
      - 4294586883
      - 802421759
    bHybrid: false
    nPCore: 0
    nLogicalsPerPCore: 0
    nECore: 0
    nLogicalsPerECore: 0
  MemModuleInfo:
    iNumMemSticks: 6
    DIMM 1:
      manufacturer: QEMU
      modulePartNo: Not Specified
      memType: RAM
      size: 16
      clkspeed: 0
      moduleVoltage: 0
    DIMM 2:
      manufacturer: QEMU
      modulePartNo: Not Specified
      memType: RAM
      size: 16
      clkspeed: 0
      moduleVoltage: 0
    DIMM 3:
      manufacturer: QEMU
      modulePartNo: Not Specified
      memType: RAM
      size: 16
      clkspeed: 0
      moduleVoltage: 0
    DIMM 4:
      manufacturer: QEMU
      modulePartNo: Not Specified
      memType: RAM
      size: 16
      clkspeed: 0
      moduleVoltage: 0
    DIMM 5:
      manufacturer: QEMU
      modulePartNo: Not Specified
      memType: RAM
      size: 16
      clkspeed: 0
      moduleVoltage: 0
    DIMM 6:
      manufacturer: QEMU
      modulePartNo: Not Specified
      memType: RAM
      size: 16
      clkspeed: 0
      moduleVoltage: 0
Checksum: 79C11609E222E57700D8E5710C911CD91D205AC9