---
system-info:
      stress-ng-version: 0.17.08
      run-by: root
      date-yyyy-mm-dd: 2024:09:17
      time-hh-mm-ss: 03:50:30
      epoch-secs: 1726545030
      hostname: sc-runner
      sysname: Linux
      nodename: sc-runner
      release: 6.8.0-1014-azure
      version: '#16-Ubuntu SMP Thu Aug 15 20:04:41 UTC 2024'
      machine: x86_64
      compiler: 'musl-gcc 13.2.1'
      uptime: 304
      totalram: 270251393024
      freeram: 259688124416
      sharedram: 42291200
      bufferram: 240660480
      totalswap: 0
      freeswap: 0
      pagesize: 4096
      cpus: 32
      cpus-online: 32
      ticks-per-second: 100

metrics:
    - stressor: cpu
      bogo-ops: 596496
      bogo-ops-per-second-usr-sys-time: 932.835122
      bogo-ops-per-second-real-time: 29824.630198
      wall-clock-time: 20.000114
      user-time: 639.400216
      system-time: 0.043975
      cpu-usage-per-instance: 99.912586
      max-rss: 3080

...
