---
system-info:
      stress-ng-version: 0.17.08
      run-by: root
      date-yyyy-mm-dd: 2024:09:17
      time-hh-mm-ss: 08:19:55
      epoch-secs: 1726561195
      hostname: sc-runner
      sysname: Linux
      nodename: sc-runner
      release: 6.8.0-1014-azure
      version: '#16-Ubuntu SMP Thu Aug 15 20:04:41 UTC 2024'
      machine: x86_64
      compiler: 'musl-gcc 13.2.1'
      uptime: 378
      totalram: 270436806656
      freeram: 258636259328
      sharedram: 79798272
      bufferram: 264675328
      totalswap: 0
      freeswap: 0
      pagesize: 4096
      cpus: 64
      cpus-online: 64
      ticks-per-second: 100

metrics:
    - stressor: cpu
      bogo-ops: 24935
      bogo-ops-per-second-usr-sys-time: 1246.810408
      bogo-ops-per-second-real-time: 1246.739299
      wall-clock-time: 20.000172
      user-time: 19.997032
      system-time: 0.001999
      cpu-usage-per-instance: 99.994297
      max-rss: 2560

...
