BaselineInfo:
  WebDBID: -1
  TimeStamp: 20241108193958
Version:
  Major: 11
  Minor: 0
  Build: 1002
  SpecialBuildName: ""
  ptArchitecture: aarch64_linux
Results:
  Results Complete: true
  NumTestProcesses: 32
  CPU_INTEGER_MATH: 166983.6693333333
  CPU_FLOATINGPOINT_MATH: 194010.72090985876
  CPU_PRIME: 371.18757008107912
  CPU_SORTING: 147182.00373805629
  CPU_ENCRYPTION: 6064.7041633423905
  CPU_COMPRESSION: 212937.24000278392
  CPU_SINGLETHREAD: 1942.2071910453433
  CPU_PHYSICS: 8770.4105009581053
  CPU_MATRIX_MULT_SSE: 29446.584679941894
  CPU_mm: 3625.9918610385344
  CPU_sse: 23124.863001819514
  CPU_fma: 35768.306358064277
  CPU_avx: 0
  CPU_avx512: 0
  m_CPU_enc_SHA: 9586017668.7283115
  m_CPU_enc_AES: 3434224703.4308758
  m_CPU_enc_ECDSA: 6057667326.1835423
  ME_ALLOC_S: 46696.210337057688
  ME_READ_S: 20799.4482421875
  ME_READ_L: 19063.255859375
  ME_WRITE: 21231.263671875
  ME_LARGE: 114671.66666666667
  ME_LATENCY: 50.338897245694113
  ME_THREADED: 336668.919921875
  SUMM_CPU: 26327.901758706859
  SUMM_ME: 3209.1900134728253
SystemInformation:
  OSName: Ubuntu 24.04.1 LTS
  Kernel: 6.8.0-1016-aws
  Device: ""
  Processor: ARM Neoverse-V2 32 Core 0 MHz
  NumSockets: 1
  Manufacturer: ARM
  NumCores: 32
  NumLogicals: 32
  CPUFrequency: 0
  Memory: 126506
Checksum: 2C4928F76BC32D6F1C0B282DA8F7F8D42AD589A5