---
system-info:
      stress-ng-version: 0.17.08
      run-by: root
      date-yyyy-mm-dd: 2024:09:03
      time-hh-mm-ss: 09:39:58
      epoch-secs: 1725356398
      hostname: sc-runner
      sysname: Linux
      nodename: sc-runner
      release: 6.8.0-1013-azure
      version: '#15-Ubuntu SMP Thu Aug  8 18:40:40 UTC 2024'
      machine: x86_64
      compiler: 'musl-gcc 13.2.1'
      uptime: 334
      totalram: 67420614656
      freeram: 58778763264
      sharedram: 38207488
      bufferram: 210100224
      totalswap: 0
      freeswap: 0
      pagesize: 4096
      cpus: 16
      cpus-online: 16
      ticks-per-second: 100

metrics:
    - stressor: cpu
      bogo-ops: 430792
      bogo-ops-per-second-usr-sys-time: 1347.805091
      bogo-ops-per-second-real-time: 21539.536915
      wall-clock-time: 20.000059
      user-time: 319.596859
      system-time: 0.027991
      cpu-usage-per-instance: 99.882473
      max-rss: 3252

...
