BaselineInfo:
  WebDBID: -1
  TimeStamp: 20241108084032
Version:
  Major: 11
  Minor: 0
  Build: 1002
  SpecialBuildName: ""
  ptArchitecture: aarch64_linux
Results:
  Results Complete: true
  NumTestProcesses: 32
  CPU_INTEGER_MATH: 126262.28199999996
  CPU_FLOATINGPOINT_MATH: 96117.450426751049
  CPU_PRIME: 176.1728536120533
  CPU_SORTING: 90630.272385785545
  CPU_ENCRYPTION: 4378.6092312366518
  CPU_COMPRESSION: 152549.66975715655
  CPU_SINGLETHREAD: 1110.3370899477877
  CPU_PHYSICS: 3143.9340242799049
  CPU_MATRIX_MULT_SSE: 19912.485528643465
  CPU_mm: 3342.8626680113584
  CPU_sse: 16608.262702654745
  CPU_fma: 23216.708354632185
  CPU_avx: 0
  CPU_avx512: 0
  m_CPU_enc_SHA: 6574841862.4254303
  m_CPU_enc_AES: 3032030497.0430598
  m_CPU_enc_ECDSA: 4167041300.2911186
  ME_ALLOC_S: 20309.543383217766
  ME_READ_S: 9479.5665039062496
  ME_READ_L: 9195.6337890625
  ME_WRITE: 12554.859375
  ME_LARGE: 114527.66666666667
  ME_LATENCY: 72.318960838962923
  ME_THREADED: 162409.74365234375
  SUMM_CPU: 17382.93607167319
  SUMM_ME: 1816.9865310259797
SystemInformation:
  OSName: Ubuntu 24.04.1 LTS
  Kernel: 6.8.0-1016-aws
  Device: ""
  Processor: ARM Neoverse-N1 32 Core 0 MHz
  NumSockets: 1
  Manufacturer: ARM
  NumCores: 32
  NumLogicals: 32
  CPUFrequency: 0
  Memory: 126003
Checksum: E4ED318E4479F4C64A954571D2E7A1962E513813