BaselineInfo:
  WebDBID: -1
  TimeStamp: 20241110071059
Version:
  Major: 11
  Minor: 0
  Build: 1002
  SpecialBuildName: ""
  ptArchitecture: x86_64_linux
Results:
  Results Complete: true
  NumTestProcesses: 8
  CPU_INTEGER_MATH: 28436.801666666666
  CPU_FLOATINGPOINT_MATH: 21450.09790356307
  CPU_PRIME: 104.92303528650882
  CPU_SORTING: 20254.016204272459
  CPU_ENCRYPTION: 2626.6089017075114
  CPU_COMPRESSION: 143126.91220729679
  CPU_SINGLETHREAD: 1985.9388822263516
  CPU_PHYSICS: 1465.2024646826646
  CPU_MATRIX_MULT_SSE: 8902.6877530252386
  CPU_mm: 1227.3812606010715
  CPU_sse: 5079.1858011264339
  CPU_fma: 12675.799602276487
  CPU_avx: 8953.0778556728001
  CPU_avx512: 0
  m_CPU_enc_SHA: 1886082758.280869
  m_CPU_enc_AES: 4727396199.5081692
  m_CPU_enc_ECDSA: 1649118209.3615284
  ME_ALLOC_S: 4675.1658215031966
  ME_READ_S: 20804.296289062499
  ME_READ_L: 9078.474609375
  ME_WRITE: 8045.21435546875
  ME_LARGE: 440363.75
  ME_LATENCY: 64.355166499807751
  ME_THREADED: 53865.86865234375
  SUMM_CPU: 9973.7279940148528
  SUMM_ME: 2143.0504862394955
SystemInformation:
  OSName: Ubuntu 24.04.1 LTS
  Kernel: 6.8.0-1017-azure
  Device: ""
  Processor: Intel Xeon CPU E5-2698B v3 @ 2.00GHz
  NumSockets: 2
  Manufacturer: GenuineIntel
  NumCores: 8
  NumLogicals: 8
  CPUFrequency: 0
  Memory: 451465
  MemModuleInfo:
    iNumMemSticks: 4
    DIMM 1:
      manufacturer: Microsoft Corporation
      modulePartNo: None
      memType: Unknown
      size: 1
      clkspeed: 0
      moduleVoltage: 0
    DIMM 2:
      manufacturer: Microsoft Corporation
      modulePartNo: None
      memType: Unknown
      size: 60928
      clkspeed: 0
      moduleVoltage: 0
    DIMM 3:
      manufacturer: Microsoft Corporation
      modulePartNo: None
      memType: Unknown
      size: 167424
      clkspeed: 0
      moduleVoltage: 0
    DIMM 4:
      manufacturer: Microsoft Corporation
      modulePartNo: None
      memType: Unknown
      size: 224
      clkspeed: 0
      moduleVoltage: 0
Checksum: 0162B861819F456EE72662AF55105A766C909899