BaselineInfo:
  WebDBID: -1
  TimeStamp: 20260403205220
Version:
  Major: 11
  Minor: 0
  Build: 1004
  SpecialBuildName: ""
  ptArchitecture: x86_64_linux
Results:
  Results Complete: true
  NumTestProcesses: 2
  CPU_INTEGER_MATH: 5763.6853333333338
  CPU_FLOATINGPOINT_MATH: 4130.9283610943785
  CPU_PRIME: 14.579512776723011
  CPU_SORTING: 3545.7885011268036
  CPU_ENCRYPTION: 711.81532876418396
  CPU_COMPRESSION: 27483.47564293008
  CPU_SINGLETHREAD: 1591.6156093060376
  CPU_PHYSICS: 258.19769239936585
  CPU_MATRIX_MULT_SSE: 1982.7024466555456
  CPU_mm: 214.59185117205703
  CPU_sse: 725.88844919301323
  CPU_fma: 2807.8359879585646
  CPU_avx: 1753.7620043050156
  CPU_avx512: 2643.3233451655888
  m_CPU_enc_SHA: 372647737.77823746
  m_CPU_enc_AES: 1539530541.6002829
  m_CPU_enc_ECDSA: 326999131.14417851
  ME_ALLOC_S: 500.18410053205946
  ME_READ_S: 17966.860546874999
  ME_READ_L: 6310.60693359375
  ME_WRITE: 7127.52734375
  ME_LARGE: 1260
  ME_LATENCY: 83.664476571849363
  ME_THREADED: 9450.537109375
  SUMM_CPU: 2229.6033159684685
  SUMM_ME: 959.97354321494197
SystemInformation:
  OSName: Ubuntu 24.04.4 LTS
  Kernel: 6.8.0-106-generic
  Device: ""
  Processor: Intel(R) Xeon(R) Platinum 8163 CPU @ 2.50GHz
  NumSockets: 1
  Manufacturer: GenuineIntel
  NumCores: 1
  NumLogicals: 2
  CPUFrequency: 2500
  CPUMaxFrequency: 3100
  Memory: 7556
  CPUInfo:
    number: 1
    Family: 6
    Model: 5
    stepping: 4
    features: 529267711
    manufacture: GenuineIntel
    typestring: Intel(R) Xeon(R) Platinum 8163 CPU @ 2.50GHz
    iCoresPerPackage: 1
    iThreadsPerPackage: 2
    featuresEx:
      - 529267711
      - 4294586883
      - 739248128
    bHybrid: false
    nPCore: 0
    nLogicalsPerPCore: 0
    nECore: 0
    nLogicalsPerECore: 0
  MemModuleInfo:
    iNumMemSticks: 1
    DIMM 1:
      manufacturer: Alibaba Cloud
      modulePartNo: Not Specified
      memType: RAM
      size: 8
      clkspeed: 0
      moduleVoltage: 0
Checksum: 0D39FF98C378C7466DED2B5F018A76B62DD587AE