---
system-info:
      stress-ng-version: 0.17.08
      run-by: root
      date-yyyy-mm-dd: 2024:06:10
      time-hh-mm-ss: 05:25:29
      epoch-secs: 1717997129
      hostname: b4ad50b85a0e
      sysname: Linux
      nodename: b4ad50b85a0e
      release: 6.8.0-1008-aws
      version: '#8-Ubuntu SMP Sat Apr 20 00:46:25 UTC 2024'
      machine: x86_64
      compiler: 'musl-gcc 13.2.1'
      uptime: 114
      totalram: 401441718272
      freeram: 396044054528
      sharedram: 55570432
      bufferram: 114855936
      totalswap: 0
      freeswap: 0
      pagesize: 4096
      cpus: 48
      cpus-online: 48
      ticks-per-second: 100

metrics:
    - stressor: cpu
      bogo-ops: 622148
      bogo-ops-per-second-usr-sys-time: 1297.280882
      bogo-ops-per-second-real-time: 62205.969588
      wall-clock-time: 10.001420
      user-time: 479.520513
      system-time: 0.057972
      cpu-usage-per-instance: 99.898003
      max-rss: 3840

...
