---
system-info:
      stress-ng-version: 0.17.08
      run-by: root
      date-yyyy-mm-dd: 2024:06:16
      time-hh-mm-ss: 07:44:20
      epoch-secs: 1718523860
      hostname: 29b607a90d42
      sysname: Linux
      nodename: 29b607a90d42
      release: 6.8.0-1008-aws
      version: '#8-Ubuntu SMP Sat Apr 20 00:46:25 UTC 2024'
      machine: x86_64
      compiler: 'musl-gcc 13.2.1'
      uptime: 120
      totalram: 401441718272
      freeram: 396270444544
      sharedram: 55570432
      bufferram: 109240320
      totalswap: 0
      freeswap: 0
      pagesize: 4096
      cpus: 48
      cpus-online: 48
      ticks-per-second: 100

metrics:
    - stressor: cpu
      bogo-ops: 1048867
      bogo-ops-per-second-usr-sys-time: 1093.078728
      bogo-ops-per-second-real-time: 52443.163894
      wall-clock-time: 20.000071
      user-time: 959.521041
      system-time: 0.031984
      cpu-usage-per-instance: 99.953085
      max-rss: 1152

...
