---
system-info:
      stress-ng-version: 0.17.08
      run-by: root
      date-yyyy-mm-dd: 2024:06:28
      time-hh-mm-ss: 21:15:44
      epoch-secs: 1719609344
      hostname: c3d-highmem-360-9f3d2b6
      sysname: Linux
      nodename: c3d-highmem-360-9f3d2b6
      release: 6.8.0-1009-gcp
      version: '#10-Ubuntu SMP Wed Jun 12 18:52:23 UTC 2024'
      machine: x86_64
      compiler: 'musl-gcc 13.2.1'
      uptime: 160
      totalram: 3043733204992
      freeram: 3035677147136
      sharedram: 69246976
      bufferram: 133480448
      totalswap: 0
      freeswap: 0
      pagesize: 4096
      cpus: 360
      cpus-online: 360
      ticks-per-second: 100

metrics:
    - stressor: cpu
      bogo-ops: 61412
      bogo-ops-per-second-usr-sys-time: 3070.792999
      bogo-ops-per-second-real-time: 3070.585175
      wall-clock-time: 20.000097
      user-time: 19.996744
      system-time: 0.001999
      cpu-usage-per-instance: 99.993232
      max-rss: 0

...
