BaselineInfo:
  WebDBID: -1
  TimeStamp: 20241108054004
Version:
  Major: 11
  Minor: 0
  Build: 1002
  SpecialBuildName: ""
  ptArchitecture: x86_64_linux
Results:
  Results Complete: true
  NumTestProcesses: 4
  CPU_INTEGER_MATH: 16517.581999999999
  CPU_FLOATINGPOINT_MATH: 9170.740835159384
  CPU_PRIME: 39.498792987688354
  CPU_SORTING: 9108.142251023517
  CPU_ENCRYPTION: 4317.467731151949
  CPU_COMPRESSION: 64964.624956215717
  CPU_SINGLETHREAD: 2390.7230802407607
  CPU_PHYSICS: 772.02706890312129
  CPU_MATRIX_MULT_SSE: 3613.613547457564
  CPU_mm: 447.869042593389
  CPU_sse: 1904.0472193465921
  CPU_fma: 5189.8631545549379
  CPU_avx: 3746.9302684711611
  CPU_avx512: 0
  m_CPU_enc_SHA: 6244871661.1603127
  m_CPU_enc_AES: 3995124012.8451185
  m_CPU_enc_ECDSA: 3341583456.9757252
  ME_ALLOC_S: 1797.5419838746152
  ME_READ_S: 24398.946093750001
  ME_READ_L: 17232.71484375
  ME_WRITE: 16852.3828125
  ME_LARGE: 118719.91666666667
  ME_LATENCY: 68.725728619550509
  ME_THREADED: 36786.7548828125
  SUMM_CPU: 6185.7372747340814
  SUMM_ME: 2372.3547500788836
SystemInformation:
  OSName: Ubuntu 24.04.1 LTS
  Kernel: 6.8.0-1017-azure
  Device: ""
  Processor: AMD EPYC 7763 64-Core Processor
  NumSockets: 1
  Manufacturer: AuthenticAMD
  NumCores: 2
  NumLogicals: 4
  CPUFrequency: 0
  Memory: 128813
  MemModuleInfo:
    iNumMemSticks: 3
    DIMM 1:
      manufacturer: Microsoft Corporation
      modulePartNo: None
      memType: Unknown
      size: 1
      clkspeed: 0
      moduleVoltage: 0
    DIMM 2:
      manufacturer: Microsoft Corporation
      modulePartNo: None
      memType: Unknown
      size: 59
      clkspeed: 0
      moduleVoltage: 0
    DIMM 3:
      manufacturer: Microsoft Corporation
      modulePartNo: None
      memType: Unknown
      size: 68
      clkspeed: 0
      moduleVoltage: 0
Checksum: 47007642AD35B9C6FB210AC769773FDBD591E42D