BaselineInfo:
  WebDBID: -1
  TimeStamp: 20241111095727
Version:
  Major: 11
  Minor: 0
  Build: 1002
  SpecialBuildName: ""
  ptArchitecture: aarch64_linux
Results:
  Results Complete: true
  NumTestProcesses: 8
  CPU_INTEGER_MATH: 50417.147333333334
  CPU_FLOATINGPOINT_MATH: 42344.075546271262
  CPU_PRIME: 110.99607256653456
  CPU_SORTING: 40931.943834355443
  CPU_ENCRYPTION: 1492.5905555857166
  CPU_COMPRESSION: 54830.740136863365
  CPU_SINGLETHREAD: 1876.1371286894948
  CPU_PHYSICS: 2581.8569426777904
  CPU_MATRIX_MULT_SSE: 7143.9588348880134
  CPU_mm: 1144.7854974106983
  CPU_sse: 6031.2547049218429
  CPU_fma: 8256.6629648541839
  CPU_avx: 0
  CPU_avx512: 0
  m_CPU_enc_SHA: 2182126823.1030173
  m_CPU_enc_AES: 968039278.67145658
  m_CPU_enc_ECDSA: 1545117801.4670715
  ME_ALLOC_S: 9741.4204744255039
  ME_READ_S: 25494.923046874999
  ME_READ_L: 18113.8125
  ME_WRITE: 25383.330078125
  ME_LARGE: 5933.916666666667
  ME_LATENCY: 54.999149986971815
  ME_THREADED: 125705.123046875
  SUMM_CPU: 7760.7707450064408
  SUMM_ME: 2708.0792370237937
SystemInformation:
  OSName: Ubuntu 24.04.1 LTS
  Kernel: 6.8.0-1017-azure
  Device: ""
  Processor: ARM Neoverse-N2 8 Core 0 MHz
  NumSockets: 1
  Manufacturer: ARM
  NumCores: 8
  NumLogicals: 8
  CPUFrequency: 0
  Memory: 15958
Checksum: FB05E7C78EFA279ADC2BBFC3D745B3E51CD2C96C