BaselineInfo:
  WebDBID: -1
  TimeStamp: 20260405060845
Version:
  Major: 11
  Minor: 0
  Build: 1004
  SpecialBuildName: ""
  ptArchitecture: x86_64_linux
Results:
  Results Complete: true
  NumTestProcesses: 32
  CPU_INTEGER_MATH: 78565.807333333316
  CPU_FLOATINGPOINT_MATH: 42199.542731413312
  CPU_PRIME: 110.19385111324524
  CPU_SORTING: 47316.819527762527
  CPU_ENCRYPTION: 10869.438045355782
  CPU_COMPRESSION: 362276.48209752922
  CPU_SINGLETHREAD: 1688.4524794400697
  CPU_PHYSICS: 2217.4971018879023
  CPU_MATRIX_MULT_SSE: 24646.551786615048
  CPU_mm: 2392.2740096105708
  CPU_sse: 8601.248711185619
  CPU_fma: 29218.827248285012
  CPU_avx: 20662.787011346671
  CPU_avx512: 40103.344175642902
  m_CPU_enc_SHA: 3552255824.3798056
  m_CPU_enc_AES: 27422167958.372116
  m_CPU_enc_ECDSA: 3217871820.789042
  ME_ALLOC_S: 8596.2066962107947
  ME_READ_S: 19326.242578124999
  ME_READ_L: 6858.65869140625
  ME_WRITE: 7079.53369140625
  ME_LARGE: 114268.08333333333
  ME_LATENCY: 74.978610760243782
  ME_THREADED: 97795.955078125
  SUMM_CPU: 23181.172752375762
  SUMM_ME: 1886.6708089341516
SystemInformation:
  OSName: Ubuntu 24.04.4 LTS
  Kernel: 6.8.0-106-generic
  Device: ""
  Processor: Intel(R) Xeon(R) Platinum 8269CY CPU @ 2.50GHz
  NumSockets: 1
  Manufacturer: GenuineIntel
  NumCores: 16
  NumLogicals: 32
  CPUFrequency: 2500
  CPUMaxFrequency: 3800
  Memory: 128294
  CPUInfo:
    number: 1
    Family: 6
    Model: 5
    stepping: 7
    features: 529267711
    manufacture: GenuineIntel
    typestring: Intel(R) Xeon(R) Platinum 8269CY CPU @ 2.50GHz
    iCoresPerPackage: 16
    iThreadsPerPackage: 2
    featuresEx:
      - 529267711
      - 4294586883
      - 739248128
    bHybrid: false
    nPCore: 0
    nLogicalsPerPCore: 0
    nECore: 0
    nLogicalsPerECore: 0
  MemModuleInfo:
    iNumMemSticks: 8
    DIMM 1:
      manufacturer: Alibaba Cloud
      modulePartNo: Not Specified
      memType: RAM
      size: 16
      clkspeed: 0
      moduleVoltage: 0
    DIMM 2:
      manufacturer: Alibaba Cloud
      modulePartNo: Not Specified
      memType: RAM
      size: 16
      clkspeed: 0
      moduleVoltage: 0
    DIMM 3:
      manufacturer: Alibaba Cloud
      modulePartNo: Not Specified
      memType: RAM
      size: 16
      clkspeed: 0
      moduleVoltage: 0
    DIMM 4:
      manufacturer: Alibaba Cloud
      modulePartNo: Not Specified
      memType: RAM
      size: 16
      clkspeed: 0
      moduleVoltage: 0
    DIMM 5:
      manufacturer: Alibaba Cloud
      modulePartNo: Not Specified
      memType: RAM
      size: 16
      clkspeed: 0
      moduleVoltage: 0
    DIMM 6:
      manufacturer: Alibaba Cloud
      modulePartNo: Not Specified
      memType: RAM
      size: 16
      clkspeed: 0
      moduleVoltage: 0
    DIMM 7:
      manufacturer: Alibaba Cloud
      modulePartNo: Not Specified
      memType: RAM
      size: 16
      clkspeed: 0
      moduleVoltage: 0
    DIMM 8:
      manufacturer: Alibaba Cloud
      modulePartNo: Not Specified
      memType: RAM
      size: 16
      clkspeed: 0
      moduleVoltage: 0
Checksum: 76D688E34E7BEF709328B25BEC420D3559378001