BaselineInfo:
  WebDBID: -1
  TimeStamp: 20241108062140
Version:
  Major: 11
  Minor: 0
  Build: 1002
  SpecialBuildName: ""
  ptArchitecture: aarch64_linux
Results:
  Results Complete: true
  NumTestProcesses: 16
  CPU_INTEGER_MATH: 63212.909333333329
  CPU_FLOATINGPOINT_MATH: 47972.872540310222
  CPU_PRIME: 109.16773059800801
  CPU_SORTING: 45794.21402429579
  CPU_ENCRYPTION: 2171.791202899798
  CPU_COMPRESSION: 76026.280484540868
  CPU_SINGLETHREAD: 1110.373810072183
  CPU_PHYSICS: 1954.8977625778657
  CPU_MATRIX_MULT_SSE: 9968.8352070631354
  CPU_mm: 1669.8246916867715
  CPU_sse: 8344.4236410298672
  CPU_fma: 11593.246773096409
  CPU_avx: 0
  CPU_avx512: 0
  m_CPU_enc_SHA: 3221093063.5862136
  m_CPU_enc_AES: 1507925544.498342
  m_CPU_enc_ECDSA: 2102845789.0310204
  ME_ALLOC_S: 10370.123010353282
  ME_READ_S: 9487.1380859375004
  ME_READ_L: 9213.66796875
  ME_WRITE: 12609.7998046875
  ME_LARGE: 21142.166666666668
  ME_LATENCY: 71.211236247617762
  ME_THREADED: 141794.693359375
  SUMM_CPU: 9799.5924473968389
  SUMM_ME: 1777.0560464783061
SystemInformation:
  OSName: Ubuntu 24.04.1 LTS
  Kernel: 6.8.0-1016-aws
  Device: ""
  Processor: ARM Neoverse-N1 16 Core 0 MHz
  NumSockets: 1
  Manufacturer: ARM
  NumCores: 16
  NumLogicals: 16
  CPUFrequency: 0
  Memory: 31491
Checksum: E54DCD2C5B10BAE9E06887889984DF38E7FAA954