BaselineInfo:
  WebDBID: -1
  TimeStamp: 20250426222338
Version:
  Major: 11
  Minor: 0
  Build: 1002
  SpecialBuildName: ""
  ptArchitecture: x86_64_linux
Results:
  Results Complete: true
  NumTestProcesses: 192
  CPU_INTEGER_MATH: 813083.76400000055
  CPU_FLOATINGPOINT_MATH: 575626.04098444351
  CPU_PRIME: 1577.0495266940547
  CPU_SORTING: 368223.60727718909
  CPU_ENCRYPTION: 178424.32344824934
  CPU_COMPRESSION: 2873743.9528268254
  CPU_SINGLETHREAD: 3153.2893233141522
  CPU_PHYSICS: 25900.889878084789
  CPU_MATRIX_MULT_SSE: 206550.18397803023
  CPU_mm: 22000.751558627184
  CPU_sse: 92454.525268070181
  CPU_fma: 210556.39952642701
  CPU_avx: 185550.20471193307
  CPU_avx512: 337639.60640569124
  m_CPU_enc_SHA: 189265404873.34006
  m_CPU_enc_AES: 243553777324.09109
  m_CPU_enc_ECDSA: 128455207954.78334
  ME_ALLOC_S: 35982.504738354459
  ME_READ_S: 26937.6689453125
  ME_READ_L: 7782.39013671875
  ME_WRITE: 7687.22998046875
  ME_LARGE: 1508892.0833333333
  ME_LATENCY: 45.914265657199486
  ME_THREADED: 653973.560546875
  SUMM_CPU: 131162.11671065737
  SUMM_ME: 2632.0968282718773
SystemInformation:
  OSName: Ubuntu 24.04.2 LTS
  Kernel: 6.8.0-1027-aws
  Device: ""
  Processor: Intel Xeon Platinum 8559C
  NumSockets: 2
  Manufacturer: GenuineIntel
  NumCores: 96
  NumLogicals: 192
  CPUFrequency: 0
  Memory: 1523784
  MemModuleInfo:
    iNumMemSticks: 2
    DIMM 1:
      manufacturer: Not Specified
      modulePartNo: Not Specified
      memType: DDR5
      size: 768
      clkspeed: 2800
      moduleVoltage: 0
    DIMM 2:
      manufacturer: Not Specified
      modulePartNo: Not Specified
      memType: DDR5
      size: 768
      clkspeed: 2800
      moduleVoltage: 0
Checksum: ED087C6C0FC2629E3F72B9C0B22AD12320916273