---
system-info:
      stress-ng-version: 0.17.08
      run-by: root
      date-yyyy-mm-dd: 2024:06:07
      time-hh-mm-ss: 22:02:37
      epoch-secs: 1717797757
      hostname: 934d7166c0ad
      sysname: Linux
      nodename: 934d7166c0ad
      release: 6.8.0-31-generic
      version: '#31-Ubuntu SMP PREEMPT_DYNAMIC Sat Apr 20 00:40:06 UTC 2024'
      machine: x86_64
      compiler: 'musl-gcc 13.2.1'
      uptime: 78
      totalram: 2013077504
      freeram: 89317376
      sharedram: 21221376
      bufferram: 84586496
      totalswap: 0
      freeswap: 0
      pagesize: 4096
      cpus: 2
      cpus-online: 2
      ticks-per-second: 100

metrics:
    - stressor: cpu
      bogo-ops: 14532
      bogo-ops-per-second-usr-sys-time: 1453.845071
      bogo-ops-per-second-real-time: 1453.116263
      wall-clock-time: 10.000576
      user-time: 9.994564
      system-time: 0.000999
      cpu-usage-per-instance: 99.949870
      max-rss: 3920

...
