---
system-info:
      stress-ng-version: 0.17.08
      run-by: root
      date-yyyy-mm-dd: 2024:06:14
      time-hh-mm-ss: 21:56:03
      epoch-secs: 1718402163
      hostname: 7e6e20249a23
      sysname: Linux
      nodename: 7e6e20249a23
      release: 6.8.0-31-generic
      version: '#31-Ubuntu SMP PREEMPT_DYNAMIC Sat Apr 20 00:40:06 UTC 2024'
      machine: x86_64
      compiler: 'musl-gcc 13.2.1'
      uptime: 103
      totalram: 2013077504
      freeram: 247738368
      sharedram: 21213184
      bufferram: 100786176
      totalswap: 0
      freeswap: 0
      pagesize: 4096
      cpus: 2
      cpus-online: 2
      ticks-per-second: 100

metrics:
    - stressor: cpu
      bogo-ops: 15374
      bogo-ops-per-second-usr-sys-time: 768.828125
      bogo-ops-per-second-real-time: 768.692458
      wall-clock-time: 20.000196
      user-time: 19.996667
      system-time: 0.000000
      cpu-usage-per-instance: 99.982354
      max-rss: 1104

...
