---
system-info:
      stress-ng-version: 0.17.08
      run-by: root
      date-yyyy-mm-dd: 2024:06:07
      time-hh-mm-ss: 22:40:12
      epoch-secs: 1717800012
      hostname: d0f6724f9446
      sysname: Linux
      nodename: d0f6724f9446
      release: 6.8.0-1008-aws
      version: '#8-Ubuntu SMP Sat Apr 20 02:43:14 UTC 2024'
      machine: aarch64
      compiler: 'musl-gcc 13.2.1'
      uptime: 122
      totalram: 132124868608
      freeram: 127584559104
      sharedram: 35106816
      bufferram: 93343744
      totalswap: 0
      freeswap: 0
      pagesize: 4096
      cpus: 32
      cpus-online: 32
      ticks-per-second: 100

metrics:
    - stressor: cpu
      bogo-ops: 94035
      bogo-ops-per-second-usr-sys-time: 292.876636
      bogo-ops-per-second-real-time: 9364.005511
      wall-clock-time: 10.042177
      user-time: 321.054764
      system-time: 0.018987
      cpu-usage-per-instance: 99.914140
      max-rss: 3840

...
