---
system-info:
      stress-ng-version: 0.17.08
      run-by: root
      date-yyyy-mm-dd: 2024:06:15
      time-hh-mm-ss: 08:24:44
      epoch-secs: 1718439884
      hostname: 4e93a3df1a22
      sysname: Linux
      nodename: 4e93a3df1a22
      release: 6.8.0-1008-aws
      version: '#8-Ubuntu SMP Sat Apr 20 02:43:14 UTC 2024'
      machine: aarch64
      compiler: 'musl-gcc 13.2.1'
      uptime: 135
      totalram: 132124868608
      freeram: 127567863808
      sharedram: 35106816
      bufferram: 105402368
      totalswap: 0
      freeswap: 0
      pagesize: 4096
      cpus: 32
      cpus-online: 32
      ticks-per-second: 100

metrics:
    - stressor: cpu
      bogo-ops: 971338
      bogo-ops-per-second-usr-sys-time: 1518.665816
      bogo-ops-per-second-real-time: 48566.749723
      wall-clock-time: 20.000062
      user-time: 639.580580
      system-time: 0.018988
      cpu-usage-per-instance: 99.937123
      max-rss: 1024

...
