---
system-info:
      stress-ng-version: 0.17.08
      run-by: root
      date-yyyy-mm-dd: 2024:07:12
      time-hh-mm-ss: 02:12:07
      epoch-secs: 1720750327
      hostname: ip-172-31-63-216
      sysname: Linux
      nodename: ip-172-31-63-216
      release: 6.8.0-1010-aws
      version: '#10-Ubuntu SMP Thu Jun 13 17:36:15 UTC 2024'
      machine: x86_64
      compiler: 'musl-gcc 13.2.1'
      uptime: 123
      totalram: 33110380544
      freeram: 27852902400
      sharedram: 57966592
      bufferram: 136314880
      totalswap: 0
      freeswap: 0
      pagesize: 4096
      cpus: 8
      cpus-online: 8
      ticks-per-second: 100

metrics:
    - stressor: cpu
      bogo-ops: 154256
      bogo-ops-per-second-usr-sys-time: 965.693624
      bogo-ops-per-second-real-time: 7712.764671
      wall-clock-time: 20.000092
      user-time: 159.721969
      system-time: 0.013993
      cpu-usage-per-instance: 99.834519
      max-rss: 1232

...
