BaselineInfo:
  WebDBID: -1
  TimeStamp: 20241108035904
Version:
  Major: 11
  Minor: 0
  Build: 1002
  SpecialBuildName: ""
  ptArchitecture: x86_64_linux
Results:
  Results Complete: true
  NumTestProcesses: 4
  CPU_INTEGER_MATH: 12406.492666666667
  CPU_FLOATINGPOINT_MATH: 6650.1169187935766
  CPU_PRIME: 27.826793565214423
  CPU_SORTING: 6635.0404766806041
  CPU_ENCRYPTION: 1709.4915986172982
  CPU_COMPRESSION: 55678.467261314392
  CPU_SINGLETHREAD: 2012.4419511391
  CPU_PHYSICS: 545.28703486349661
  CPU_MATRIX_MULT_SSE: 3651.467956120483
  CPU_mm: 376.08361546525373
  CPU_sse: 1343.7446869812522
  CPU_fma: 4469.450565909603
  CPU_avx: 3159.1191574761096
  CPU_avx512: 5633.5574141149673
  m_CPU_enc_SHA: 561099438.47227991
  m_CPU_enc_AES: 4313561255.1776371
  m_CPU_enc_ECDSA: 502934893.88527906
  ME_ALLOC_S: 1394.0865145899838
  ME_READ_S: 24387.523828124999
  ME_READ_L: 10477.5947265625
  ME_WRITE: 9276.6982421875
  ME_LARGE: 54293
  ME_LATENCY: 56.263687900693128
  ME_THREADED: 21358.48388671875
  SUMM_CPU: 4437.1278021353137
  SUMM_ME: 2104.5205193552874
SystemInformation:
  OSName: Ubuntu 24.04.1 LTS
  Kernel: 6.8.0-1017-azure
  Device: ""
  Processor: Intel Xeon Platinum 8272CL CPU @ 2.60GHz
  NumSockets: 1
  Manufacturer: GenuineIntel
  NumCores: 2
  NumLogicals: 4
  CPUFrequency: 0
  Memory: 64301
  MemModuleInfo:
    iNumMemSticks: 3
    DIMM 1:
      manufacturer: Microsoft Corporation
      modulePartNo: None
      memType: Unknown
      size: 1
      clkspeed: 0
      moduleVoltage: 0
    DIMM 2:
      manufacturer: Microsoft Corporation
      modulePartNo: None
      memType: Unknown
      size: 60928
      clkspeed: 0
      moduleVoltage: 0
    DIMM 3:
      manufacturer: Microsoft Corporation
      modulePartNo: None
      memType: Unknown
      size: 3584
      clkspeed: 0
      moduleVoltage: 0
Checksum: C6DC24509075D1F66B8D3DAE24609F7B84CD6445