---
system-info:
      stress-ng-version: 0.17.08
      run-by: root
      date-yyyy-mm-dd: 2024:07:02
      time-hh-mm-ss: 17:31:33
      epoch-secs: 1719941493
      hostname: n2d-highmem-48-d027570
      sysname: Linux
      nodename: n2d-highmem-48-d027570
      release: 6.8.0-1009-gcp
      version: '#10-Ubuntu SMP Wed Jun 12 18:52:23 UTC 2024'
      machine: x86_64
      compiler: 'musl-gcc 13.2.1'
      uptime: 201
      totalram: 405737037824
      freeram: 399682457600
      sharedram: 68694016
      bufferram: 129462272
      totalswap: 0
      freeswap: 0
      pagesize: 4096
      cpus: 48
      cpus-online: 48
      ticks-per-second: 100

metrics:
    - stressor: cpu
      bogo-ops: 53896
      bogo-ops-per-second-usr-sys-time: 2694.846351
      bogo-ops-per-second-real-time: 2694.791873
      wall-clock-time: 20.000060
      user-time: 19.999656
      system-time: 0.000000
      cpu-usage-per-instance: 99.997978
      max-rss: 1152

...
