BaselineInfo:
  WebDBID: -1
  TimeStamp: 20250228181838
Version:
  Major: 11
  Minor: 0
  Build: 1002
  SpecialBuildName: ""
  ptArchitecture: x86_64_linux
Results:
  Results Complete: true
  NumTestProcesses: 16
  CPU_INTEGER_MATH: 76146.316666666651
  CPU_FLOATINGPOINT_MATH: 55551.418548992806
  CPU_PRIME: 243.72305901301465
  CPU_SORTING: 44977.493020300266
  CPU_ENCRYPTION: 18598.330329720287
  CPU_COMPRESSION: 335485.55916903628
  CPU_SINGLETHREAD: 2174.3006094972984
  CPU_PHYSICS: 4012.4482740824683
  CPU_MATRIX_MULT_SSE: 28859.040159274606
  CPU_mm: 3254.1558316142514
  CPU_sse: 12863.08771490214
  CPU_fma: 41896.723520269123
  CPU_avx: 31817.309242652536
  CPU_avx512: 0
  m_CPU_enc_SHA: 26229367781.80508
  m_CPU_enc_AES: 16922668444.730789
  m_CPU_enc_ECDSA: 15353252244.914459
  ME_ALLOC_S: 9717.1750721617336
  ME_READ_S: 25112.1376953125
  ME_READ_L: 10631.7763671875
  ME_WRITE: 10437.82421875
  ME_LARGE: 84953.833333333328
  ME_LATENCY: 65.333675411030981
  ME_THREADED: 53585.6328125
  SUMM_CPU: 28288.657146326153
  SUMM_ME: 2361.9903813440928
SystemInformation:
  OSName: Ubuntu 24.04.1 LTS
  Kernel: 6.8.0-31-generic
  Device: ""
  Processor: AMD EPYC 7542 32-Core Processor
  NumSockets: 1
  Manufacturer: AuthenticAMD
  NumCores: 16
  NumLogicals: 16
  CPUFrequency: 0
  Memory: 96514
  MemModuleInfo:
    iNumMemSticks: 6
    DIMM 1:
      manufacturer: QEMU
      modulePartNo: Not Specified
      memType: RAM
      size: 16
      clkspeed: 0
      moduleVoltage: 0
    DIMM 2:
      manufacturer: QEMU
      modulePartNo: Not Specified
      memType: RAM
      size: 16
      clkspeed: 0
      moduleVoltage: 0
    DIMM 3:
      manufacturer: QEMU
      modulePartNo: Not Specified
      memType: RAM
      size: 16
      clkspeed: 0
      moduleVoltage: 0
    DIMM 4:
      manufacturer: QEMU
      modulePartNo: Not Specified
      memType: RAM
      size: 16
      clkspeed: 0
      moduleVoltage: 0
    DIMM 5:
      manufacturer: QEMU
      modulePartNo: Not Specified
      memType: RAM
      size: 16
      clkspeed: 0
      moduleVoltage: 0
    DIMM 6:
      manufacturer: QEMU
      modulePartNo: Not Specified
      memType: RAM
      size: 16
      clkspeed: 0
      moduleVoltage: 0
Checksum: 49FFAE652D195AB853C70EE0DC8E71BC594FCE1C