BaselineInfo:
  WebDBID: -1
  TimeStamp: 20260404182613
Version:
  Major: 11
  Minor: 0
  Build: 1004
  SpecialBuildName: ""
  ptArchitecture: x86_64_linux
Results:
  Results Complete: true
  NumTestProcesses: 12
  CPU_INTEGER_MATH: 29451.013000000003
  CPU_FLOATINGPOINT_MATH: 15816.000489224447
  CPU_PRIME: 52.104719313186095
  CPU_SORTING: 18004.387915049523
  CPU_ENCRYPTION: 4080.6137511639604
  CPU_COMPRESSION: 136740.0982079035
  CPU_SINGLETHREAD: 1679.7536979172985
  CPU_PHYSICS: 973.93478297947922
  CPU_MATRIX_MULT_SSE: 9161.906954098753
  CPU_mm: 897.96891222209365
  CPU_sse: 3194.9333934869669
  CPU_fma: 10948.328934841764
  CPU_avx: 7738.661618344875
  CPU_avx512: 14765.703869721408
  m_CPU_enc_SHA: 1331890300.283437
  m_CPU_enc_AES: 10298940492.139664
  m_CPU_enc_ECDSA: 1205670141.7984021
  ME_ALLOC_S: 3208.2918296708922
  ME_READ_S: 19472.821093750001
  ME_READ_L: 6195.2861328125
  ME_WRITE: 6549.50830078125
  ME_LARGE: 34725.583333333336
  ME_LATENCY: 79.210750858411927
  ME_THREADED: 51490.654296875
  SUMM_CPU: 10042.202175366552
  SUMM_ME: 1698.8814283850268
SystemInformation:
  OSName: Ubuntu 24.04.4 LTS
  Kernel: 6.8.0-106-generic
  Device: ""
  Processor: Intel(R) Xeon(R) Platinum 8269CY CPU @ 2.50GHz
  NumSockets: 1
  Manufacturer: GenuineIntel
  NumCores: 6
  NumLogicals: 12
  CPUFrequency: 2500
  CPUMaxFrequency: 3800
  Memory: 47788
  CPUInfo:
    number: 1
    Family: 6
    Model: 5
    stepping: 7
    features: 529267711
    manufacture: GenuineIntel
    typestring: Intel(R) Xeon(R) Platinum 8269CY CPU @ 2.50GHz
    iCoresPerPackage: 6
    iThreadsPerPackage: 2
    featuresEx:
      - 529267711
      - 4294586883
      - 739248128
    bHybrid: false
    nPCore: 0
    nLogicalsPerPCore: 0
    nECore: 0
    nLogicalsPerECore: 0
  MemModuleInfo:
    iNumMemSticks: 3
    DIMM 1:
      manufacturer: Alibaba Cloud
      modulePartNo: Not Specified
      memType: RAM
      size: 16
      clkspeed: 0
      moduleVoltage: 0
    DIMM 2:
      manufacturer: Alibaba Cloud
      modulePartNo: Not Specified
      memType: RAM
      size: 16
      clkspeed: 0
      moduleVoltage: 0
    DIMM 3:
      manufacturer: Alibaba Cloud
      modulePartNo: Not Specified
      memType: RAM
      size: 16
      clkspeed: 0
      moduleVoltage: 0
Checksum: 81141C19A5087747BCC5AB36526A0E96848D4853