---
system-info:
      stress-ng-version: 0.17.08
      run-by: root
      date-yyyy-mm-dd: 2024:06:09
      time-hh-mm-ss: 09:55:51
      epoch-secs: 1717926951
      hostname: c394c94ad110
      sysname: Linux
      nodename: c394c94ad110
      release: 6.8.0-1008-aws
      version: '#8-Ubuntu SMP Sat Apr 20 00:46:25 UTC 2024'
      machine: x86_64
      compiler: 'musl-gcc 13.2.1'
      uptime: 156
      totalram: 199393988608
      freeram: 194597351424
      sharedram: 113721344
      bufferram: 106385408
      totalswap: 0
      freeswap: 0
      pagesize: 4096
      cpus: 48
      cpus-online: 48
      ticks-per-second: 100

metrics:
    - stressor: cpu
      bogo-ops: 21003
      bogo-ops-per-second-usr-sys-time: 2100.126530
      bogo-ops-per-second-real-time: 2100.138821
      wall-clock-time: 10.000767
      user-time: 9.999827
      system-time: 0.000999
      cpu-usage-per-instance: 100.000585
      max-rss: 3840

...
