---
system-info:
      stress-ng-version: 0.17.08
      run-by: root
      date-yyyy-mm-dd: 2024:06:15
      time-hh-mm-ss: 11:43:00
      epoch-secs: 1718451780
      hostname: e81625a12b66
      sysname: Linux
      nodename: e81625a12b66
      release: 6.8.0-1008-aws
      version: '#8-Ubuntu SMP Sat Apr 20 00:46:25 UTC 2024'
      machine: x86_64
      compiler: 'musl-gcc 13.2.1'
      uptime: 167
      totalram: 199394000896
      freeram: 194688589824
      sharedram: 113721344
      bufferram: 109899776
      totalswap: 0
      freeswap: 0
      pagesize: 4096
      cpus: 48
      cpus-online: 48
      ticks-per-second: 100

metrics:
    - stressor: cpu
      bogo-ops: 39108
      bogo-ops-per-second-usr-sys-time: 1955.375558
      bogo-ops-per-second-real-time: 1955.393869
      wall-clock-time: 20.000063
      user-time: 20.000250
      system-time: 0.000000
      cpu-usage-per-instance: 100.000936
      max-rss: 1152

...
