---
system-info:
      stress-ng-version: 0.17.08
      run-by: root
      date-yyyy-mm-dd: 2024:09:16
      time-hh-mm-ss: 14:36:49
      epoch-secs: 1726497409
      hostname: sc-runner
      sysname: Linux
      nodename: sc-runner
      release: 6.8.0-1014-azure
      version: '#16-Ubuntu SMP Thu Aug 15 20:04:41 UTC 2024'
      machine: x86_64
      compiler: 'musl-gcc 13.2.1'
      uptime: 342
      totalram: 67424825344
      freeram: 57302155264
      sharedram: 42020864
      bufferram: 229117952
      totalswap: 0
      freeswap: 0
      pagesize: 4096
      cpus: 4
      cpus-online: 4
      ticks-per-second: 100

metrics:
    - stressor: cpu
      bogo-ops: 28214
      bogo-ops-per-second-usr-sys-time: 1410.777170
      bogo-ops-per-second-real-time: 1410.694383
      wall-clock-time: 20.000080
      user-time: 19.997907
      system-time: 0.000999
      cpu-usage-per-instance: 99.994132
      max-rss: 3152

...
