BaselineInfo:
  WebDBID: -1
  TimeStamp: 20260620011823
Version:
  Major: 11
  Minor: 0
  Build: 1004
  SpecialBuildName: ""
  ptArchitecture: x86_64_linux
Results:
  Results Complete: true
  NumTestProcesses: 16
  CPU_INTEGER_MATH: 66278.002999999997
  CPU_FLOATINGPOINT_MATH: 46839.850274024044
  CPU_PRIME: 140.85101870763563
  CPU_SORTING: 33264.699273795915
  CPU_ENCRYPTION: 14690.08193117777
  CPU_COMPRESSION: 242549.78674329343
  CPU_SINGLETHREAD: 2643.8833164276834
  CPU_PHYSICS: 3228.2122667215381
  CPU_MATRIX_MULT_SSE: 18844.130758695963
  CPU_mm: 1822.3840721206027
  CPU_sse: 7840.6593539357818
  CPU_fma: 21686.490370560448
  CPU_avx: 15270.418064972551
  CPU_avx512: 30578.955245315079
  m_CPU_enc_SHA: 15603729239.814955
  m_CPU_enc_AES: 20131368135.123711
  m_CPU_enc_ECDSA: 10475904678.261312
  ME_ALLOC_S: 8397.6979883505337
  ME_READ_S: 23882.400195312501
  ME_READ_L: 10193.0732421875
  ME_WRITE: 9246.0283203125
  ME_LARGE: 23585.333333333332
  ME_LATENCY: 72.294284628396085
  ME_THREADED: 113201.9794921875
  SUMM_CPU: 23185.224858752175
  SUMM_ME: 2188.4309326602424
SystemInformation:
  OSName: Ubuntu 24.04.4 LTS
  Kernel: 6.17.0-1018-azure
  Device: ""
  Processor: INTEL(R) XEON(R) PLATINUM 8573C
  NumSockets: 1
  Manufacturer: GenuineIntel
  NumCores: 8
  NumLogicals: 16
  CPUFrequency: 2300
  CPUMaxFrequency: 2300
  Memory: 32088
  CPUInfo:
    number: 1
    Family: 6
    Model: 15
    stepping: 2
    features: 529267711
    manufacture: GenuineIntel
    typestring: INTEL(R) XEON(R) PLATINUM 8573C
    iCoresPerPackage: 8
    iThreadsPerPackage: 2
    featuresEx:
      - 529267711
      - 4294586915
      - 739248128
    bHybrid: false
    nPCore: 0
    nLogicalsPerPCore: 0
    nECore: 0
    nLogicalsPerECore: 0
  MemModuleInfo:
    iNumMemSticks: 2
    DIMM 1:
      manufacturer: Microsoft Corporation
      modulePartNo: None
      memType: Unknown
      size: 1
      clkspeed: 0
      moduleVoltage: 0
    DIMM 2:
      manufacturer: Microsoft Corporation
      modulePartNo: None
      memType: Unknown
      size: 31
      clkspeed: 0
      moduleVoltage: 0
Checksum: 36D3E8EA7AD7FDBC80620D1A1D71A99E54CCDB2E