---
system-info:
      stress-ng-version: 0.17.08
      run-by: root
      date-yyyy-mm-dd: 2024:06:09
      time-hh-mm-ss: 11:56:13
      epoch-secs: 1717934173
      hostname: 3f3158c8903f
      sysname: Linux
      nodename: 3f3158c8903f
      release: 6.8.0-1008-aws
      version: '#8-Ubuntu SMP Sat Apr 20 00:46:25 UTC 2024'
      machine: x86_64
      compiler: 'musl-gcc 13.2.1'
      uptime: 199
      totalram: 15974264832
      freeram: 11534618624
      sharedram: 48496640
      bufferram: 109457408
      totalswap: 0
      freeswap: 0
      pagesize: 4096
      cpus: 2
      cpus-online: 2
      ticks-per-second: 100

metrics:
    - stressor: cpu
      bogo-ops: 15964
      bogo-ops-per-second-usr-sys-time: 811.721082
      bogo-ops-per-second-real-time: 1595.854713
      wall-clock-time: 10.003417
      user-time: 19.657895
      system-time: 0.008959
      cpu-usage-per-instance: 98.300682
      max-rss: 4048

...
