---
system-info:
      stress-ng-version: 0.17.08
      run-by: root
      date-yyyy-mm-dd: 2024:06:15
      time-hh-mm-ss: 14:41:32
      epoch-secs: 1718462492
      hostname: 1ead61f46a75
      sysname: Linux
      nodename: 1ead61f46a75
      release: 6.8.0-1008-aws
      version: '#8-Ubuntu SMP Sat Apr 20 00:46:25 UTC 2024'
      machine: x86_64
      compiler: 'musl-gcc 13.2.1'
      uptime: 199
      totalram: 15974268928
      freeram: 11667775488
      sharedram: 48496640
      bufferram: 111079424
      totalswap: 0
      freeswap: 0
      pagesize: 4096
      cpus: 2
      cpus-online: 2
      ticks-per-second: 100

metrics:
    - stressor: cpu
      bogo-ops: 20584
      bogo-ops-per-second-usr-sys-time: 524.106426
      bogo-ops-per-second-real-time: 1029.187842
      wall-clock-time: 20.000236
      user-time: 39.267496
      system-time: 0.006970
      cpu-usage-per-instance: 98.185005
      max-rss: 976

...
