---
system-info:
      stress-ng-version: 0.17.08
      run-by: root
      date-yyyy-mm-dd: 2024:08:30
      time-hh-mm-ss: 15:46:45
      epoch-secs: 1725032805
      hostname: sc-runner
      sysname: Linux
      nodename: sc-runner
      release: 6.8.0-1013-azure
      version: '#15-Ubuntu SMP Thu Aug  8 18:40:40 UTC 2024'
      machine: x86_64
      compiler: 'musl-gcc 13.2.1'
      uptime: 414
      totalram: 16766775296
      freeram: 8366002176
      sharedram: 42037248
      bufferram: 203386880
      totalswap: 0
      freeswap: 0
      pagesize: 4096
      cpus: 2
      cpus-online: 2
      ticks-per-second: 100

metrics:
    - stressor: cpu
      bogo-ops: 36938
      bogo-ops-per-second-usr-sys-time: 934.331292
      bogo-ops-per-second-real-time: 1846.889432
      wall-clock-time: 20.000114
      user-time: 39.522187
      system-time: 0.011970
      cpu-usage-per-instance: 98.834827
      max-rss: 1104

...
