BaselineInfo:
  WebDBID: -1
  TimeStamp: 20241107055909
Version:
  Major: 11
  Minor: 0
  Build: 1002
  SpecialBuildName: ""
  ptArchitecture: x86_64_linux
Results:
  Results Complete: true
  NumTestProcesses: 2
  CPU_INTEGER_MATH: 6184.5023333333329
  CPU_FLOATINGPOINT_MATH: 3321.1461729113316
  CPU_PRIME: 13.335822997894127
  CPU_SORTING: 3272.4901967596975
  CPU_ENCRYPTION: 847.75632865697662
  CPU_COMPRESSION: 27247.283417335522
  CPU_SINGLETHREAD: 1984.2916191938248
  CPU_PHYSICS: 270.31622613434752
  CPU_MATRIX_MULT_SSE: 1733.1073471395707
  CPU_mm: 187.92936330916262
  CPU_sse: 672.19662700561435
  CPU_fma: 2220.2110416621863
  CPU_avx: 1565.2053233294605
  CPU_avx512: 2474.8163965610229
  m_CPU_enc_SHA: 279965551.643543
  m_CPU_enc_AES: 2137257098.8754792
  m_CPU_enc_ECDSA: 249588169.7144317
  ME_ALLOC_S: 720.029444306644
  ME_READ_S: 23478.605078125001
  ME_READ_L: 10512.1884765625
  ME_WRITE: 9063.4365234375
  ME_LARGE: 618
  ME_LATENCY: 50.652198996910982
  ME_THREADED: 12048.4482421875
  SUMM_CPU: 2218.7100029336543
  SUMM_ME: 945.6617182379207
SystemInformation:
  OSName: Ubuntu 24.04.1 LTS
  Kernel: 6.8.0-1017-azure
  Device: ""
  Processor: Intel Xeon Platinum 8272CL CPU @ 2.60GHz
  NumSockets: 1
  Manufacturer: GenuineIntel
  NumCores: 1
  NumLogicals: 2
  CPUFrequency: 0
  Memory: 7938
  MemModuleInfo:
    iNumMemSticks: 2
    DIMM 1:
      manufacturer: Microsoft Corporation
      modulePartNo: None
      memType: Unknown
      size: 1
      clkspeed: 0
      moduleVoltage: 0
    DIMM 2:
      manufacturer: Microsoft Corporation
      modulePartNo: None
      memType: Unknown
      size: 7
      clkspeed: 0
      moduleVoltage: 0
Checksum: 10A5915316436BE8DB28B2F88B3DB022E1D055E8