---
system-info:
      stress-ng-version: 0.17.08
      run-by: root
      date-yyyy-mm-dd: 2024:06:15
      time-hh-mm-ss: 13:01:29
      epoch-secs: 1718456489
      hostname: e36c0b97341b
      sysname: Linux
      nodename: e36c0b97341b
      release: 6.8.0-1008-aws
      version: '#8-Ubuntu SMP Sat Apr 20 00:46:25 UTC 2024'
      machine: x86_64
      compiler: 'musl-gcc 13.2.1'
      uptime: 109
      totalram: 405317828608
      freeram: 399617941504
      sharedram: 113528832
      bufferram: 108290048
      totalswap: 0
      freeswap: 0
      pagesize: 4096
      cpus: 96
      cpus-online: 96
      ticks-per-second: 100

metrics:
    - stressor: cpu
      bogo-ops: 1713285
      bogo-ops-per-second-usr-sys-time: 892.653399
      bogo-ops-per-second-real-time: 85663.884966
      wall-clock-time: 20.000085
      user-time: 1919.281193
      system-time: 0.035983
      cpu-usage-per-instance: 99.964010
      max-rss: 768

...
