---
system-info:
      stress-ng-version: 0.17.08
      run-by: root
      date-yyyy-mm-dd: 2024:06:09
      time-hh-mm-ss: 10:54:44
      epoch-secs: 1717930484
      hostname: 0cc40d311760
      sysname: Linux
      nodename: 0cc40d311760
      release: 6.8.0-1008-aws
      version: '#8-Ubuntu SMP Sat Apr 20 00:46:25 UTC 2024'
      machine: x86_64
      compiler: 'musl-gcc 13.2.1'
      uptime: 101
      totalram: 405317804032
      freeram: 399396147200
      sharedram: 113528832
      bufferram: 106561536
      totalswap: 0
      freeswap: 0
      pagesize: 4096
      cpus: 96
      cpus-online: 96
      ticks-per-second: 100

metrics:
    - stressor: cpu
      bogo-ops: 1355570
      bogo-ops-per-second-usr-sys-time: 1412.741432
      bogo-ops-per-second-real-time: 135538.047242
      wall-clock-time: 10.001398
      user-time: 959.442611
      system-time: 0.088956
      cpu-usage-per-instance: 99.937230
      max-rss: 3072

...
