---
system-info:
      stress-ng-version: 0.17.08
      run-by: root
      date-yyyy-mm-dd: 2024:09:17
      time-hh-mm-ss: 13:47:59
      epoch-secs: 1726580879
      hostname: sc-runner
      sysname: Linux
      nodename: sc-runner
      release: 6.8.0-1014-azure
      version: '#16-Ubuntu SMP Thu Aug 15 20:04:41 UTC 2024'
      machine: x86_64
      compiler: 'musl-gcc 13.2.1'
      uptime: 334
      totalram: 532579598336
      freeram: 521267195904
      sharedram: 79777792
      bufferram: 250953728
      totalswap: 0
      freeswap: 0
      pagesize: 4096
      cpus: 32
      cpus-online: 32
      ticks-per-second: 100

metrics:
    - stressor: cpu
      bogo-ops: 595987
      bogo-ops-per-second-usr-sys-time: 932.057194
      bogo-ops-per-second-real-time: 29799.226434
      wall-clock-time: 20.000083
      user-time: 639.393815
      system-time: 0.037975
      cpu-usage-per-instance: 99.910803
      max-rss: 3256

...
