BaselineInfo:
  WebDBID: -1
  TimeStamp: 20260404195256
Version:
  Major: 11
  Minor: 0
  Build: 1004
  SpecialBuildName: ""
  ptArchitecture: x86_64_linux
Results:
  Results Complete: true
  NumTestProcesses: 8
  CPU_INTEGER_MATH: 19686.264666666666
  CPU_FLOATINGPOINT_MATH: 10566.449280649011
  CPU_PRIME: 49.471058794141619
  CPU_SORTING: 12076.920976965168
  CPU_ENCRYPTION: 2725.8518649299458
  CPU_COMPRESSION: 90851.346724893097
  CPU_SINGLETHREAD: 1691.0466740530303
  CPU_PHYSICS: 776.46187156104827
  CPU_MATRIX_MULT_SSE: 5881.3471159836481
  CPU_mm: 599.70346808792647
  CPU_sse: 2134.072157213282
  CPU_fma: 7315.8212454846762
  CPU_avx: 5171.2617567905972
  CPU_avx512: 8904.2333044460374
  m_CPU_enc_SHA: 890267538.15516758
  m_CPU_enc_AES: 6879884036.772912
  m_CPU_enc_ECDSA: 804636960.43426967
  ME_ALLOC_S: 2207.3429864033824
  ME_READ_S: 19537.849414062501
  ME_READ_L: 6324.8642578125
  ME_WRITE: 6848.98291015625
  ME_LARGE: 18804.416666666668
  ME_LATENCY: 76.928899979057434
  ME_THREADED: 36328.89208984375
  SUMM_CPU: 7007.4345276249669
  SUMM_ME: 1665.1131381545647
SystemInformation:
  OSName: Ubuntu 24.04.4 LTS
  Kernel: 6.8.0-106-generic
  Device: ""
  Processor: Intel(R) Xeon(R) Platinum 8163 CPU @ 2.50GHz
  NumSockets: 1
  Manufacturer: GenuineIntel
  NumCores: 4
  NumLogicals: 8
  CPUFrequency: 2500
  CPUMaxFrequency: 3100
  Memory: 31711
  CPUInfo:
    number: 1
    Family: 6
    Model: 5
    stepping: 4
    features: 529267711
    manufacture: GenuineIntel
    typestring: Intel(R) Xeon(R) Platinum 8163 CPU @ 2.50GHz
    iCoresPerPackage: 4
    iThreadsPerPackage: 2
    featuresEx:
      - 529267711
      - 4294586883
      - 739248128
    bHybrid: false
    nPCore: 0
    nLogicalsPerPCore: 0
    nECore: 0
    nLogicalsPerECore: 0
  MemModuleInfo:
    iNumMemSticks: 2
    DIMM 1:
      manufacturer: Alibaba Cloud
      modulePartNo: Not Specified
      memType: RAM
      size: 16
      clkspeed: 0
      moduleVoltage: 0
    DIMM 2:
      manufacturer: Alibaba Cloud
      modulePartNo: Not Specified
      memType: RAM
      size: 16
      clkspeed: 0
      moduleVoltage: 0
Checksum: 0362F0091FBF8CB56B1C3BE484705CB7BC27A2BF