---
system-info:
      stress-ng-version: 0.17.08
      run-by: root
      date-yyyy-mm-dd: 2024:06:13
      time-hh-mm-ss: 08:26:29
      epoch-secs: 1718267189
      hostname: 04faca931903
      sysname: Linux
      nodename: 04faca931903
      release: 6.8.0-1008-aws
      version: '#8-Ubuntu SMP Sat Apr 20 00:46:25 UTC 2024'
      machine: x86_64
      compiler: 'musl-gcc 13.2.1'
      uptime: 187
      totalram: 803068563456
      freeram: 797123727360
      sharedram: 78708736
      bufferram: 108216320
      totalswap: 0
      freeswap: 0
      pagesize: 4096
      cpus: 96
      cpus-online: 96
      ticks-per-second: 100

metrics:
    - stressor: cpu
      bogo-ops: 27696
      bogo-ops-per-second-usr-sys-time: 1384.812463
      bogo-ops-per-second-real-time: 1384.796896
      wall-clock-time: 20.000045
      user-time: 19.999820
      system-time: 0.000000
      cpu-usage-per-instance: 99.998876
      max-rss: 768

...
