---
system-info:
      stress-ng-version: 0.17.08
      run-by: root
      date-yyyy-mm-dd: 2024:06:14
      time-hh-mm-ss: 04:42:47
      epoch-secs: 1718340167
      hostname: 0121921b1ac6
      sysname: Linux
      nodename: 0121921b1ac6
      release: 6.8.0-1008-aws
      version: '#8-Ubuntu SMP Sat Apr 20 02:43:14 UTC 2024'
      machine: aarch64
      compiler: 'musl-gcc 13.2.1'
      uptime: 150
      totalram: 132642869248
      freeram: 127932051456
      sharedram: 34979840
      bufferram: 107384832
      totalswap: 0
      freeswap: 0
      pagesize: 4096
      cpus: 64
      cpus-online: 64
      ticks-per-second: 100

metrics:
    - stressor: cpu
      bogo-ops: 30390
      bogo-ops-per-second-usr-sys-time: 1519.487996
      bogo-ops-per-second-real-time: 1519.494222
      wall-clock-time: 20.000076
      user-time: 20.000158
      system-time: 0.000000
      cpu-usage-per-instance: 100.000410
      max-rss: 512

...
