---
system-info:
      stress-ng-version: 0.17.08
      run-by: root
      date-yyyy-mm-dd: 2024:06:06
      time-hh-mm-ss: 06:52:13
      epoch-secs: 1717656733
      hostname: ea94c317daf6
      sysname: Linux
      nodename: ea94c317daf6
      release: 6.8.0-1008-aws
      version: '#8-Ubuntu SMP Sat Apr 20 02:43:14 UTC 2024'
      machine: aarch64
      compiler: 'musl-gcc 13.2.1'
      uptime: 137
      totalram: 132642861056
      freeram: 128179781632
      sharedram: 34979840
      bufferram: 80375808
      totalswap: 0
      freeswap: 0
      pagesize: 4096
      cpus: 64
      cpus-online: 64
      ticks-per-second: 100

metrics:
    - stressor: cpu
      bogo-ops: 2940
      bogo-ops-per-second-usr-sys-time: 293.194858
      bogo-ops-per-second-real-time: 293.187725
      wall-clock-time: 10.027705
      user-time: 10.026462
      system-time: 0.000999
      cpu-usage-per-instance: 99.997567
      max-rss: 3584

...
