BaselineInfo:
  WebDBID: -1
  TimeStamp: 20251218075315
Version:
  Major: 11
  Minor: 0
  Build: 1002
  SpecialBuildName: ""
  ptArchitecture: x86_64_linux
Results:
  Results Complete: true
  NumTestProcesses: 16
  CPU_INTEGER_MATH: 56176.288666666667
  CPU_FLOATINGPOINT_MATH: 48025.679426930925
  CPU_PRIME: 184.3511242269735
  CPU_SORTING: 39250.791590024841
  CPU_ENCRYPTION: 5247.4976429500339
  CPU_COMPRESSION: 283731.82369618258
  CPU_SINGLETHREAD: 2077.3563234907924
  CPU_PHYSICS: 2357.328040479204
  CPU_MATRIX_MULT_SSE: 18446.335756412373
  CPU_mm: 2521.9073714581214
  CPU_sse: 10137.947334752267
  CPU_fma: 25357.588369318844
  CPU_avx: 19843.471565166015
  CPU_avx512: 0
  m_CPU_enc_SHA: 3849713171.2079148
  m_CPU_enc_AES: 9355210381.4712353
  m_CPU_enc_ECDSA: 3302276712.6827741
  ME_ALLOC_S: 9580.5183700722901
  ME_READ_S: 22864.581249999999
  ME_READ_L: 7471.45361328125
  ME_WRITE: 6445.76611328125
  ME_LARGE: 48852.75
  ME_LATENCY: 67.504294297700199
  ME_THREADED: 80212.35009765625
  SUMM_CPU: 18774.290861695441
  SUMM_ME: 2016.0982163374667
SystemInformation:
  OSName: Ubuntu 24.04.2 LTS
  Kernel: 6.8.0-86-generic
  Device: ""
  Processor: Intel Core Processor (Haswell, no TSX)
  NumSockets: 16
  Manufacturer: GenuineIntel
  NumCores: 16
  NumLogicals: 16
  CPUFrequency: 0
  Memory: 58850
  MemModuleInfo:
    iNumMemSticks: 1
    DIMM 1:
      manufacturer: QEMU
      modulePartNo: Not Specified
      memType: RAM
      size: 60000
      clkspeed: 0
      moduleVoltage: 0
Checksum: 0FF608AE13C9CA410093833A2666D246BBCDA9AD