---
system-info:
      stress-ng-version: 0.17.08
      run-by: root
      date-yyyy-mm-dd: 2024:06:06
      time-hh-mm-ss: 16:56:47
      epoch-secs: 1717693007
      hostname: 02959c7eeb03
      sysname: Linux
      nodename: 02959c7eeb03
      release: 6.8.0-1008-aws
      version: '#8-Ubuntu SMP Sat Apr 20 02:43:14 UTC 2024'
      machine: aarch64
      compiler: 'musl-gcc 13.2.1'
      uptime: 125
      totalram: 1920221184
      freeram: 66908160
      sharedram: 35008512
      bufferram: 71852032
      totalswap: 0
      freeswap: 0
      pagesize: 4096
      cpus: 1
      cpus-online: 1
      ticks-per-second: 100

metrics:
    - stressor: cpu
      bogo-ops: 4202
      bogo-ops-per-second-usr-sys-time: 424.808965
      bogo-ops-per-second-real-time: 420.026984
      wall-clock-time: 10.004119
      user-time: 9.890513
      system-time: 0.000992
      cpu-usage-per-instance: 98.874322
      max-rss: 4264

...
