---
system-info:
      stress-ng-version: 0.17.08
      run-by: root
      date-yyyy-mm-dd: 2024:06:14
      time-hh-mm-ss: 10:42:40
      epoch-secs: 1718361760
      hostname: 32500a4768c5
      sysname: Linux
      nodename: 32500a4768c5
      release: 6.8.0-1008-aws
      version: '#8-Ubuntu SMP Sat Apr 20 02:43:14 UTC 2024'
      machine: aarch64
      compiler: 'musl-gcc 13.2.1'
      uptime: 199
      totalram: 1920217088
      freeram: 132120576
      sharedram: 35008512
      bufferram: 95379456
      totalswap: 0
      freeswap: 0
      pagesize: 4096
      cpus: 1
      cpus-online: 1
      ticks-per-second: 100

metrics:
    - stressor: cpu
      bogo-ops: 30324
      bogo-ops-per-second-usr-sys-time: 1532.684017
      bogo-ops-per-second-real-time: 1516.190204
      wall-clock-time: 20.000129
      user-time: 19.784900
      system-time: 0.000000
      cpu-usage-per-instance: 98.923861
      max-rss: 1192

...
