---
system-info:
      stress-ng-version: 0.17.08
      run-by: root
      date-yyyy-mm-dd: 2024:09:21
      time-hh-mm-ss: 13:30:53
      epoch-secs: 1726925453
      hostname: sc-runner
      sysname: Linux
      nodename: sc-runner
      release: 6.8.0-1014-azure
      version: '#16-Ubuntu SMP Thu Aug 15 20:04:41 UTC 2024'
      machine: x86_64
      compiler: 'musl-gcc 13.2.1'
      uptime: 455
      totalram: 29425164288
      freeram: 19210063872
      sharedram: 46489600
      bufferram: 249569280
      totalswap: 0
      freeswap: 0
      pagesize: 4096
      cpus: 2
      cpus-online: 2
      ticks-per-second: 100

metrics:
    - stressor: cpu
      bogo-ops: 29114
      bogo-ops-per-second-usr-sys-time: 736.447658
      bogo-ops-per-second-real-time: 1455.691757
      wall-clock-time: 20.000113
      user-time: 39.520021
      system-time: 0.012999
      cpu-usage-per-instance: 98.831990
      max-rss: 3252

...
