---
system-info:
      stress-ng-version: 0.17.08
      run-by: root
      date-yyyy-mm-dd: 2024:09:03
      time-hh-mm-ss: 12:50:48
      epoch-secs: 1725367848
      hostname: sc-runner
      sysname: Linux
      nodename: sc-runner
      release: 6.8.0-1013-azure
      version: '#15-Ubuntu SMP Thu Aug  8 18:40:40 UTC 2024'
      machine: x86_64
      compiler: 'musl-gcc 13.2.1'
      uptime: 387
      totalram: 29425176576
      freeram: 20918276096
      sharedram: 54878208
      bufferram: 212615168
      totalswap: 0
      freeswap: 0
      pagesize: 4096
      cpus: 2
      cpus-online: 2
      ticks-per-second: 100

metrics:
    - stressor: cpu
      bogo-ops: 60647
      bogo-ops-per-second-usr-sys-time: 1529.595132
      bogo-ops-per-second-real-time: 3032.337728
      wall-clock-time: 20.000081
      user-time: 39.638072
      system-time: 0.010982
      cpu-usage-per-instance: 99.122234
      max-rss: 3252

...
