BaselineInfo:
  WebDBID: -1
  TimeStamp: 20260618232034
Version:
  Major: 11
  Minor: 0
  Build: 1004
  SpecialBuildName: ""
  ptArchitecture: x86_64_linux
Results:
  Results Complete: true
  NumTestProcesses: 64
  CPU_INTEGER_MATH: 215106.85400000008
  CPU_FLOATINGPOINT_MATH: 128524.26272999347
  CPU_PRIME: 264.55917077982764
  CPU_SORTING: 100437.30184781585
  CPU_ENCRYPTION: 68034.718796793401
  CPU_COMPRESSION: 944410.7292278388
  CPU_SINGLETHREAD: 2128.5173928808254
  CPU_PHYSICS: 3300.3319598634453
  CPU_MATRIX_MULT_SSE: 52733.730582104843
  CPU_mm: 5750.6545459322306
  CPU_sse: 23922.529204661136
  CPU_fma: 74823.609274417613
  CPU_avx: 59455.053267235839
  CPU_avx512: 0
  m_CPU_enc_SHA: 96390441762.31665
  m_CPU_enc_AES: 65783314980.627502
  m_CPU_enc_ECDSA: 51844963148.255226
  ME_ALLOC_S: 17697.71878315548
  ME_READ_S: 24434.875390624999
  ME_READ_L: 11922.6357421875
  ME_WRITE: 11266.9873046875
  ME_LARGE: 113005.5
  ME_LATENCY: 53.92816261864332
  ME_THREADED: 63928.162109375
  SUMM_CPU: 52514.645649865473
  SUMM_ME: 2683.060145407595
SystemInformation:
  OSName: Ubuntu 24.04.4 LTS
  Kernel: 6.8.0-117-generic
  Device: ""
  Processor: "AMD EPYC 7H12 64-Core Processor                "
  NumSockets: 2
  Manufacturer: AuthenticAMD
  NumCores: 32
  NumLogicals: 64
  CPUFrequency: 7
  CPUMaxFrequency: 832
  Memory: 124328
  CPUInfo:
    number: 2
    Family: 15
    Model: 1
    stepping: 0
    features: 395049983
    manufacture: AuthenticAMD
    typestring: "AMD EPYC 7H12 64-Core Processor                "
    iCoresPerPackage: 16
    iThreadsPerPackage: 2
    featuresEx:
      - 395049983
      - 4277678595
      - 776996864
    bHybrid: false
    nPCore: 0
    nLogicalsPerPCore: 0
    nECore: 0
    nLogicalsPerECore: 0
  MemModuleInfo:
    iNumMemSticks: 8
    DIMM 1:
      manufacturer: Alibaba Cloud
      modulePartNo: Not Specified
      memType: RAM
      size: 16
      clkspeed: 0
      moduleVoltage: 0
    DIMM 2:
      manufacturer: Alibaba Cloud
      modulePartNo: Not Specified
      memType: RAM
      size: 16
      clkspeed: 0
      moduleVoltage: 0
    DIMM 3:
      manufacturer: Alibaba Cloud
      modulePartNo: Not Specified
      memType: RAM
      size: 16
      clkspeed: 0
      moduleVoltage: 0
    DIMM 4:
      manufacturer: Alibaba Cloud
      modulePartNo: Not Specified
      memType: RAM
      size: 16
      clkspeed: 0
      moduleVoltage: 0
    DIMM 5:
      manufacturer: Alibaba Cloud
      modulePartNo: Not Specified
      memType: RAM
      size: 16
      clkspeed: 0
      moduleVoltage: 0
    DIMM 6:
      manufacturer: Alibaba Cloud
      modulePartNo: Not Specified
      memType: RAM
      size: 16
      clkspeed: 0
      moduleVoltage: 0
    DIMM 7:
      manufacturer: Alibaba Cloud
      modulePartNo: Not Specified
      memType: RAM
      size: 16
      clkspeed: 0
      moduleVoltage: 0
    DIMM 8:
      manufacturer: Alibaba Cloud
      modulePartNo: Not Specified
      memType: RAM
      size: 16
      clkspeed: 0
      moduleVoltage: 0
Checksum: B9D2E7B2CB8EED9CFD5B00BACDFA638AF2C0ECDC