BaselineInfo:
  WebDBID: -1
  TimeStamp: 20260404114642
Version:
  Major: 11
  Minor: 0
  Build: 1004
  SpecialBuildName: ""
  ptArchitecture: x86_64_linux
Results:
  Results Complete: true
  NumTestProcesses: 8
  CPU_INTEGER_MATH: 27905.366666666669
  CPU_FLOATINGPOINT_MATH: 14955.981386213629
  CPU_PRIME: 64.626675870889557
  CPU_SORTING: 16574.065993009794
  CPU_ENCRYPTION: 3859.9340003805228
  CPU_COMPRESSION: 130225.19263537452
  CPU_SINGLETHREAD: 2343.7492175420289
  CPU_PHYSICS: 736.01054306624167
  CPU_MATRIX_MULT_SSE: 7317.4105272271718
  CPU_mm: 847.04971907050617
  CPU_sse: 3022.3034708686264
  CPU_fma: 8981.0927336532732
  CPU_avx: 6348.785066209367
  CPU_avx512: 10917.46083817742
  m_CPU_enc_SHA: 1260195550.0035448
  m_CPU_enc_AES: 9739384900.3052654
  m_CPU_enc_ECDSA: 1142722012.8402123
  ME_ALLOC_S: 2280.2732362453789
  ME_READ_S: 26740.127539062501
  ME_READ_L: 6848.8642578125
  ME_WRITE: 7363.27392578125
  ME_LARGE: 3682.6666666666665
  ME_LATENCY: 85.674005751054551
  ME_THREADED: 35926.9501953125
  SUMM_CPU: 9571.808009429622
  SUMM_ME: 1525.1021584873563
SystemInformation:
  OSName: Ubuntu 24.04.4 LTS
  Kernel: 6.8.0-106-generic
  Device: ""
  Processor: Intel(R) Xeon(R) Platinum 8369HB CPU @ 3.20GHz
  NumSockets: 1
  Manufacturer: GenuineIntel
  NumCores: 4
  NumLogicals: 8
  CPUFrequency: 0
  CPUMaxFrequency: 0
  Memory: 15590
  CPUInfo:
    number: 1
    Family: 6
    Model: 5
    stepping: 11
    features: 529267711
    manufacture: GenuineIntel
    typestring: Intel(R) Xeon(R) Platinum 8369HB CPU @ 3.20GHz
    iCoresPerPackage: 4
    iThreadsPerPackage: 2
    featuresEx:
      - 529267711
      - 4277809667
      - 739248128
    bHybrid: false
    nPCore: 0
    nLogicalsPerPCore: 0
    nECore: 0
    nLogicalsPerECore: 0
  MemModuleInfo:
    iNumMemSticks: 1
    DIMM 1:
      manufacturer: Alibaba Cloud
      modulePartNo: Not Specified
      memType: RAM
      size: 16
      clkspeed: 0
      moduleVoltage: 0
Checksum: ADAD381E680B2EAA42BF4F3D1C47A4F7B760B80B