---
system-info:
      stress-ng-version: 0.17.08
      run-by: root
      date-yyyy-mm-dd: 2024:09:16
      time-hh-mm-ss: 19:03:18
      epoch-secs: 1726513398
      hostname: sc-runner
      sysname: Linux
      nodename: sc-runner
      release: 6.8.0-1014-azure
      version: '#16-Ubuntu SMP Thu Aug 15 20:04:41 UTC 2024'
      machine: x86_64
      compiler: 'musl-gcc 13.2.1'
      uptime: 320
      totalram: 33648795648
      freeram: 23401332736
      sharedram: 57221120
      bufferram: 239067136
      totalswap: 0
      freeswap: 0
      pagesize: 4096
      cpus: 16
      cpus-online: 16
      ticks-per-second: 100

metrics:
    - stressor: cpu
      bogo-ops: 262372
      bogo-ops-per-second-usr-sys-time: 821.669252
      bogo-ops-per-second-real-time: 13118.530155
      wall-clock-time: 20.000106
      user-time: 319.262668
      system-time: 0.053163
      cpu-usage-per-instance: 99.785666
      max-rss: 3280

...
