---
system-info:
      stress-ng-version: 0.17.08
      run-by: root
      date-yyyy-mm-dd: 2024:09:05
      time-hh-mm-ss: 19:26:49
      epoch-secs: 1725564409
      hostname: sc-runner
      sysname: Linux
      nodename: sc-runner
      release: 6.8.0-1013-azure
      version: '#15-Ubuntu SMP Thu Aug  8 18:40:40 UTC 2024'
      machine: x86_64
      compiler: 'musl-gcc 13.2.1'
      uptime: 356
      totalram: 33648803840
      freeram: 24938909696
      sharedram: 42283008
      bufferram: 227581952
      totalswap: 0
      freeswap: 0
      pagesize: 4096
      cpus: 16
      cpus-online: 16
      ticks-per-second: 100

metrics:
    - stressor: cpu
      bogo-ops: 328224
      bogo-ops-per-second-usr-sys-time: 1027.276143
      bogo-ops-per-second-real-time: 16411.124558
      wall-clock-time: 20.000092
      user-time: 319.475995
      system-time: 0.033031
      cpu-usage-per-instance: 99.846112
      max-rss: 3124

...
