BaselineInfo:
  WebDBID: -1
  TimeStamp: 20241108103139
Version:
  Major: 11
  Minor: 0
  Build: 1002
  SpecialBuildName: ""
  ptArchitecture: aarch64_linux
Results:
  Results Complete: true
  NumTestProcesses: 32
  CPU_INTEGER_MATH: 152753.13933333335
  CPU_FLOATINGPOINT_MATH: 151907.71590171635
  CPU_PRIME: 247.36473863639375
  CPU_SORTING: 125894.31879608263
  CPU_ENCRYPTION: 4435.9936672862896
  CPU_COMPRESSION: 171659.25463278862
  CPU_SINGLETHREAD: 1561.7520120043507
  CPU_PHYSICS: 6905.2236529249722
  CPU_MATRIX_MULT_SSE: 26486.190286024248
  CPU_mm: 3472.4884628001637
  CPU_sse: 22208.952095563305
  CPU_fma: 30763.428476485191
  CPU_avx: 0
  CPU_avx512: 0
  m_CPU_enc_SHA: 6753429482.3511639
  m_CPU_enc_AES: 2596823332.6812997
  m_CPU_enc_ECDSA: 4604176671.9727058
  ME_ALLOC_S: 31130.930677512224
  ME_READ_S: 19676.3193359375
  ME_READ_L: 19053.310546875
  ME_WRITE: 19693.603515625
  ME_LARGE: 114832.91666666667
  ME_LATENCY: 50.598291571975516
  ME_THREADED: 239073.740234375
  SUMM_CPU: 20793.513562245815
  SUMM_ME: 3112.6046528952993
SystemInformation:
  OSName: Ubuntu 24.04.1 LTS
  Kernel: 6.8.0-1016-aws
  Device: ""
  Processor: ARM Neoverse-V1 32 Core 0 MHz
  NumSockets: 1
  Manufacturer: ARM
  NumCores: 32
  NumLogicals: 32
  CPUFrequency: 0
  Memory: 126506
Checksum: 4AB45AE83F2A6F07836ACE6C5F4A50C552A227C7