BaselineInfo:
  WebDBID: -1
  TimeStamp: 20250617185409
Version:
  Major: 11
  Minor: 0
  Build: 1002
  SpecialBuildName: ""
  ptArchitecture: x86_64_linux
Results:
  Results Complete: true
  NumTestProcesses: 80
  CPU_INTEGER_MATH: 379782.05300000001
  CPU_FLOATINGPOINT_MATH: 212434.58897189569
  CPU_PRIME: 642.03616231140143
  CPU_SORTING: 217498.90700771747
  CPU_ENCRYPTION: 96375.038968443609
  CPU_COMPRESSION: 1493417.4253403172
  CPU_SINGLETHREAD: 2903.9403577978019
  CPU_PHYSICS: 10531.642545705223
  CPU_MATRIX_MULT_SSE: 95624.405054397022
  CPU_mm: 9673.5052871888092
  CPU_sse: 41436.041915155452
  CPU_fma: 118904.22769304286
  CPU_avx: 100173.4728023541
  CPU_avx512: 121983.87780703566
  m_CPU_enc_SHA: 134826702303.35045
  m_CPU_enc_AES: 91492497726.365692
  m_CPU_enc_ECDSA: 76850458554.408234
  ME_ALLOC_S: 28377.640282891232
  ME_READ_S: 27877.445898437501
  ME_READ_L: 26244.9765625
  ME_WRITE: 25523.599609375
  ME_LARGE: 634177.58333333337
  ME_LATENCY: 81.092434994032885
  ME_THREADED: 258928.81201171875
  SUMM_CPU: 86210.973634474649
  SUMM_ME: 2751.789235994006
SystemInformation:
  OSName: Ubuntu 24.04.2 LTS
  Kernel: 6.11.0-1015-azure
  Device: ""
  Processor: AMD EPYC 9V74 80-Core Processor
  NumSockets: 1
  Manufacturer: AuthenticAMD
  NumCores: 40
  NumLogicals: 80
  CPUFrequency: 0
  Memory: 644979
  MemModuleInfo:
    iNumMemSticks: 4
    DIMM 1:
      manufacturer: Microsoft Corporation
      modulePartNo: None
      memType: Unknown
      size: 1
      clkspeed: 0
      moduleVoltage: 0
    DIMM 2:
      manufacturer: Microsoft Corporation
      modulePartNo: None
      memType: Unknown
      size: 59
      clkspeed: 0
      moduleVoltage: 0
    DIMM 3:
      manufacturer: Microsoft Corporation
      modulePartNo: None
      memType: Unknown
      size: 260
      clkspeed: 0
      moduleVoltage: 0
    DIMM 4:
      manufacturer: Microsoft Corporation
      modulePartNo: None
      memType: Unknown
      size: 320
      clkspeed: 0
      moduleVoltage: 0
Checksum: AB5709A66D57F1A4F54D664B8DC3409E25C75AFD