---
system-info:
      stress-ng-version: 0.17.08
      run-by: root
      date-yyyy-mm-dd: 2024:06:07
      time-hh-mm-ss: 14:42:14
      epoch-secs: 1717771334
      hostname: 3a716cc66359
      sysname: Linux
      nodename: 3a716cc66359
      release: 6.8.0-1008-aws
      version: '#8-Ubuntu SMP Sat Apr 20 00:46:25 UTC 2024'
      machine: x86_64
      compiler: 'musl-gcc 13.2.1'
      uptime: 117
      totalram: 33091219456
      freeram: 28829540352
      sharedram: 59871232
      bufferram: 91979776
      totalswap: 0
      freeswap: 0
      pagesize: 4096
      cpus: 4
      cpus-online: 4
      ticks-per-second: 100

metrics:
    - stressor: cpu
      bogo-ops: 16558
      bogo-ops-per-second-usr-sys-time: 1655.287854
      bogo-ops-per-second-real-time: 1655.264584
      wall-clock-time: 10.003235
      user-time: 10.002094
      system-time: 0.001000
      cpu-usage-per-instance: 99.998594
      max-rss: 3792

...
