---
system-info:
      stress-ng-version: 0.17.08
      run-by: root
      date-yyyy-mm-dd: 2024:06:15
      time-hh-mm-ss: 07:57:41
      epoch-secs: 1718438261
      hostname: f3fe64203b20
      sysname: Linux
      nodename: f3fe64203b20
      release: 6.8.0-1008-aws
      version: '#8-Ubuntu SMP Sat Apr 20 00:46:25 UTC 2024'
      machine: x86_64
      compiler: 'musl-gcc 13.2.1'
      uptime: 121
      totalram: 33091219456
      freeram: 28718067712
      sharedram: 59871232
      bufferram: 106647552
      totalswap: 0
      freeswap: 0
      pagesize: 4096
      cpus: 4
      cpus-online: 4
      ticks-per-second: 100

metrics:
    - stressor: cpu
      bogo-ops: 37681
      bogo-ops-per-second-usr-sys-time: 1884.067993
      bogo-ops-per-second-real-time: 1884.040387
      wall-clock-time: 20.000102
      user-time: 19.999809
      system-time: 0.000000
      cpu-usage-per-instance: 99.998535
      max-rss: 1104

...
