BaselineInfo:
  WebDBID: -1
  TimeStamp: 20241108225745
Version:
  Major: 11
  Minor: 0
  Build: 1002
  SpecialBuildName: ""
  ptArchitecture: aarch64_linux
Results:
  Results Complete: true
  NumTestProcesses: 64
  CPU_INTEGER_MATH: 305193.28699999995
  CPU_FLOATINGPOINT_MATH: 303504.93601635454
  CPU_PRIME: 325.35695012235453
  CPU_SORTING: 241031.98679979035
  CPU_ENCRYPTION: 8928.2078612332098
  CPU_COMPRESSION: 338275.19850229059
  CPU_SINGLETHREAD: 1568.0411157415647
  CPU_PHYSICS: 8323.363851964803
  CPU_MATRIX_MULT_SSE: 62550.577147054442
  CPU_mm: 6939.9147740419767
  CPU_sse: 49717.474042329137
  CPU_fma: 75383.680251779719
  CPU_avx: 0
  CPU_avx512: 0
  m_CPU_enc_SHA: 13521083373.375507
  m_CPU_enc_AES: 5215956657.9489117
  m_CPU_enc_ECDSA: 9348673427.5769978
  ME_ALLOC_S: 31339.305184985384
  ME_READ_S: 19674.247460937499
  ME_READ_L: 18990.9609375
  ME_WRITE: 19705.826171875
  ME_LARGE: 113772.5
  ME_LATENCY: 49.269353222413798
  ME_THREADED: 284709.64208984375
  SUMM_CPU: 34931.365796865117
  SUMM_ME: 3157.0809845261492
SystemInformation:
  OSName: Ubuntu 24.04.1 LTS
  Kernel: 6.8.0-1016-aws
  Device: ""
  Processor: ARM Neoverse-V1 64 Core 0 MHz
  NumSockets: 1
  Manufacturer: ARM
  NumCores: 64
  NumLogicals: 64
  CPUFrequency: 0
  Memory: 126497
Checksum: 7F6D80DEED0EA7DF4AF02BB6A0ABBB1D7F34580B