---
system-info:
      stress-ng-version: 0.17.08
      run-by: root
      date-yyyy-mm-dd: 2024:06:13
      time-hh-mm-ss: 07:12:39
      epoch-secs: 1718262759
      hostname: ecddf8f4fee1
      sysname: Linux
      nodename: ecddf8f4fee1
      release: 6.8.0-1008-aws
      version: '#8-Ubuntu SMP Sat Apr 20 00:46:25 UTC 2024'
      machine: x86_64
      compiler: 'musl-gcc 13.2.1'
      uptime: 235
      totalram: 33263845376
      freeram: 26452586496
      sharedram: 40796160
      bufferram: 93544448
      totalswap: 0
      freeswap: 0
      pagesize: 4096
      cpus: 8
      cpus-online: 8
      ticks-per-second: 100

metrics:
    - stressor: cpu
      bogo-ops: 134891
      bogo-ops-per-second-usr-sys-time: 845.568700
      bogo-ops-per-second-real-time: 6744.512393
      wall-clock-time: 20.000112
      user-time: 159.509964
      system-time: 0.016991
      cpu-usage-per-instance: 99.703791
      max-rss: 1104

...
