---
system-info:
      stress-ng-version: 0.17.08
      run-by: root
      date-yyyy-mm-dd: 2024:06:10
      time-hh-mm-ss: 10:25:05
      epoch-secs: 1718015105
      hostname: 04152116e65e
      sysname: Linux
      nodename: 04152116e65e
      release: 6.8.0-1008-aws
      version: '#8-Ubuntu SMP Sat Apr 20 00:46:25 UTC 2024'
      machine: x86_64
      compiler: 'musl-gcc 13.2.1'
      uptime: 214
      totalram: 33263845376
      freeram: 26436587520
      sharedram: 40804352
      bufferram: 96894976
      totalswap: 0
      freeswap: 0
      pagesize: 4096
      cpus: 8
      cpus-online: 8
      ticks-per-second: 100

metrics:
    - stressor: cpu
      bogo-ops: 80770
      bogo-ops-per-second-usr-sys-time: 1012.833073
      bogo-ops-per-second-real-time: 8075.291345
      wall-clock-time: 10.002116
      user-time: 79.721618
      system-time: 0.024988
      cpu-usage-per-instance: 99.662170
      max-rss: 4048

...
