---
system-info:
      stress-ng-version: 0.17.08
      run-by: root
      date-yyyy-mm-dd: 2024:06:06
      time-hh-mm-ss: 15:41:17
      epoch-secs: 1717688477
      hostname: 8b87f40bfe06
      sysname: Linux
      nodename: 8b87f40bfe06
      release: 6.8.0-1008-aws
      version: '#8-Ubuntu SMP Sat Apr 20 02:43:14 UTC 2024'
      machine: aarch64
      compiler: 'musl-gcc 13.2.1'
      uptime: 112
      totalram: 1920221184
      freeram: 135401472
      sharedram: 35020800
      bufferram: 71311360
      totalswap: 0
      freeswap: 0
      pagesize: 4096
      cpus: 1
      cpus-online: 1
      ticks-per-second: 100

metrics:
    - stressor: cpu
      bogo-ops: 4202
      bogo-ops-per-second-usr-sys-time: 424.862569
      bogo-ops-per-second-real-time: 420.191374
      wall-clock-time: 10.000205
      user-time: 9.884301
      system-time: 0.005956
      cpu-usage-per-instance: 98.900540
      max-rss: 4136

...
