---
system-info:
      stress-ng-version: 0.17.08
      run-by: root
      date-yyyy-mm-dd: 2024:06:14
      time-hh-mm-ss: 09:40:37
      epoch-secs: 1718358037
      hostname: 6672d0360561
      sysname: Linux
      nodename: 6672d0360561
      release: 6.8.0-1008-aws
      version: '#8-Ubuntu SMP Sat Apr 20 02:43:14 UTC 2024'
      machine: aarch64
      compiler: 'musl-gcc 13.2.1'
      uptime: 124
      totalram: 1920217088
      freeram: 104472576
      sharedram: 35020800
      bufferram: 96444416
      totalswap: 0
      freeswap: 0
      pagesize: 4096
      cpus: 1
      cpus-online: 1
      ticks-per-second: 100

metrics:
    - stressor: cpu
      bogo-ops: 30215
      bogo-ops-per-second-usr-sys-time: 1532.456480
      bogo-ops-per-second-real-time: 1510.745768
      wall-clock-time: 20.000056
      user-time: 19.714726
      system-time: 0.001984
      cpu-usage-per-instance: 98.583274
      max-rss: 1192

...
