---
system-info:
      stress-ng-version: 0.17.08
      run-by: root
      date-yyyy-mm-dd: 2024:08:17
      time-hh-mm-ss: 19:28:44
      epoch-secs: 1723922924
      hostname: ip-172-31-23-24
      sysname: Linux
      nodename: ip-172-31-23-24
      release: 6.8.0-1013-aws
      version: '#14-Ubuntu SMP Thu Jul 25 21:19:24 UTC 2024'
      machine: x86_64
      compiler: 'musl-gcc 13.2.1'
      uptime: 499
      totalram: 1204521492480
      freeram: 1194554441728
      sharedram: 76926976
      bufferram: 192004096
      totalswap: 0
      freeswap: 0
      pagesize: 4096
      cpus: 96
      cpus-online: 96
      ticks-per-second: 100

metrics:
    - stressor: cpu
      bogo-ops: 31225
      bogo-ops-per-second-usr-sys-time: 1561.246565
      bogo-ops-per-second-real-time: 1561.244119
      wall-clock-time: 20.000075
      user-time: 20.000044
      system-time: 0.000000
      cpu-usage-per-instance: 99.999843
      max-rss: 768

...
