---
system-info:
      stress-ng-version: 0.17.08
      run-by: root
      date-yyyy-mm-dd: 2024:09:20
      time-hh-mm-ss: 14:02:15
      epoch-secs: 1726840935
      hostname: sc-runner
      sysname: Linux
      nodename: sc-runner
      release: 6.8.0-1014-azure
      version: '#16-Ubuntu SMP Thu Aug 15 20:04:41 UTC 2024'
      machine: x86_64
      compiler: 'musl-gcc 13.2.1'
      uptime: 328
      totalram: 16764657664
      freeram: 6517374976
      sharedram: 38096896
      bufferram: 248180736
      totalswap: 0
      freeswap: 0
      pagesize: 4096
      cpus: 8
      cpus-online: 8
      ticks-per-second: 100

metrics:
    - stressor: cpu
      bogo-ops: 54062
      bogo-ops-per-second-usr-sys-time: 2703.159470
      bogo-ops-per-second-real-time: 2703.084243
      wall-clock-time: 20.000117
      user-time: 19.996561
      system-time: 0.002999
      cpu-usage-per-instance: 99.997217
      max-rss: 1104

...
