---
system-info:
      stress-ng-version: 0.17.08
      run-by: root
      date-yyyy-mm-dd: 2024:09:19
      time-hh-mm-ss: 12:46:03
      epoch-secs: 1726749963
      hostname: sc-runner
      sysname: Linux
      nodename: sc-runner
      release: 6.8.0-1014-azure
      version: '#16-Ubuntu SMP Thu Aug 15 20:04:41 UTC 2024'
      machine: x86_64
      compiler: 'musl-gcc 13.2.1'
      uptime: 321
      totalram: 135059628032
      freeram: 124284530688
      sharedram: 55013376
      bufferram: 250871808
      totalswap: 0
      freeswap: 0
      pagesize: 4096
      cpus: 32
      cpus-online: 32
      ticks-per-second: 100

metrics:
    - stressor: cpu
      bogo-ops: 38003
      bogo-ops-per-second-usr-sys-time: 1900.142209
      bogo-ops-per-second-real-time: 1900.144360
      wall-clock-time: 20.000059
      user-time: 19.999082
      system-time: 0.001000
      cpu-usage-per-instance: 100.000113
      max-rss: 3080

...
