BaselineInfo:
  WebDBID: -1
  TimeStamp: 20241107182238
Version:
  Major: 11
  Minor: 0
  Build: 1002
  SpecialBuildName: ""
  ptArchitecture: x86_64_linux
Results:
  Results Complete: true
  NumTestProcesses: 4
  CPU_INTEGER_MATH: 13566.419666666667
  CPU_FLOATINGPOINT_MATH: 8211.8063993300511
  CPU_PRIME: 32.118816082744111
  CPU_SORTING: 7280.2972486750232
  CPU_ENCRYPTION: 1700.5299911891741
  CPU_COMPRESSION: 53903.751818319084
  CPU_SINGLETHREAD: 1879.7801788509712
  CPU_PHYSICS: 628.65376827676482
  CPU_MATRIX_MULT_SSE: 2670.9666318603645
  CPU_mm: 353.98612653711928
  CPU_sse: 1439.7062213623215
  CPU_fma: 3859.0330416281731
  CPU_avx: 2714.1606325905991
  CPU_avx512: 0
  m_CPU_enc_SHA: 554270198.51104558
  m_CPU_enc_AES: 4292412095.9361267
  m_CPU_enc_ECDSA: 502722513.67636597
  ME_ALLOC_S: 1513.0915625505463
  ME_READ_S: 18634.7060546875
  ME_READ_L: 9066.9013671875
  ME_WRITE: 8054.1435546875
  ME_LARGE: 20722
  ME_LATENCY: 78.737655367647633
  ME_THREADED: 25256.61767578125
  SUMM_CPU: 4511.884353382482
  SUMM_ME: 1713.7163959252623
SystemInformation:
  OSName: Ubuntu 24.04.1 LTS
  Kernel: 6.8.0-1016-aws
  Device: ""
  Processor: Intel Xeon CPU E5-2686 v4 @ 2.30GHz
  NumSockets: 1
  Manufacturer: GenuineIntel
  NumCores: 2
  NumLogicals: 4
  CPUFrequency: 3000
  Memory: 30582
  MemModuleInfo:
    iNumMemSticks: 2
    DIMM 1:
      manufacturer: Not Specified
      modulePartNo: Not Specified
      memType: RAM
      size: 16
      clkspeed: 0
      moduleVoltage: 0
    DIMM 2:
      manufacturer: Not Specified
      modulePartNo: Not Specified
      memType: RAM
      size: 14848
      clkspeed: 0
      moduleVoltage: 0
Checksum: FEA040437D00085115B6BD3FE26CA79D5B325189