BaselineInfo:
  WebDBID: -1
  TimeStamp: 20241108134826
Version:
  Major: 11
  Minor: 0
  Build: 1002
  SpecialBuildName: ""
  ptArchitecture: x86_64_linux
Results:
  Results Complete: true
  NumTestProcesses: 16
  CPU_INTEGER_MATH: 45165.703333333338
  CPU_FLOATINGPOINT_MATH: 24214.159693441263
  CPU_PRIME: 77.924671501327154
  CPU_SORTING: 23522.54631343656
  CPU_ENCRYPTION: 6213.0649610797909
  CPU_COMPRESSION: 201211.19480063475
  CPU_SINGLETHREAD: 1810.0861953035326
  CPU_PHYSICS: 1504.7044278695289
  CPU_MATRIX_MULT_SSE: 12142.866627139096
  CPU_mm: 1374.1748719973743
  CPU_sse: 4939.9858260038072
  CPU_fma: 14565.60736168684
  CPU_avx: 10294.122923176761
  CPU_avx512: 18771.750397688978
  m_CPU_enc_SHA: 2038534005.0210185
  m_CPU_enc_AES: 15687242401.74346
  m_CPU_enc_ECDSA: 1818836007.1231325
  ME_ALLOC_S: 5403.0739562111157
  ME_READ_S: 22244.181445312501
  ME_READ_L: 10879.7060546875
  ME_WRITE: 10080.078125
  ME_LARGE: 117258.66666666667
  ME_LATENCY: 53.995079219734713
  ME_THREADED: 78726.1103515625
  SUMM_CPU: 14325.270575593351
  SUMM_ME: 2523.9352536866386
SystemInformation:
  OSName: Ubuntu 24.04.1 LTS
  Kernel: 6.8.0-1016-aws
  Device: ""
  Processor: Intel Xeon Platinum 8175M CPU @ 2.50GHz
  NumSockets: 1
  Manufacturer: GenuineIntel
  NumCores: 8
  NumLogicals: 16
  CPUFrequency: 0
  Memory: 127432
  MemModuleInfo:
    iNumMemSticks: 1
    DIMM 1:
      manufacturer: Not Specified
      modulePartNo: Not Specified
      memType: DDR4
      size: 128
      clkspeed: 1333
      moduleVoltage: 0
Checksum: F9139AA86BBDEAEFEC1EEBCE2A6FE5C89031B768