---
system-info:
      stress-ng-version: 0.17.08
      run-by: root
      date-yyyy-mm-dd: 2024:06:14
      time-hh-mm-ss: 20:22:42
      epoch-secs: 1718396562
      hostname: 16401359ffdb
      sysname: Linux
      nodename: 16401359ffdb
      release: 6.8.0-1008-aws
      version: '#8-Ubuntu SMP Sat Apr 20 00:46:25 UTC 2024'
      machine: x86_64
      compiler: 'musl-gcc 13.2.1'
      uptime: 178
      totalram: 133616533504
      freeram: 128947326976
      sharedram: 40845312
      bufferram: 109985792
      totalswap: 0
      freeswap: 0
      pagesize: 4096
      cpus: 32
      cpus-online: 32
      ticks-per-second: 100

metrics:
    - stressor: cpu
      bogo-ops: 25699
      bogo-ops-per-second-usr-sys-time: 1284.951927
      bogo-ops-per-second-real-time: 1284.948193
      wall-clock-time: 20.000028
      user-time: 19.998971
      system-time: 0.000999
      cpu-usage-per-instance: 99.999709
      max-rss: 776

...
