---
system-info:
      stress-ng-version: 0.17.08
      run-by: root
      date-yyyy-mm-dd: 2024:06:08
      time-hh-mm-ss: 14:19:03
      epoch-secs: 1717856343
      hostname: 8f717d155873
      sysname: Linux
      nodename: 8f717d155873
      release: 6.8.0-1008-aws
      version: '#8-Ubuntu SMP Sat Apr 20 00:46:25 UTC 2024'
      machine: x86_64
      compiler: 'musl-gcc 13.2.1'
      uptime: 134
      totalram: 133616545792
      freeram: 128950358016
      sharedram: 40845312
      bufferram: 102551552
      totalswap: 0
      freeswap: 0
      pagesize: 4096
      cpus: 32
      cpus-online: 32
      ticks-per-second: 100

metrics:
    - stressor: cpu
      bogo-ops: 13903
      bogo-ops-per-second-usr-sys-time: 1390.225206
      bogo-ops-per-second-real-time: 1390.214684
      wall-clock-time: 10.000614
      user-time: 10.000538
      system-time: 0.000000
      cpu-usage-per-instance: 99.999243
      max-rss: 3592

...
