---
system-info:
      stress-ng-version: 0.17.08
      run-by: root
      date-yyyy-mm-dd: 2024:06:12
      time-hh-mm-ss: 15:57:47
      epoch-secs: 1718207867
      hostname: 6c61e59267a4
      sysname: Linux
      nodename: 6c61e59267a4
      release: 6.8.0-1008-aws
      version: '#8-Ubuntu SMP Sat Apr 20 00:46:25 UTC 2024'
      machine: x86_64
      compiler: 'musl-gcc 13.2.1'
      uptime: 250
      totalram: 200431517696
      freeram: 195555549184
      sharedram: 20410368
      bufferram: 112394240
      totalswap: 0
      freeswap: 0
      pagesize: 4096
      cpus: 96
      cpus-online: 96
      ticks-per-second: 100

metrics:
    - stressor: cpu
      bogo-ops: 30971
      bogo-ops-per-second-usr-sys-time: 1548.625960
      bogo-ops-per-second-real-time: 1548.544444
      wall-clock-time: 20.000072
      user-time: 19.999019
      system-time: 0.000000
      cpu-usage-per-instance: 99.994736
      max-rss: 768

...
