---
system-info:
      stress-ng-version: 0.17.08
      run-by: root
      date-yyyy-mm-dd: 2024:06:12
      time-hh-mm-ss: 18:56:39
      epoch-secs: 1718218599
      hostname: fe07acb22879
      sysname: Linux
      nodename: fe07acb22879
      release: 6.8.0-1008-aws
      version: '#8-Ubuntu SMP Sat Apr 20 00:46:25 UTC 2024'
      machine: x86_64
      compiler: 'musl-gcc 13.2.1'
      uptime: 163
      totalram: 200431534080
      freeram: 195643592704
      sharedram: 20410368
      bufferram: 112586752
      totalswap: 0
      freeswap: 0
      pagesize: 4096
      cpus: 96
      cpus-online: 96
      ticks-per-second: 100

metrics:
    - stressor: cpu
      bogo-ops: 15037
      bogo-ops-per-second-usr-sys-time: 751.887519
      bogo-ops-per-second-real-time: 751.841548
      wall-clock-time: 20.000225
      user-time: 19.999002
      system-time: 0.000000
      cpu-usage-per-instance: 99.993886
      max-rss: 0

...
