---
system-info:
      stress-ng-version: 0.17.08
      run-by: root
      date-yyyy-mm-dd: 2024:06:05
      time-hh-mm-ss: 16:17:49
      epoch-secs: 1717604269
      hostname: ab5491c1432f
      sysname: Linux
      nodename: ab5491c1432f
      release: 6.8.0-1008-aws
      version: '#8-Ubuntu SMP Sat Apr 20 00:46:25 UTC 2024'
      machine: x86_64
      compiler: 'musl-gcc 13.2.1'
      uptime: 126
      totalram: 200431546368
      freeram: 195859427328
      sharedram: 20410368
      bufferram: 78422016
      totalswap: 0
      freeswap: 0
      pagesize: 4096
      cpus: 96
      cpus-online: 96
      ticks-per-second: 100

metrics:
    - stressor: cpu
      bogo-ops: 13695
      bogo-ops-per-second-usr-sys-time: 1369.423175
      bogo-ops-per-second-real-time: 1369.473161
      wall-clock-time: 10.000196
      user-time: 9.998562
      system-time: 0.001999
      cpu-usage-per-instance: 100.003650
      max-rss: 3072

...
