BaselineInfo:
  WebDBID: -1
  TimeStamp: 20241110043710
Version:
  Major: 11
  Minor: 0
  Build: 1002
  SpecialBuildName: ""
  ptArchitecture: aarch64_linux
Results:
  Results Complete: true
  NumTestProcesses: 64
  CPU_INTEGER_MATH: 333817.17366666667
  CPU_FLOATINGPOINT_MATH: 387697.40437112603
  CPU_PRIME: 625.01167364957234
  CPU_SORTING: 291893.20778095128
  CPU_ENCRYPTION: 12133.47945083698
  CPU_COMPRESSION: 425693.92977641133
  CPU_SINGLETHREAD: 1942.8444746463258
  CPU_PHYSICS: 15437.636797837988
  CPU_MATRIX_MULT_SSE: 56310.211739019513
  CPU_mm: 7228.9135510733195
  CPU_sse: 44303.05582424067
  CPU_fma: 68317.36765379837
  CPU_avx: 0
  CPU_avx512: 0
  m_CPU_enc_SHA: 19201704267.580173
  m_CPU_enc_AES: 6864026278.5936289
  m_CPU_enc_ECDSA: 12102895499.74872
  ME_ALLOC_S: 46850.320514918283
  ME_READ_S: 20465.408398437499
  ME_READ_L: 18026.416015625
  ME_WRITE: 21257.8984375
  ME_LARGE: 1000328.8333333334
  ME_LATENCY: 50.158846267873876
  ME_THREADED: 480681.1513671875
  SUMM_CPU: 44086.938266082288
  SUMM_ME: 3210.3029772384316
SystemInformation:
  OSName: Ubuntu 24.04.1 LTS
  Kernel: 6.8.0-1016-aws
  Device: ""
  Processor: ARM Neoverse-V2 64 Core 0 MHz
  NumSockets: 1
  Manufacturer: ARM
  NumCores: 64
  NumLogicals: 64
  CPUFrequency: 0
  Memory: 1013465
Checksum: B922D4A440C84692ABB51B1188DEBE4BBBAF82C5