BaselineInfo:
  WebDBID: -1
  TimeStamp: 20241110044458
Version:
  Major: 11
  Minor: 0
  Build: 1002
  SpecialBuildName: ""
  ptArchitecture: aarch64_linux
Results:
  Results Complete: true
  NumTestProcesses: 64
  CPU_INTEGER_MATH: 333821.5283333335
  CPU_FLOATINGPOINT_MATH: 387705.22242220643
  CPU_PRIME: 644.77201816758054
  CPU_SORTING: 291163.66885942704
  CPU_ENCRYPTION: 12131.690604122517
  CPU_COMPRESSION: 425653.34015450132
  CPU_SINGLETHREAD: 1942.8482783347843
  CPU_PHYSICS: 15316.762377947145
  CPU_MATRIX_MULT_SSE: 56274.123484624259
  CPU_mm: 7305.3018889459645
  CPU_sse: 44261.292281820795
  CPU_fma: 68286.954687427758
  CPU_avx: 0
  CPU_avx512: 0
  m_CPU_enc_SHA: 19152436373.520397
  m_CPU_enc_AES: 6868240737.1016493
  m_CPU_enc_ECDSA: 12142321710.103069
  ME_ALLOC_S: 46392.668902570498
  ME_READ_S: 21108.6298828125
  ME_READ_L: 18085.248046875
  ME_WRITE: 21256.505859375
  ME_LARGE: 1000219.25
  ME_LATENCY: 50.539729632482967
  ME_THREADED: 476928.6123046875
  SUMM_CPU: 44097.458588349582
  SUMM_ME: 3228.216812837567
SystemInformation:
  OSName: Ubuntu 24.04.1 LTS
  Kernel: 6.8.0-1016-aws
  Device: ""
  Processor: ARM Neoverse-V2 64 Core 0 MHz
  NumSockets: 1
  Manufacturer: ARM
  NumCores: 64
  NumLogicals: 64
  CPUFrequency: 0
  Memory: 1013465
Checksum: 140DBD8B9627A1D90C07E752DC11D85832FA2D47