size_kb,operation,bandwidth_mb_s,latency_ns,latency_stddev_ns,latency_samples,threads,iterations,elapsed_s
32,read,3490397.45,0,0,0,64,384024,0.220046
32,write,2649030.99,0,0,0,64,342465,0.258559
32,copy,1527251.60,0,0,0,64,106655,0.139669
32,latency,0,1.08,0.34,21,1,21,0.519221
128,read,3059454.28,0,0,0,64,91441,0.239104
128,write,2777162.87,0,0,0,64,157133,0.452643
128,copy,1538891.23,0,0,0,64,33962,0.176553
128,latency,0,2.96,0.12,7,1,7,0.658650
256,read,2781680.23,0,0,0,64,36390,0.209312
256,write,2963902.83,0,0,0,64,76804,0.414610
256,copy,1778638.94,0,0,0,64,15780,0.141951
256,latency,0,3.28,0.12,7,1,7,0.698306
512,read,2473269.91,0,0,0,64,44185,0.571680
512,write,1919121.25,0,0,0,64,23071,0.384693
512,copy,999544.88,0,0,0,64,9148,0.292869
512,latency,0,4.47,0.20,7,1,7,0.498924
1024,read,2102483.46,0,0,0,64,9006,0.274144
1024,write,2229378.21,0,0,0,64,19925,0.571998
1024,copy,948125.03,0,0,0,64,5166,0.348714
1024,latency,0,8.58,0.35,7,1,7,0.538937
4096,read,1313679.71,0,0,0,64,2354,0.458730
4096,write,885146.95,0,0,0,64,1137,0.328840
4096,copy,80987.19,0,0,0,64,386,1.220144
4096,latency,0,11.47,37.56,21,1,21,0.517690
8192,read,354577.40,0,0,0,64,1017,1.468520
8192,write,181241.56,0,0,0,64,577,1.630001
8192,copy,35172.18,0,0,0,64,63,0.917089
8192,latency,0,199.80,39.74,21,1,21,2.662455
16384,read,89162.37,0,0,0,64,204,2.342872
16384,write,40206.48,0,0,0,64,50,1.273426
16384,copy,34342.36,0,0,0,64,212,6.321290
16384,latency,0,261.02,60.96,21,1,21,6.575005
32768,read,93428.47,0,0,0,64,18,0.394569
32768,write,56789.36,0,0,0,64,160,5.770095
32768,copy,34587.07,0,0,0,64,19,1.125045
32768,latency,0,157.18,1.94,7,1,7,3.483879
65536,read,97256.57,0,0,0,64,45,1.895193
65536,write,59707.34,0,0,0,64,74,5.076494
65536,copy,41739.09,0,0,0,64,30,2.944003
65536,latency,0,157.91,1.02,7,1,7,6.886208
