---
system-info:
      stress-ng-version: 0.17.08
      run-by: root
      date-yyyy-mm-dd: 2024:06:07
      time-hh-mm-ss: 21:13:55
      epoch-secs: 1717794835
      hostname: 3e6a5f5496a3
      sysname: Linux
      nodename: 3e6a5f5496a3
      release: 6.8.0-31-generic
      version: '#31-Ubuntu SMP PREEMPT_DYNAMIC Sat Apr 20 00:40:06 UTC 2024'
      machine: x86_64
      compiler: 'musl-gcc 13.2.1'
      uptime: 105
      totalram: 8127909888
      freeram: 4707401728
      sharedram: 21221376
      bufferram: 90947584
      totalswap: 0
      freeswap: 0
      pagesize: 4096
      cpus: 4
      cpus-online: 4
      ticks-per-second: 100

metrics:
    - stressor: cpu
      bogo-ops: 11212
      bogo-ops-per-second-usr-sys-time: 1121.235767
      bogo-ops-per-second-real-time: 1121.167148
      wall-clock-time: 10.000293
      user-time: 9.995681
      system-time: 0.004000
      cpu-usage-per-instance: 99.993880
      max-rss: 4048

...
