---
system-info:
      stress-ng-version: 0.17.08
      run-by: root
      date-yyyy-mm-dd: 2024:06:14
      time-hh-mm-ss: 21:50:52
      epoch-secs: 1718401852
      hostname: c5ae6aee097f
      sysname: Linux
      nodename: c5ae6aee097f
      release: 6.8.0-31-generic
      version: '#31-Ubuntu SMP PREEMPT_DYNAMIC Sat Apr 20 00:40:06 UTC 2024'
      machine: x86_64
      compiler: 'musl-gcc 13.2.1'
      uptime: 128
      totalram: 8127901696
      freeram: 4632576000
      sharedram: 21221376
      bufferram: 106856448
      totalswap: 0
      freeswap: 0
      pagesize: 4096
      cpus: 4
      cpus-online: 4
      ticks-per-second: 100

metrics:
    - stressor: cpu
      bogo-ops: 23275
      bogo-ops-per-second-usr-sys-time: 1163.849218
      bogo-ops-per-second-real-time: 1163.736141
      wall-clock-time: 20.000238
      user-time: 19.998295
      system-time: 0.000000
      cpu-usage-per-instance: 99.990284
      max-rss: 976

...
