---
system-info:
      stress-ng-version: 0.17.08
      run-by: root
      date-yyyy-mm-dd: 2024:06:15
      time-hh-mm-ss: 23:21:04
      epoch-secs: 1718493664
      hostname: c71084ded77e
      sysname: Linux
      nodename: c71084ded77e
      release: 6.8.0-1008-aws
      version: '#8-Ubuntu SMP Sat Apr 20 00:46:25 UTC 2024'
      machine: x86_64
      compiler: 'musl-gcc 13.2.1'
      uptime: 113
      totalram: 16379731968
      freeram: 12099248128
      sharedram: 11792384
      bufferram: 108650496
      totalswap: 0
      freeswap: 0
      pagesize: 4096
      cpus: 2
      cpus-online: 2
      ticks-per-second: 100

metrics:
    - stressor: cpu
      bogo-ops: 122095
      bogo-ops-per-second-usr-sys-time: 3075.521219
      bogo-ops-per-second-real-time: 6104.726640
      wall-clock-time: 20.000077
      user-time: 39.685987
      system-time: 0.012975
      cpu-usage-per-instance: 99.247025
      max-rss: 1104

...
