---
system-info:
      stress-ng-version: 0.17.08
      run-by: root
      date-yyyy-mm-dd: 2024:06:09
      time-hh-mm-ss: 20:54:54
      epoch-secs: 1717966494
      hostname: 3ba415c8ecc8
      sysname: Linux
      nodename: 3ba415c8ecc8
      release: 6.8.0-1008-aws
      version: '#8-Ubuntu SMP Sat Apr 20 00:46:25 UTC 2024'
      machine: x86_64
      compiler: 'musl-gcc 13.2.1'
      uptime: 105
      totalram: 16379740160
      freeram: 11913736192
      sharedram: 11792384
      bufferram: 112836608
      totalswap: 0
      freeswap: 0
      pagesize: 4096
      cpus: 2
      cpus-online: 2
      ticks-per-second: 100

metrics:
    - stressor: cpu
      bogo-ops: 35552
      bogo-ops-per-second-usr-sys-time: 1792.595871
      bogo-ops-per-second-real-time: 3555.072395
      wall-clock-time: 10.000359
      user-time: 19.829701
      system-time: 0.002990
      cpu-usage-per-instance: 99.159896
      max-rss: 4048

...
