---
system-info:
      stress-ng-version: 0.17.08
      run-by: root
      date-yyyy-mm-dd: 2024:06:14
      time-hh-mm-ss: 08:41:50
      epoch-secs: 1718354510
      hostname: 6299293e5a6d
      sysname: Linux
      nodename: 6299293e5a6d
      release: 6.8.0-1008-aws
      version: '#8-Ubuntu SMP Sat Apr 20 02:43:14 UTC 2024'
      machine: aarch64
      compiler: 'musl-gcc 13.2.1'
      uptime: 127
      totalram: 3993092096
      freeram: 170754048
      sharedram: 35012608
      bufferram: 102260736
      totalswap: 0
      freeswap: 0
      pagesize: 4096
      cpus: 2
      cpus-online: 2
      ticks-per-second: 100

metrics:
    - stressor: cpu
      bogo-ops: 60840
      bogo-ops-per-second-usr-sys-time: 1532.140114
      bogo-ops-per-second-real-time: 3041.988142
      wall-clock-time: 20.000078
      user-time: 39.703174
      system-time: 0.005988
      cpu-usage-per-instance: 99.272518
      max-rss: 1192

...
