---
system-info:
      stress-ng-version: 0.17.08
      run-by: root
      date-yyyy-mm-dd: 2024:06:06
      time-hh-mm-ss: 15:56:24
      epoch-secs: 1717689384
      hostname: dd1809039b9a
      sysname: Linux
      nodename: dd1809039b9a
      release: 6.8.0-1008-aws
      version: '#8-Ubuntu SMP Sat Apr 20 02:43:14 UTC 2024'
      machine: aarch64
      compiler: 'musl-gcc 13.2.1'
      uptime: 114
      totalram: 3993088000
      freeram: 79388672
      sharedram: 35020800
      bufferram: 80162816
      totalswap: 0
      freeswap: 0
      pagesize: 4096
      cpus: 2
      cpus-online: 2
      ticks-per-second: 100

metrics:
    - stressor: cpu
      bogo-ops: 8442
      bogo-ops-per-second-usr-sys-time: 425.896527
      bogo-ops-per-second-real-time: 844.133052
      wall-clock-time: 10.000793
      user-time: 19.818725
      system-time: 0.002991
      cpu-usage-per-instance: 99.100720
      max-rss: 4136

...
