---
system-info:
      stress-ng-version: 0.17.08
      run-by: root
      date-yyyy-mm-dd: 2024:08:30
      time-hh-mm-ss: 19:45:20
      epoch-secs: 1725047120
      hostname: sc-runner
      sysname: Linux
      nodename: sc-runner
      release: 6.8.0-1013-azure
      version: '#15-Ubuntu SMP Thu Aug  8 18:40:40 UTC 2024'
      machine: x86_64
      compiler: 'musl-gcc 13.2.1'
      uptime: 356
      totalram: 14652858368
      freeram: 6182678528
      sharedram: 42172416
      bufferram: 211283968
      totalswap: 0
      freeswap: 0
      pagesize: 4096
      cpus: 4
      cpus-online: 4
      ticks-per-second: 100

metrics:
    - stressor: cpu
      bogo-ops: 82445
      bogo-ops-per-second-usr-sys-time: 1036.388767
      bogo-ops-per-second-real-time: 4122.228022
      wall-clock-time: 20.000107
      user-time: 79.529286
      system-time: 0.020978
      cpu-usage-per-instance: 99.437300
      max-rss: 3152

...
