BaselineInfo:
  WebDBID: -1
  TimeStamp: 20241107045834
Version:
  Major: 11
  Minor: 0
  Build: 1002
  SpecialBuildName: ""
  ptArchitecture: x86_64_linux
Results:
  Results Complete: true
  NumTestProcesses: 2
  CPU_INTEGER_MATH: 7135.5709999999999
  CPU_FLOATINGPOINT_MATH: 5677.8626971594422
  CPU_PRIME: 22.297892740345603
  CPU_SORTING: 4334.3726468848072
  CPU_ENCRYPTION: 915.14392057646683
  CPU_COMPRESSION: 35244.414421161942
  CPU_SINGLETHREAD: 1841.3390861897972
  CPU_PHYSICS: 398.67139257519887
  CPU_MATRIX_MULT_SSE: 2926.3655206758667
  CPU_mm: 329.17663712478839
  CPU_sse: 1261.4935429219051
  CPU_fma: 4056.4764616602779
  CPU_avx: 2706.0168220870705
  CPU_avx512: 3681.4752560342131
  m_CPU_enc_SHA: 503759729.81815451
  m_CPU_enc_AES: 1936036860.0907865
  m_CPU_enc_ECDSA: 438997265.07822675
  ME_ALLOC_S: 1336.2147967041833
  ME_READ_S: 21538.106835937499
  ME_READ_L: 11346.498046875
  ME_WRITE: 10162.0302734375
  ME_LARGE: 640
  ME_LATENCY: 49.369470325926962
  ME_THREADED: 22289.89453125
  SUMM_CPU: 2918.097807035082
  SUMM_ME: 1051.359915171751
SystemInformation:
  OSName: Ubuntu 24.04.1 LTS
  Kernel: 6.8.0-1017-azure
  Device: ""
  Processor: Intel Xeon Platinum 8272CL CPU @ 2.60GHz
  NumSockets: 1
  Manufacturer: GenuineIntel
  NumCores: 2
  NumLogicals: 2
  CPUFrequency: 0
  Memory: 7938
  MemModuleInfo:
    iNumMemSticks: 2
    DIMM 1:
      manufacturer: Microsoft Corporation
      modulePartNo: None
      memType: Unknown
      size: 1
      clkspeed: 0
      moduleVoltage: 0
    DIMM 2:
      manufacturer: Microsoft Corporation
      modulePartNo: None
      memType: Unknown
      size: 7
      clkspeed: 0
      moduleVoltage: 0
Checksum: 83D1B32EC7B55F842C18893B778257C7F495A820