BaselineInfo:
  WebDBID: -1
  TimeStamp: 20241115155039
Version:
  Major: 11
  Minor: 0
  Build: 1002
  SpecialBuildName: ""
  ptArchitecture: x86_64_linux
Results:
  Results Complete: true
  NumTestProcesses: 2
  CPU_INTEGER_MATH: 7132.5416666666661
  CPU_FLOATINGPOINT_MATH: 5950.7111683017411
  CPU_PRIME: 22.641640361403585
  CPU_SORTING: 4314.8219642821368
  CPU_ENCRYPTION: 914.66509872482038
  CPU_COMPRESSION: 35330.763326633896
  CPU_SINGLETHREAD: 1789.0115945695554
  CPU_PHYSICS: 389.33877917859104
  CPU_MATRIX_MULT_SSE: 2894.4345256495935
  CPU_mm: 325.60890481320189
  CPU_sse: 1234.4327655846189
  CPU_fma: 4052.2508580000253
  CPU_avx: 2704.7893856689766
  CPU_avx512: 3586.2650933447521
  m_CPU_enc_SHA: 503903785.03168261
  m_CPU_enc_AES: 1936320007.4652321
  m_CPU_enc_ECDSA: 437063819.18451691
  ME_ALLOC_S: 1315.9274822363038
  ME_READ_S: 21618.078320312499
  ME_READ_L: 10809.2978515625
  ME_WRITE: 9626.806640625
  ME_LARGE: 632
  ME_LATENCY: 51.998811687548731
  ME_THREADED: 21878.5859375
  SUMM_CPU: 2928.888641171508
  SUMM_ME: 1027.7572682016171
SystemInformation:
  OSName: Ubuntu 24.04.1 LTS
  Kernel: 6.8.0-1017-azure
  Device: ""
  Processor: Intel Xeon Platinum 8272CL CPU @ 2.60GHz
  NumSockets: 1
  Manufacturer: GenuineIntel
  NumCores: 2
  NumLogicals: 2
  CPUFrequency: 0
  Memory: 7938
  MemModuleInfo:
    iNumMemSticks: 2
    DIMM 1:
      manufacturer: Microsoft Corporation
      modulePartNo: None
      memType: Unknown
      size: 1
      clkspeed: 0
      moduleVoltage: 0
    DIMM 2:
      manufacturer: Microsoft Corporation
      modulePartNo: None
      memType: Unknown
      size: 7
      clkspeed: 0
      moduleVoltage: 0
Checksum: A96B2034FB00D5D0C18CDBB2E2795434ADE94629