BaselineInfo:
  WebDBID: -1
  TimeStamp: 20241107095856
Version:
  Major: 11
  Minor: 0
  Build: 1002
  SpecialBuildName: ""
  ptArchitecture: x86_64_linux
Results:
  Results Complete: true
  NumTestProcesses: 2
  CPU_INTEGER_MATH: 5618.7979999999998
  CPU_FLOATINGPOINT_MATH: 3017.0714179081006
  CPU_PRIME: 12.258819434036768
  CPU_SORTING: 3013.767491853082
  CPU_ENCRYPTION: 769.62242733940502
  CPU_COMPRESSION: 24849.246992286666
  CPU_SINGLETHREAD: 1749.9749554327773
  CPU_PHYSICS: 266.80069930687068
  CPU_MATRIX_MULT_SSE: 1407.4941460257396
  CPU_mm: 170.60822499500387
  CPU_sse: 607.46847238255555
  CPU_fma: 1813.5574119451105
  CPU_avx: 1283.3198765811062
  CPU_avx512: 1925.6308231941853
  m_CPU_enc_SHA: 254174991.74191636
  m_CPU_enc_AES: 1943242493.2177238
  m_CPU_enc_ECDSA: 223605334.14989161
  ME_ALLOC_S: 680.91552871636907
  ME_READ_S: 21714.48046875
  ME_READ_L: 11082.873046875
  ME_WRITE: 9669.2880859375
  ME_LARGE: 5971.25
  ME_LATENCY: 54.602490622657136
  ME_THREADED: 12404.37109375
  SUMM_CPU: 1997.6740129287323
  SUMM_ME: 1660.5216243477448
SystemInformation:
  OSName: Ubuntu 24.04.1 LTS
  Kernel: 6.8.0-1016-aws
  Device: ""
  Processor: Intel Xeon Platinum 8259CL CPU @ 2.50GHz
  NumSockets: 1
  Manufacturer: GenuineIntel
  NumCores: 1
  NumLogicals: 2
  CPUFrequency: 0
  Memory: 15788
  MemModuleInfo:
    iNumMemSticks: 1
    DIMM 1:
      manufacturer: Not Specified
      modulePartNo: Not Specified
      memType: DDR4
      size: 16
      clkspeed: 1600
      moduleVoltage: 0
Checksum: 7389E4DC80DF9B497FACF1065F0BF16AEBD537E9