BaselineInfo:
  WebDBID: -1
  TimeStamp: 20260115202952
Version:
  Major: 11
  Minor: 0
  Build: 1004
  SpecialBuildName: ""
  ptArchitecture: x86_64_linux
Results:
  Results Complete: true
  NumTestProcesses: 8
  CPU_INTEGER_MATH: 41227.901333333335
  CPU_FLOATINGPOINT_MATH: 29874.034489994232
  CPU_PRIME: 88.586431567342743
  CPU_SORTING: 21489.466347525402
  CPU_ENCRYPTION: 9066.2442923894869
  CPU_COMPRESSION: 163574.06961903587
  CPU_SINGLETHREAD: 3271.1063601392757
  CPU_PHYSICS: 1923.1542242934245
  CPU_MATRIX_MULT_SSE: 11372.974058979522
  CPU_mm: 1232.0127520641461
  CPU_sse: 5044.8541209290488
  CPU_fma: 13179.335960631253
  CPU_avx: 10663.920108212156
  CPU_avx512: 16603.786046145626
  m_CPU_enc_SHA: 9581027938.7572784
  m_CPU_enc_AES: 12514741676.273592
  m_CPU_enc_ECDSA: 6424168910.3789244
  ME_ALLOC_S: 4819.2932384101441
  ME_READ_S: 28294.179101562499
  ME_READ_L: 16445.498046875
  ME_WRITE: 11239.822265625
  ME_LARGE: 114718.25
  ME_LATENCY: 69.115191636871216
  ME_THREADED: 76651.158203125
  SUMM_CPU: 15616.603444618044
  SUMM_ME: 2539.4585985028402
SystemInformation:
  OSName: Ubuntu 24.04.3 LTS
  Kernel: 6.14.0-1018-aws
  Device: ""
  Processor: Intel(R) Xeon(R) 6975P-C
  NumSockets: 1
  Manufacturer: GenuineIntel
  NumCores: 4
  NumLogicals: 8
  CPUFrequency: 0
  CPUMaxFrequency: 0
  Memory: 126764
  CPUInfo:
    number: 1
    Family: 6
    Model: 13
    stepping: 1
    features: 529267711
    manufacture: GenuineIntel
    typestring: Intel(R) Xeon(R) 6975P-C
    iCoresPerPackage: 4
    iThreadsPerPackage: 2
    featuresEx:
      - 529267711
      - 4294619651
      - 739248128
    bHybrid: false
    nPCore: 0
    nLogicalsPerPCore: 0
    nECore: 0
    nLogicalsPerECore: 0
  MemModuleInfo:
    iNumMemSticks: 1
    DIMM 1:
      manufacturer: Not Specified
      modulePartNo: Not Specified
      memType: DDR5
      size: 128
      clkspeed: 3600
      moduleVoltage: 0
Checksum: 30BECE890AE1D2D0DEA5EBEDB3B3D72A3FC38107