---
system-info:
      stress-ng-version: 0.17.08
      run-by: root
      date-yyyy-mm-dd: 2024:06:06
      time-hh-mm-ss: 10:41:33
      epoch-secs: 1717670493
      hostname: e4235d3740a2
      sysname: Linux
      nodename: e4235d3740a2
      release: 6.8.0-1008-aws
      version: '#8-Ubuntu SMP Sat Apr 20 00:46:25 UTC 2024'
      machine: x86_64
      compiler: 'musl-gcc 13.2.1'
      uptime: 118
      totalram: 199542136832
      freeram: 194411896832
      sharedram: 116928512
      bufferram: 82821120
      totalswap: 0
      freeswap: 0
      pagesize: 4096
      cpus: 96
      cpus-online: 96
      ticks-per-second: 100

metrics:
    - stressor: cpu
      bogo-ops: 16761
      bogo-ops-per-second-usr-sys-time: 1675.674379
      bogo-ops-per-second-real-time: 1675.638494
      wall-clock-time: 10.002754
      user-time: 10.001541
      system-time: 0.000999
      cpu-usage-per-instance: 99.997858
      max-rss: 3072

...
