---
system-info:
      stress-ng-version: 0.17.08
      run-by: root
      date-yyyy-mm-dd: 2024:06:14
      time-hh-mm-ss: 05:40:59
      epoch-secs: 1718343659
      hostname: b9863e384306
      sysname: Linux
      nodename: b9863e384306
      release: 6.8.0-1008-aws
      version: '#8-Ubuntu SMP Sat Apr 20 00:46:25 UTC 2024'
      machine: x86_64
      compiler: 'musl-gcc 13.2.1'
      uptime: 140
      totalram: 199542132736
      freeram: 194262544384
      sharedram: 116928512
      bufferram: 109043712
      totalswap: 0
      freeswap: 0
      pagesize: 4096
      cpus: 96
      cpus-online: 96
      ticks-per-second: 100

metrics:
    - stressor: cpu
      bogo-ops: 37822
      bogo-ops-per-second-usr-sys-time: 1891.104633
      bogo-ops-per-second-real-time: 1891.092335
      wall-clock-time: 20.000081
      user-time: 19.999951
      system-time: 0.000000
      cpu-usage-per-instance: 99.999350
      max-rss: 768

...
