---
system-info:
      stress-ng-version: 0.17.08
      run-by: root
      date-yyyy-mm-dd: 2024:06:07
      time-hh-mm-ss: 23:22:45
      epoch-secs: 1717802565
      hostname: ee10217538f3
      sysname: Linux
      nodename: ee10217538f3
      release: 6.8.0-1008-aws
      version: '#8-Ubuntu SMP Sat Apr 20 00:46:25 UTC 2024'
      machine: x86_64
      compiler: 'musl-gcc 13.2.1'
      uptime: 119
      totalram: 33089794048
      freeram: 28747206656
      sharedram: 59875328
      bufferram: 94932992
      totalswap: 0
      freeswap: 0
      pagesize: 4096
      cpus: 8
      cpus-online: 8
      ticks-per-second: 100

metrics:
    - stressor: cpu
      bogo-ops: 16657
      bogo-ops-per-second-usr-sys-time: 1665.669518
      bogo-ops-per-second-real-time: 1665.654490
      wall-clock-time: 10.000273
      user-time: 10.000183
      system-time: 0.000000
      cpu-usage-per-instance: 99.999098
      max-rss: 4048

...
