---
system-info:
      stress-ng-version: 0.17.08
      run-by: root
      date-yyyy-mm-dd: 2024:06:13
      time-hh-mm-ss: 14:20:30
      epoch-secs: 1718288430
      hostname: 036bdeb2595c
      sysname: Linux
      nodename: 036bdeb2595c
      release: 6.8.0-1008-aws
      version: '#8-Ubuntu SMP Sat Apr 20 00:46:25 UTC 2024'
      machine: x86_64
      compiler: 'musl-gcc 13.2.1'
      uptime: 141
      totalram: 33089794048
      freeram: 28690202624
      sharedram: 59875328
      bufferram: 107925504
      totalswap: 0
      freeswap: 0
      pagesize: 4096
      cpus: 8
      cpus-online: 8
      ticks-per-second: 100

metrics:
    - stressor: cpu
      bogo-ops: 37807
      bogo-ops-per-second-usr-sys-time: 1890.319377
      bogo-ops-per-second-real-time: 1890.346800
      wall-clock-time: 20.000034
      user-time: 20.000324
      system-time: 0.000000
      cpu-usage-per-instance: 100.001451
      max-rss: 1104

...
