BaselineInfo:
  WebDBID: -1
  TimeStamp: 20260404204151
Version:
  Major: 11
  Minor: 0
  Build: 1004
  SpecialBuildName: ""
  ptArchitecture: x86_64_linux
Results:
  Results Complete: true
  NumTestProcesses: 24
  CPU_INTEGER_MATH: 101178.24233333333
  CPU_FLOATINGPOINT_MATH: 51731.329571408431
  CPU_PRIME: 161.18562577581707
  CPU_SORTING: 52170.387376357503
  CPU_ENCRYPTION: 21964.342598093703
  CPU_COMPRESSION: 372090.38980112009
  CPU_SINGLETHREAD: 2371.3067123281012
  CPU_PHYSICS: 2902.7521452461797
  CPU_MATRIX_MULT_SSE: 21269.826399305424
  CPU_mm: 2180.5272072736129
  CPU_sse: 9599.5594585015915
  CPU_fma: 26278.728751406641
  CPU_avx: 19462.999948406192
  CPU_avx512: 29738.017438907304
  m_CPU_enc_SHA: 22185149635.054073
  m_CPU_enc_AES: 33374073007.706642
  m_CPU_enc_ECDSA: 13534624869.655388
  ME_ALLOC_S: 11179.876310800559
  ME_READ_S: 23695.907031250001
  ME_READ_L: 10732.93359375
  ME_WRITE: 9992.3173828125
  ME_LARGE: 11641.75
  ME_LATENCY: 61.179547764657322
  ME_THREADED: 119139.72705078125
  SUMM_CPU: 29499.473846632573
  SUMM_ME: 2334.2074137305735
SystemInformation:
  OSName: Ubuntu 24.04.4 LTS
  Kernel: 6.8.0-106-generic
  Device: ""
  Processor: Intel(R) Xeon(R) Platinum 8369B CPU @ 2.70GHz
  NumSockets: 1
  Manufacturer: GenuineIntel
  NumCores: 12
  NumLogicals: 24
  CPUFrequency: 0
  CPUMaxFrequency: 0
  Memory: 22095
  CPUInfo:
    number: 1
    Family: 6
    Model: 10
    stepping: 6
    features: 529267711
    manufacture: GenuineIntel
    typestring: Intel(R) Xeon(R) Platinum 8369B CPU @ 2.70GHz
    iCoresPerPackage: 12
    iThreadsPerPackage: 2
    featuresEx:
      - 529267711
      - 4277809667
      - 739248128
    bHybrid: false
    nPCore: 0
    nLogicalsPerPCore: 0
    nECore: 0
    nLogicalsPerECore: 0
  MemModuleInfo:
    iNumMemSticks: 2
    DIMM 1:
      manufacturer: Alibaba Cloud
      modulePartNo: Not Specified
      memType: RAM
      size: 16
      clkspeed: 0
      moduleVoltage: 0
    DIMM 2:
      manufacturer: Alibaba Cloud
      modulePartNo: Not Specified
      memType: RAM
      size: 8
      clkspeed: 0
      moduleVoltage: 0
Checksum: 8E2F11CB758091655261ACF33800B0680FE11E8C