---
system-info:
      stress-ng-version: 0.17.08
      run-by: root
      date-yyyy-mm-dd: 2024:09:03
      time-hh-mm-ss: 02:18:35
      epoch-secs: 1725329915
      hostname: sc-runner
      sysname: Linux
      nodename: sc-runner
      release: 6.8.0-1013-azure
      version: '#15-Ubuntu SMP Thu Aug  8 18:40:40 UTC 2024'
      machine: x86_64
      compiler: 'musl-gcc 13.2.1'
      uptime: 351
      totalram: 16766066688
      freeram: 8272723968
      sharedram: 42033152
      bufferram: 207929344
      totalswap: 0
      freeswap: 0
      pagesize: 4096
      cpus: 4
      cpus-online: 4
      ticks-per-second: 100

metrics:
    - stressor: cpu
      bogo-ops: 73968
      bogo-ops-per-second-usr-sys-time: 930.518856
      bogo-ops-per-second-real-time: 3698.377680
      wall-clock-time: 20.000121
      user-time: 79.474156
      system-time: 0.016979
      cpu-usage-per-instance: 99.363319
      max-rss: 3152

...
