---
system-info:
      stress-ng-version: 0.17.08
      run-by: root
      date-yyyy-mm-dd: 2024:09:16
      time-hh-mm-ss: 23:40:03
      epoch-secs: 1726530003
      hostname: sc-runner
      sysname: Linux
      nodename: sc-runner
      release: 6.8.0-1014-azure
      version: '#16-Ubuntu SMP Thu Aug 15 20:04:41 UTC 2024'
      machine: x86_64
      compiler: 'musl-gcc 13.2.1'
      uptime: 238
      totalram: 202607468544
      freeram: 191157710848
      sharedram: 55066624
      bufferram: 236437504
      totalswap: 0
      freeswap: 0
      pagesize: 4096
      cpus: 24
      cpus-online: 24
      ticks-per-second: 100

metrics:
    - stressor: cpu
      bogo-ops: 909919
      bogo-ops-per-second-usr-sys-time: 1896.526610
      bogo-ops-per-second-real-time: 45495.780718
      wall-clock-time: 20.000074
      user-time: 479.756839
      system-time: 0.024987
      cpu-usage-per-instance: 99.954175
      max-rss: 3260

...
