BaselineInfo:
  WebDBID: -1
  TimeStamp: 20241107174839
Version:
  Major: 11
  Minor: 0
  Build: 1002
  SpecialBuildName: ""
  ptArchitecture: x86_64_linux
Results:
  Results Complete: true
  NumTestProcesses: 1
  CPU_INTEGER_MATH: 3545.7873333333337
  CPU_FLOATINGPOINT_MATH: 2958.9768785477627
  CPU_PRIME: 10.866897097272918
  CPU_SORTING: 2086.7582215859311
  CPU_ENCRYPTION: 453.65653737450742
  CPU_COMPRESSION: 16900.950199130632
  CPU_SINGLETHREAD: 1633.2749106071549
  CPU_PHYSICS: 193.65210627187406
  CPU_MATRIX_MULT_SSE: 1322.6208670878229
  CPU_mm: 163.80214536703315
  CPU_sse: 627.81978540091097
  CPU_fma: 1959.1841070985231
  CPU_avx: 1340.5580254296349
  CPU_avx512: 1362.9215504222227
  m_CPU_enc_SHA: 249853665.52944511
  m_CPU_enc_AES: 960722719.76713669
  m_CPU_enc_ECDSA: 216503686.70545265
  ME_ALLOC_S: 664.35210745442305
  ME_READ_S: 21326.836718750001
  ME_READ_L: 11483.7470703125
  ME_WRITE: 10045.8095703125
  ME_LARGE: 18106
  ME_LATENCY: 50.442176388587576
  ME_THREADED: 11398.5791015625
  SUMM_CPU: 1443.3869117213126
  SUMM_ME: 1782.9101418954276
SystemInformation:
  OSName: Ubuntu 24.04.1 LTS
  Kernel: 6.8.0-1017-azure
  Device: ""
  Processor: Intel Xeon Platinum 8272CL CPU @ 2.60GHz
  NumSockets: 1
  Manufacturer: GenuineIntel
  NumCores: 1
  NumLogicals: 1
  CPUFrequency: 0
  Memory: 28062
  MemModuleInfo:
    iNumMemSticks: 2
    DIMM 1:
      manufacturer: Microsoft Corporation
      modulePartNo: None
      memType: Unknown
      size: 1
      clkspeed: 0
      moduleVoltage: 0
    DIMM 2:
      manufacturer: Microsoft Corporation
      modulePartNo: None
      memType: Unknown
      size: 27
      clkspeed: 0
      moduleVoltage: 0
Checksum: 689B2D9FBEB6A22E6298250AEE02D745EDFEC8A1