---
system-info:
      stress-ng-version: 0.17.08
      run-by: root
      date-yyyy-mm-dd: 2024:07:12
      time-hh-mm-ss: 15:32:28
      epoch-secs: 1720798348
      hostname: ip-172-31-57-15
      sysname: Linux
      nodename: ip-172-31-57-15
      release: 6.8.0-1010-aws
      version: '#10-Ubuntu SMP Thu Jun 13 17:36:15 UTC 2024'
      machine: x86_64
      compiler: 'musl-gcc 13.2.1'
      uptime: 156
      totalram: 1616572432384
      freeram: 1607590920192
      sharedram: 120672256
      bufferram: 134610944
      totalswap: 0
      freeswap: 0
      pagesize: 4096
      cpus: 192
      cpus-online: 192
      ticks-per-second: 100

metrics:
    - stressor: cpu
      bogo-ops: 61919
      bogo-ops-per-second-usr-sys-time: 3096.031890
      bogo-ops-per-second-real-time: 3095.937673
      wall-clock-time: 20.000080
      user-time: 19.999471
      system-time: 0.000000
      cpu-usage-per-instance: 99.996957
      max-rss: 0

...
