---
system-info:
      stress-ng-version: 0.17.08
      run-by: root
      date-yyyy-mm-dd: 2024:06:09
      time-hh-mm-ss: 20:56:37
      epoch-secs: 1717966597
      hostname: 59dd3ce2718e
      sysname: Linux
      nodename: 59dd3ce2718e
      release: 6.8.0-1008-aws
      version: '#8-Ubuntu SMP Sat Apr 20 00:46:25 UTC 2024'
      machine: x86_64
      compiler: 'musl-gcc 13.2.1'
      uptime: 125
      totalram: 1616572473344
      freeram: 1608243744768
      sharedram: 120688640
      bufferram: 114622464
      totalswap: 0
      freeswap: 0
      pagesize: 4096
      cpus: 192
      cpus-online: 192
      ticks-per-second: 100

metrics:
    - stressor: cpu
      bogo-ops: 17579
      bogo-ops-per-second-usr-sys-time: 1757.081025
      bogo-ops-per-second-real-time: 1757.064931
      wall-clock-time: 10.004753
      user-time: 10.001662
      system-time: 0.002999
      cpu-usage-per-instance: 99.999084
      max-rss: 3072

...
