BaselineInfo:
  WebDBID: -1
  TimeStamp: 20241109125756
Version:
  Major: 11
  Minor: 0
  Build: 1002
  SpecialBuildName: ""
  ptArchitecture: x86_64_linux
Results:
  Results Complete: true
  NumTestProcesses: 44
  CPU_INTEGER_MATH: 179739.95533333332
  CPU_FLOATINGPOINT_MATH: 153261.72121371675
  CPU_PRIME: 365.03073845767801
  CPU_SORTING: 105455.98036811281
  CPU_ENCRYPTION: 23084.53424968485
  CPU_COMPRESSION: 906689.17088700074
  CPU_SINGLETHREAD: 2104.0579905782456
  CPU_PHYSICS: 4641.102761310839
  CPU_MATRIX_MULT_SSE: 67929.222008241355
  CPU_mm: 8015.8285781599161
  CPU_sse: 29464.847284182571
  CPU_fma: 88598.538416591429
  CPU_avx: 61130.918258156751
  CPU_avx512: 92522.584074034618
  m_CPU_enc_SHA: 12704350086.3678
  m_CPU_enc_AES: 48786231676.382675
  m_CPU_enc_ECDSA: 11127083993.442142
  ME_ALLOC_S: 21515.770256619937
  ME_READ_S: 23931.813671874999
  ME_READ_L: 7247.4541015625
  ME_WRITE: 7998.57421875
  ME_LARGE: 342971.58333333331
  ME_LATENCY: 56.843362301463799
  ME_THREADED: 137440.67114257812
  SUMM_CPU: 48835.521165815037
  SUMM_ME: 2302.3394892165652
SystemInformation:
  OSName: Ubuntu 24.04.1 LTS
  Kernel: 6.8.0-1017-azure
  Device: ""
  Processor: Intel Xeon Platinum 8168 CPU @ 2.70GHz
  NumSockets: 2
  Manufacturer: GenuineIntel
  NumCores: 44
  NumLogicals: 44
  CPUFrequency: 0
  Memory: 354685
  MemModuleInfo:
    iNumMemSticks: 4
    DIMM 1:
      manufacturer: Microsoft Corporation
      modulePartNo: None
      memType: Unknown
      size: 1
      clkspeed: 0
      moduleVoltage: 0
    DIMM 2:
      manufacturer: Microsoft Corporation
      modulePartNo: None
      memType: Unknown
      size: 60928
      clkspeed: 0
      moduleVoltage: 0
    DIMM 3:
      manufacturer: Microsoft Corporation
      modulePartNo: None
      memType: Unknown
      size: 118272
      clkspeed: 0
      moduleVoltage: 0
    DIMM 4:
      manufacturer: Microsoft Corporation
      modulePartNo: None
      memType: Unknown
      size: 176
      clkspeed: 0
      moduleVoltage: 0
Checksum: 036E964E04EDE20D50DB02FE65F6A72F51A7F38C