---
system-info:
      stress-ng-version: 0.17.08
      run-by: root
      date-yyyy-mm-dd: 2024:09:16
      time-hh-mm-ss: 17:58:12
      epoch-secs: 1726509492
      hostname: sc-runner
      sysname: Linux
      nodename: sc-runner
      release: 6.8.0-1014-azure
      version: '#16-Ubuntu SMP Thu Aug 15 20:04:41 UTC 2024'
      machine: x86_64
      compiler: 'musl-gcc 13.2.1'
      uptime: 320
      totalram: 67420598272
      freeram: 57192005632
      sharedram: 42160128
      bufferram: 234196992
      totalswap: 0
      freeswap: 0
      pagesize: 4096
      cpus: 16
      cpus-online: 16
      ticks-per-second: 100

metrics:
    - stressor: cpu
      bogo-ops: 262453
      bogo-ops-per-second-usr-sys-time: 821.818868
      bogo-ops-per-second-real-time: 13122.575137
      wall-clock-time: 20.000114
      user-time: 319.320282
      system-time: 0.035978
      cpu-usage-per-instance: 99.798262
      max-rss: 3252

...
