---
system-info:
      stress-ng-version: 0.17.08
      run-by: root
      date-yyyy-mm-dd: 2024:09:05
      time-hh-mm-ss: 16:32:28
      epoch-secs: 1725553948
      hostname: sc-runner
      sysname: Linux
      nodename: sc-runner
      release: 6.8.0-1013-azure
      version: '#15-Ubuntu SMP Thu Aug  8 18:40:40 UTC 2024'
      machine: x86_64
      compiler: 'musl-gcc 13.2.1'
      uptime: 354
      totalram: 67420598272
      freeram: 58721595392
      sharedram: 42164224
      bufferram: 222527488
      totalswap: 0
      freeswap: 0
      pagesize: 4096
      cpus: 16
      cpus-online: 16
      ticks-per-second: 100

metrics:
    - stressor: cpu
      bogo-ops: 262676
      bogo-ops-per-second-usr-sys-time: 822.186526
      bogo-ops-per-second-real-time: 13133.736150
      wall-clock-time: 20.000097
      user-time: 319.456700
      system-time: 0.027981
      cpu-usage-per-instance: 99.838477
      max-rss: 1104

...
