BaselineInfo:
  WebDBID: -1
  TimeStamp: 20251219090222
Version:
  Major: 11
  Minor: 0
  Build: 1002
  SpecialBuildName: ""
  ptArchitecture: aarch64_linux
Results:
  Results Complete: true
  NumTestProcesses: 32
  CPU_INTEGER_MATH: 166912.92966666669
  CPU_FLOATINGPOINT_MATH: 193956.15760085342
  CPU_PRIME: 407.62608643489074
  CPU_SORTING: 147216.9547791387
  CPU_ENCRYPTION: 6061.1462692412215
  CPU_COMPRESSION: 212604.42174810256
  CPU_SINGLETHREAD: 1940.4958424684191
  CPU_PHYSICS: 9111.6375762802509
  CPU_MATRIX_MULT_SSE: 29422.402288461293
  CPU_mm: 3647.3570395273882
  CPU_sse: 23082.235250332025
  CPU_fma: 35762.569326590579
  CPU_avx: 0
  CPU_avx512: 0
  m_CPU_enc_SHA: 9554646353.5364227
  m_CPU_enc_AES: 3436365566.596458
  m_CPU_enc_ECDSA: 6075705611.1147738
  ME_ALLOC_S: 47436.586242936464
  ME_READ_S: 21174.647851562499
  ME_READ_L: 19501.40234375
  ME_WRITE: 21280.431640625
  ME_LARGE: 112766.08333333333
  ME_LATENCY: 48.089616972255953
  ME_THREADED: 395653.201171875
  SUMM_CPU: 26355.214594450445
  SUMM_ME: 3312.353154585383
SystemInformation:
  OSName: Ubuntu 24.04.2 LTS
  Kernel: 6.14.0-1018-aws
  Device: ""
  Processor: ARM Neoverse-V2 32 Core 0 MHz
  NumSockets: 1
  Manufacturer: ARM
  NumCores: 32
  NumLogicals: 32
  CPUFrequency: 0
  Memory: 126503
Checksum: 88631127CD5371F72A4E4FAF5F55BF3FC3C23601