---
system-info:
      stress-ng-version: 0.17.08
      run-by: root
      date-yyyy-mm-dd: 2024:06:10
      time-hh-mm-ss: 05:42:18
      epoch-secs: 1717998138
      hostname: 9ef8cad56a25
      sysname: Linux
      nodename: 9ef8cad56a25
      release: 6.8.0-1008-aws
      version: '#8-Ubuntu SMP Sat Apr 20 00:46:25 UTC 2024'
      machine: x86_64
      compiler: 'musl-gcc 13.2.1'
      uptime: 170
      totalram: 16555896832
      freeram: 12054331392
      sharedram: 29192192
      bufferram: 116088832
      totalswap: 0
      freeswap: 0
      pagesize: 4096
      cpus: 2
      cpus-online: 2
      ticks-per-second: 100

metrics:
    - stressor: cpu
      bogo-ops: 17898
      bogo-ops-per-second-usr-sys-time: 1789.566462
      bogo-ops-per-second-real-time: 1789.266928
      wall-clock-time: 10.002979
      user-time: 9.999305
      system-time: 0.002000
      cpu-usage-per-instance: 99.983262
      max-rss: 3920

...
