---
system-info:
      stress-ng-version: 0.17.08
      run-by: root
      date-yyyy-mm-dd: 2024:06:16
      time-hh-mm-ss: 08:23:12
      epoch-secs: 1718526192
      hostname: 9e976602cb06
      sysname: Linux
      nodename: 9e976602cb06
      release: 6.8.0-1008-aws
      version: '#8-Ubuntu SMP Sat Apr 20 00:46:25 UTC 2024'
      machine: x86_64
      compiler: 'musl-gcc 13.2.1'
      uptime: 146
      totalram: 16555905024
      freeram: 12255059968
      sharedram: 29192192
      bufferram: 110641152
      totalswap: 0
      freeswap: 0
      pagesize: 4096
      cpus: 2
      cpus-online: 2
      ticks-per-second: 100

metrics:
    - stressor: cpu
      bogo-ops: 33017
      bogo-ops-per-second-usr-sys-time: 1650.980923
      bogo-ops-per-second-real-time: 1650.843899
      wall-clock-time: 20.000074
      user-time: 19.998414
      system-time: 0.000000
      cpu-usage-per-instance: 99.991700
      max-rss: 1104

...
