BaselineInfo:
  WebDBID: -1
  TimeStamp: 20250228174850
Version:
  Major: 11
  Minor: 0
  Build: 1002
  SpecialBuildName: ""
  ptArchitecture: x86_64_linux
Results:
  Results Complete: true
  NumTestProcesses: 20
  CPU_INTEGER_MATH: 94087.51966666666
  CPU_FLOATINGPOINT_MATH: 64278.091126929699
  CPU_PRIME: 297.92584324385797
  CPU_SORTING: 55956.785745783338
  CPU_ENCRYPTION: 23254.0313222886
  CPU_COMPRESSION: 417470.62192147394
  CPU_SINGLETHREAD: 2175.9331350844564
  CPU_PHYSICS: 4115.284775724318
  CPU_MATRIX_MULT_SSE: 35833.884667128215
  CPU_mm: 4056.0534812027781
  CPU_sse: 16090.302858504905
  CPU_fma: 51688.918121803021
  CPU_avx: 39722.433021076708
  CPU_avx512: 0
  m_CPU_enc_SHA: 32841943692.467407
  m_CPU_enc_AES: 21164425025.45425
  m_CPU_enc_ECDSA: 19144488725.478615
  ME_ALLOC_S: 11316.858741642933
  ME_READ_S: 25111.381054687499
  ME_READ_L: 8910.138671875
  ME_WRITE: 8923.0869140625
  ME_LARGE: 52442.25
  ME_LATENCY: 88.14143957634748
  ME_THREADED: 53119.724853515625
  SUMM_CPU: 33209.564571143863
  SUMM_ME: 1939.1385862012405
SystemInformation:
  OSName: Ubuntu 24.04.1 LTS
  Kernel: 6.8.0-31-generic
  Device: ""
  Processor: AMD EPYC 7542 32-Core Processor
  NumSockets: 1
  Manufacturer: AuthenticAMD
  NumCores: 20
  NumLogicals: 20
  CPUFrequency: 0
  Memory: 64258
  MemModuleInfo:
    iNumMemSticks: 4
    DIMM 1:
      manufacturer: QEMU
      modulePartNo: Not Specified
      memType: RAM
      size: 16
      clkspeed: 0
      moduleVoltage: 0
    DIMM 2:
      manufacturer: QEMU
      modulePartNo: Not Specified
      memType: RAM
      size: 16
      clkspeed: 0
      moduleVoltage: 0
    DIMM 3:
      manufacturer: QEMU
      modulePartNo: Not Specified
      memType: RAM
      size: 16
      clkspeed: 0
      moduleVoltage: 0
    DIMM 4:
      manufacturer: QEMU
      modulePartNo: Not Specified
      memType: RAM
      size: 16
      clkspeed: 0
      moduleVoltage: 0
Checksum: 7524A5F1E5FC372C12E071D69C444988EA387C2D