BaselineInfo:
  WebDBID: -1
  TimeStamp: 20241109164200
Version:
  Major: 11
  Minor: 0
  Build: 1002
  SpecialBuildName: ""
  ptArchitecture: x86_64_linux
Results:
  Results Complete: true
  NumTestProcesses: 64
  CPU_INTEGER_MATH: 268482.85533333325
  CPU_FLOATINGPOINT_MATH: 137258.63643719954
  CPU_PRIME: 263.37037125353157
  CPU_SORTING: 122596.89956500435
  CPU_ENCRYPTION: 55723.369633643255
  CPU_COMPRESSION: 953358.30138322595
  CPU_SINGLETHREAD: 2428.8514680987555
  CPU_PHYSICS: 4178.1012873267373
  CPU_MATRIX_MULT_SSE: 53693.736819930848
  CPU_mm: 5591.0383738998898
  CPU_sse: 23596.356986322629
  CPU_fma: 62973.21185933621
  CPU_avx: 48766.639875489818
  CPU_avx512: 79438.738558574725
  m_CPU_enc_SHA: 57617895923.26136
  m_CPU_enc_AES: 82662660846.630066
  m_CPU_enc_ECDSA: 35010007341.009872
  ME_ALLOC_S: 26238.0649060955
  ME_READ_S: 24257.624609375001
  ME_READ_L: 11710.513671875
  ME_WRITE: 10540.7763671875
  ME_LARGE: 114370.33333333333
  ME_LATENCY: 58.477155954091153
  ME_THREADED: 165641.3681640625
  SUMM_CPU: 57605.740822327658
  SUMM_ME: 2638.0427882664358
SystemInformation:
  OSName: Ubuntu 24.04.1 LTS
  Kernel: 6.8.0-1016-aws
  Device: ""
  Processor: Intel Xeon Platinum 8375C CPU @ 2.90GHz
  NumSockets: 1
  Manufacturer: GenuineIntel
  NumCores: 32
  NumLogicals: 64
  CPUFrequency: 0
  Memory: 126743
  MemModuleInfo:
    iNumMemSticks: 1
    DIMM 1:
      manufacturer: Not Specified
      modulePartNo: Not Specified
      memType: DDR4
      size: 128
      clkspeed: 1600
      moduleVoltage: 0
Checksum: 7761734DDFFC896114FDDFA418507355AF0A75EF