---
system-info:
      stress-ng-version: 0.17.08
      run-by: root
      date-yyyy-mm-dd: 2024:09:07
      time-hh-mm-ss: 10:57:58
      epoch-secs: 1725706678
      hostname: ip-172-31-33-165
      sysname: Linux
      nodename: ip-172-31-33-165
      release: 6.8.0-1014-aws
      version: '#15-Ubuntu SMP Thu Aug  8 20:05:03 UTC 2024'
      machine: aarch64
      compiler: 'musl-gcc 13.2.1'
      uptime: 173
      totalram: 132642668544
      freeram: 123703410688
      sharedram: 35225600
      bufferram: 221130752
      totalswap: 0
      freeswap: 0
      pagesize: 4096
      cpus: 64
      cpus-online: 64
      ticks-per-second: 100

metrics:
    - stressor: cpu
      bogo-ops: 1958722
      bogo-ops-per-second-usr-sys-time: 1530.675477
      bogo-ops-per-second-real-time: 97935.734012
      wall-clock-time: 20.000075
      user-time: 1279.620523
      system-time: 0.024986
      cpu-usage-per-instance: 99.971932
      max-rss: 1024

...
