---
system-info:
      stress-ng-version: 0.17.08
      run-by: root
      date-yyyy-mm-dd: 2024:09:10
      time-hh-mm-ss: 19:55:29
      epoch-secs: 1725998129
      hostname: ip-172-31-46-134
      sysname: Linux
      nodename: ip-172-31-46-134
      release: 6.8.0-1014-aws
      version: '#15-Ubuntu SMP Thu Aug  8 20:05:03 UTC 2024'
      machine: aarch64
      compiler: 'musl-gcc 13.2.1'
      uptime: 234
      totalram: 132642668544
      freeram: 123679264768
      sharedram: 35225600
      bufferram: 218755072
      totalswap: 0
      freeswap: 0
      pagesize: 4096
      cpus: 64
      cpus-online: 64
      ticks-per-second: 100

metrics:
    - stressor: cpu
      bogo-ops: 1958492
      bogo-ops-per-second-usr-sys-time: 1530.462619
      bogo-ops-per-second-real-time: 97924.244269
      wall-clock-time: 20.000073
      user-time: 1279.648217
      system-time: 0.024985
      cpu-usage-per-instance: 99.974106
      max-rss: 512

...
