---
system-info:
      stress-ng-version: 0.17.08
      run-by: root
      date-yyyy-mm-dd: 2024:09:09
      time-hh-mm-ss: 07:00:29
      epoch-secs: 1725865229
      hostname: ip-172-31-55-65
      sysname: Linux
      nodename: ip-172-31-55-65
      release: 6.8.0-1014-aws
      version: '#15-Ubuntu SMP Thu Aug  8 19:13:06 UTC 2024'
      machine: x86_64
      compiler: 'musl-gcc 13.2.1'
      uptime: 257
      totalram: 532511703040
      freeram: 522604527616
      sharedram: 115240960
      bufferram: 226680832
      totalswap: 0
      freeswap: 0
      pagesize: 4096
      cpus: 128
      cpus-online: 128
      ticks-per-second: 100

metrics:
    - stressor: cpu
      bogo-ops: 37834
      bogo-ops-per-second-usr-sys-time: 1891.638049
      bogo-ops-per-second-real-time: 1891.693077
      wall-clock-time: 20.000073
      user-time: 20.000655
      system-time: 0.000000
      cpu-usage-per-instance: 100.002909
      max-rss: 0

...
