---
system-info:
      stress-ng-version: 0.17.08
      run-by: root
      date-yyyy-mm-dd: 2024:09:12
      time-hh-mm-ss: 14:07:31
      epoch-secs: 1726150051
      hostname: ip-172-31-59-192
      sysname: Linux
      nodename: ip-172-31-59-192
      release: 6.8.0-1014-aws
      version: '#15-Ubuntu SMP Thu Aug  8 19:13:06 UTC 2024'
      machine: x86_64
      compiler: 'musl-gcc 13.2.1'
      uptime: 270
      totalram: 532511703040
      freeram: 521218314240
      sharedram: 115204096
      bufferram: 225062912
      totalswap: 0
      freeswap: 0
      pagesize: 4096
      cpus: 128
      cpus-online: 128
      ticks-per-second: 100

metrics:
    - stressor: cpu
      bogo-ops: 37843
      bogo-ops-per-second-usr-sys-time: 1892.121429
      bogo-ops-per-second-real-time: 1892.142624
      wall-clock-time: 20.000078
      user-time: 20.000302
      system-time: 0.000000
      cpu-usage-per-instance: 100.001120
      max-rss: 0

...
