---
system-info:
      stress-ng-version: 0.17.08
      run-by: root
      date-yyyy-mm-dd: 2024:06:15
      time-hh-mm-ss: 20:22:21
      epoch-secs: 1718482941
      hostname: 1e2ea24e0e80
      sysname: Linux
      nodename: 1e2ea24e0e80
      release: 6.8.0-1008-aws
      version: '#8-Ubuntu SMP Sat Apr 20 00:46:25 UTC 2024'
      machine: x86_64
      compiler: 'musl-gcc 13.2.1'
      uptime: 119
      totalram: 1081992302592
      freeram: 1074726592512
      sharedram: 117280768
      bufferram: 108945408
      totalswap: 0
      freeswap: 0
      pagesize: 4096
      cpus: 128
      cpus-online: 128
      ticks-per-second: 100

metrics:
    - stressor: cpu
      bogo-ops: 2497938
      bogo-ops-per-second-usr-sys-time: 976.101649
      bogo-ops-per-second-real-time: 124896.450602
      wall-clock-time: 20.000072
      user-time: 2559.054203
      system-time: 0.041975
      cpu-usage-per-instance: 99.964335
      max-rss: 0

...
