---
system-info:
      stress-ng-version: 0.17.08
      run-by: root
      date-yyyy-mm-dd: 2024:06:09
      time-hh-mm-ss: 17:55:04
      epoch-secs: 1717955704
      hostname: 4df5e37f032c
      sysname: Linux
      nodename: 4df5e37f032c
      release: 6.8.0-1008-aws
      version: '#8-Ubuntu SMP Sat Apr 20 00:46:25 UTC 2024'
      machine: x86_64
      compiler: 'musl-gcc 13.2.1'
      uptime: 113
      totalram: 1081992302592
      freeram: 1074353786880
      sharedram: 117280768
      bufferram: 110252032
      totalswap: 0
      freeswap: 0
      pagesize: 4096
      cpus: 128
      cpus-online: 128
      ticks-per-second: 100

metrics:
    - stressor: cpu
      bogo-ops: 1561644
      bogo-ops-per-second-usr-sys-time: 1221.011045
      bogo-ops-per-second-real-time: 156142.149832
      wall-clock-time: 10.001425
      user-time: 1278.827203
      system-time: 0.148943
      cpu-usage-per-instance: 99.905775
      max-rss: 3072

...
