---
system-info:
      stress-ng-version: 0.17.08
      run-by: root
      date-yyyy-mm-dd: 2024:06:08
      time-hh-mm-ss: 19:42:19
      epoch-secs: 1717875739
      hostname: f34dda3cbe8b
      sysname: Linux
      nodename: f34dda3cbe8b
      release: 6.8.0-1008-aws
      version: '#8-Ubuntu SMP Sat Apr 20 00:46:25 UTC 2024'
      machine: x86_64
      compiler: 'musl-gcc 13.2.1'
      uptime: 112
      totalram: 65976553472
      freeram: 61468905472
      sharedram: 37101568
      bufferram: 104964096
      totalswap: 0
      freeswap: 0
      pagesize: 4096
      cpus: 16
      cpus-online: 16
      ticks-per-second: 100

metrics:
    - stressor: cpu
      bogo-ops: 286000
      bogo-ops-per-second-usr-sys-time: 1789.443324
      bogo-ops-per-second-real-time: 28597.002101
      wall-clock-time: 10.001048
      user-time: 159.799260
      system-time: 0.026981
      cpu-usage-per-instance: 99.880930
      max-rss: 3920

...
