---
system-info:
      stress-ng-version: 0.17.08
      run-by: root
      date-yyyy-mm-dd: 2024:06:15
      time-hh-mm-ss: 04:25:34
      epoch-secs: 1718425534
      hostname: 1bf10a8a433b
      sysname: Linux
      nodename: 1bf10a8a433b
      release: 6.8.0-1008-aws
      version: '#8-Ubuntu SMP Sat Apr 20 00:46:25 UTC 2024'
      machine: x86_64
      compiler: 'musl-gcc 13.2.1'
      uptime: 109
      totalram: 65976557568
      freeram: 61511811072
      sharedram: 37101568
      bufferram: 108589056
      totalswap: 0
      freeswap: 0
      pagesize: 4096
      cpus: 16
      cpus-online: 16
      ticks-per-second: 100

metrics:
    - stressor: cpu
      bogo-ops: 983639
      bogo-ops-per-second-usr-sys-time: 3077.001551
      bogo-ops-per-second-real-time: 49181.828014
      wall-clock-time: 20.000050
      user-time: 319.654531
      system-time: 0.019991
      cpu-usage-per-instance: 99.898040
      max-rss: 1104

...
