---
system-info:
      stress-ng-version: 0.17.08
      run-by: root
      date-yyyy-mm-dd: 2024:09:24
      time-hh-mm-ss: 02:52:53
      epoch-secs: 1727146373
      hostname: sc-runner
      sysname: Linux
      nodename: sc-runner
      release: 6.8.0-1014-azure
      version: '#16-Ubuntu SMP Thu Aug 15 20:04:41 UTC 2024'
      machine: x86_64
      compiler: 'musl-gcc 13.2.1'
      uptime: 335
      totalram: 135060647936
      freeram: 124250386432
      sharedram: 42168320
      bufferram: 294592512
      totalswap: 0
      freeswap: 0
      pagesize: 4096
      cpus: 32
      cpus-online: 32
      ticks-per-second: 100

metrics:
    - stressor: cpu
      bogo-ops: 28321
      bogo-ops-per-second-usr-sys-time: 1416.110539
      bogo-ops-per-second-real-time: 1416.040783
      wall-clock-time: 20.000130
      user-time: 19.998146
      system-time: 0.000999
      cpu-usage-per-instance: 99.995074
      max-rss: 2824

...
