---
system-info:
      stress-ng-version: 0.17.08
      run-by: root
      date-yyyy-mm-dd: 2024:06:13
      time-hh-mm-ss: 11:55:12
      epoch-secs: 1718279712
      hostname: f6f465e0b412
      sysname: Linux
      nodename: f6f465e0b412
      release: 6.8.0-1008-aws
      version: '#8-Ubuntu SMP Sat Apr 20 00:46:25 UTC 2024'
      machine: x86_64
      compiler: 'musl-gcc 13.2.1'
      uptime: 147
      totalram: 16379027456
      freeram: 12043296768
      sharedram: 37851136
      bufferram: 107237376
      totalswap: 0
      freeswap: 0
      pagesize: 4096
      cpus: 4
      cpus-online: 4
      ticks-per-second: 100

metrics:
    - stressor: cpu
      bogo-ops: 26017
      bogo-ops-per-second-usr-sys-time: 1300.870944
      bogo-ops-per-second-real-time: 1300.845208
      wall-clock-time: 20.000074
      user-time: 19.999678
      system-time: 0.000000
      cpu-usage-per-instance: 99.998022
      max-rss: 1104

...
