---
system-info:
      stress-ng-version: 0.17.08
      run-by: root
      date-yyyy-mm-dd: 2024:06:07
      time-hh-mm-ss: 20:55:35
      epoch-secs: 1717793735
      hostname: 819d11055403
      sysname: Linux
      nodename: 819d11055403
      release: 6.8.0-1008-aws
      version: '#8-Ubuntu SMP Sat Apr 20 00:46:25 UTC 2024'
      machine: x86_64
      compiler: 'musl-gcc 13.2.1'
      uptime: 130
      totalram: 16555192320
      freeram: 12290543616
      sharedram: 40742912
      bufferram: 93401088
      totalswap: 0
      freeswap: 0
      pagesize: 4096
      cpus: 4
      cpus-online: 4
      ticks-per-second: 100

metrics:
    - stressor: cpu
      bogo-ops: 13852
      bogo-ops-per-second-usr-sys-time: 1384.661367
      bogo-ops-per-second-real-time: 1384.599753
      wall-clock-time: 10.004335
      user-time: 10.003890
      system-time: 0.000000
      cpu-usage-per-instance: 99.995550
      max-rss: 3792

...
