BaselineInfo:
  WebDBID: -1
  TimeStamp: 20241108073731
Version:
  Major: 11
  Minor: 0
  Build: 1002
  SpecialBuildName: ""
  ptArchitecture: x86_64_linux
Results:
  Results Complete: true
  NumTestProcesses: 16
  CPU_INTEGER_MATH: 66995.647333333342
  CPU_FLOATINGPOINT_MATH: 34247.990939307056
  CPU_PRIME: 117.03319678047686
  CPU_SORTING: 34499.90095965426
  CPU_ENCRYPTION: 14571.142022340788
  CPU_COMPRESSION: 245989.06096314132
  CPU_SINGLETHREAD: 2366.7870294407257
  CPU_PHYSICS: 2306.0361387219423
  CPU_MATRIX_MULT_SSE: 14043.290769818606
  CPU_mm: 1445.3375308399309
  CPU_sse: 6298.1849914260301
  CPU_fma: 17483.76286547838
  CPU_avx: 12906.335406367172
  CPU_avx512: 19484.87981600286
  m_CPU_enc_SHA: 14695296642.465542
  m_CPU_enc_AES: 22117727205.119537
  m_CPU_enc_ECDSA: 9023825604.068964
  ME_ALLOC_S: 7778.513728509568
  ME_READ_S: 24276.928515625001
  ME_READ_L: 11539.8486328125
  ME_WRITE: 10374.583984375
  ME_LARGE: 52982.5
  ME_LATENCY: 60.654441717459839
  ME_THREADED: 89273.4970703125
  SUMM_CPU: 20934.587730448231
  SUMM_ME: 2490.4682178522094
SystemInformation:
  OSName: Ubuntu 24.04.1 LTS
  Kernel: 6.8.0-1016-aws
  Device: ""
  Processor: Intel Xeon Platinum 8375C CPU @ 2.90GHz
  NumSockets: 1
  Manufacturer: GenuineIntel
  NumCores: 8
  NumLogicals: 16
  CPUFrequency: 0
  Memory: 63258
  MemModuleInfo:
    iNumMemSticks: 1
    DIMM 1:
      manufacturer: Not Specified
      modulePartNo: Not Specified
      memType: DDR4
      size: 64
      clkspeed: 1600
      moduleVoltage: 0
Checksum: 2DECA35C9285A88AF6454B8FE74B425D769A38F7