---
system-info:
      stress-ng-version: 0.17.08
      run-by: root
      date-yyyy-mm-dd: 2024:07:09
      time-hh-mm-ss: 22:57:17
      epoch-secs: 1720565837
      hostname: m3-megamem-128-43bedb7
      sysname: Linux
      nodename: m3-megamem-128-43bedb7
      release: 6.8.0-1009-gcp
      version: '#10-Ubuntu SMP Wed Jun 12 18:52:23 UTC 2024'
      machine: x86_64
      compiler: 'musl-gcc 13.2.1'
      uptime: 150
      totalram: 2063025668096
      freeram: 2055551029248
      sharedram: 115765248
      bufferram: 133582848
      totalswap: 0
      freeswap: 0
      pagesize: 4096
      cpus: 128
      cpus-online: 128
      ticks-per-second: 100

metrics:
    - stressor: cpu
      bogo-ops: 2413925
      bogo-ops-per-second-usr-sys-time: 943.256051
      bogo-ops-per-second-real-time: 120695.757546
      wall-clock-time: 20.000082
      user-time: 2559.122768
      system-time: 0.017984
      cpu-usage-per-instance: 99.966028
      max-rss: 0

...
