---
system-info:
      stress-ng-version: 0.17.08
      run-by: root
      date-yyyy-mm-dd: 2024:06:04
      time-hh-mm-ss: 21:27:14
      epoch-secs: 1717536434
      hostname: 6fc7c3d20d0d
      sysname: Linux
      nodename: 6fc7c3d20d0d
      release: 6.8.0-1008-aws
      version: '#8-Ubuntu SMP Sat Apr 20 02:43:14 UTC 2024'
      machine: aarch64
      compiler: 'musl-gcc 13.2.1'
      uptime: 224
      totalram: 16170778624
      freeram: 12139806720
      sharedram: 3567616
      bufferram: 78635008
      totalswap: 0
      freeswap: 0
      pagesize: 4096
      cpus: 8
      cpus-online: 8
      ticks-per-second: 100

metrics:
    - stressor: cpu
      bogo-ops: 2056
      bogo-ops-per-second-usr-sys-time: 202.427057
      bogo-ops-per-second-real-time: 202.423950
      wall-clock-time: 10.156901
      user-time: 10.154745
      system-time: 0.002000
      cpu-usage-per-instance: 99.998465
      max-rss: 4008

...
