---
system-info:
      stress-ng-version: 0.17.08
      run-by: root
      date-yyyy-mm-dd: 2024:06:13
      time-hh-mm-ss: 23:22:58
      epoch-secs: 1718320978
      hostname: edc45e3422da
      sysname: Linux
      nodename: edc45e3422da
      release: 6.8.0-1008-aws
      version: '#8-Ubuntu SMP Sat Apr 20 02:43:14 UTC 2024'
      machine: aarch64
      compiler: 'musl-gcc 13.2.1'
      uptime: 219
      totalram: 16170778624
      freeram: 11932975104
      sharedram: 3526656
      bufferram: 107249664
      totalswap: 0
      freeswap: 0
      pagesize: 4096
      cpus: 8
      cpus-online: 8
      ticks-per-second: 100

metrics:
    - stressor: cpu
      bogo-ops: 29839
      bogo-ops-per-second-usr-sys-time: 1491.992969
      bogo-ops-per-second-real-time: 1491.941961
      wall-clock-time: 20.000108
      user-time: 19.999424
      system-time: 0.000000
      cpu-usage-per-instance: 99.996581
      max-rss: 1192

...
