BaselineInfo:
  WebDBID: -1
  TimeStamp: 20241107220837
Version:
  Major: 11
  Minor: 0
  Build: 1002
  SpecialBuildName: ""
  ptArchitecture: x86_64_linux
Results:
  Results Complete: true
  NumTestProcesses: 2
  CPU_INTEGER_MATH: 5594.7526666666672
  CPU_FLOATINGPOINT_MATH: 4158.3498325203263
  CPU_PRIME: 21.579384402130188
  CPU_SORTING: 3967.2379677463159
  CPU_ENCRYPTION: 530.0241770150883
  CPU_COMPRESSION: 28468.01024164294
  CPU_SINGLETHREAD: 1499.751298769183
  CPU_PHYSICS: 301.25405823625681
  CPU_MATRIX_MULT_SSE: 1729.0385708454614
  CPU_mm: 257.25343601545239
  CPU_sse: 991.57837254970229
  CPU_fma: 2532.3428137497326
  CPU_avx: 1663.1945262369497
  CPU_avx512: 0
  m_CPU_enc_SHA: 377238714.70064193
  m_CPU_enc_AES: 961387130.17843688
  m_CPU_enc_ECDSA: 328686049.43424094
  ME_ALLOC_S: 1067.2796233111158
  ME_READ_S: 17579.826953125001
  ME_READ_L: 8446.84375
  ME_WRITE: 7232.810546875
  ME_LARGE: 18121.583333333332
  ME_LATENCY: 68.250525795479618
  ME_THREADED: 15917.1357421875
  SUMM_CPU: 2083.8766779858975
  SUMM_ME: 1621.4892607530908
SystemInformation:
  OSName: Ubuntu 24.04.1 LTS
  Kernel: 6.8.0-1017-azure
  Device: ""
  Processor: Intel Xeon CPU E5-2698B v3 @ 2.00GHz
  NumSockets: 1
  Manufacturer: GenuineIntel
  NumCores: 2
  NumLogicals: 2
  CPUFrequency: 0
  Memory: 28062
  MemModuleInfo:
    iNumMemSticks: 2
    DIMM 1:
      manufacturer: Microsoft Corporation
      modulePartNo: None
      memType: Unknown
      size: 1
      clkspeed: 0
      moduleVoltage: 0
    DIMM 2:
      manufacturer: Microsoft Corporation
      modulePartNo: None
      memType: Unknown
      size: 27
      clkspeed: 0
      moduleVoltage: 0
Checksum: 4B3BA543B97893BD13AC9DF1ED86470AFB8805A7