---
system-info:
      stress-ng-version: 0.17.08
      run-by: root
      date-yyyy-mm-dd: 2024:08:30
      time-hh-mm-ss: 10:21:54
      epoch-secs: 1725013314
      hostname: sc-runner
      sysname: Linux
      nodename: sc-runner
      release: 6.8.0-1013-azure
      version: '#15-Ubuntu SMP Thu Aug  8 18:40:40 UTC 2024'
      machine: x86_64
      compiler: 'musl-gcc 13.2.1'
      uptime: 392
      totalram: 4102787072
      freeram: 239931392
      sharedram: 57098240
      bufferram: 184164352
      totalswap: 0
      freeswap: 0
      pagesize: 4096
      cpus: 2
      cpus-online: 2
      ticks-per-second: 100

metrics:
    - stressor: cpu
      bogo-ops: 30462
      bogo-ops-per-second-usr-sys-time: 775.043843
      bogo-ops-per-second-real-time: 1523.085547
      wall-clock-time: 20.000190
      user-time: 39.272146
      system-time: 0.031437
      cpu-usage-per-instance: 98.258025
      max-rss: 3252

...
