---
system-info:
      stress-ng-version: 0.17.08
      run-by: root
      date-yyyy-mm-dd: 2024:06:08
      time-hh-mm-ss: 08:24:59
      epoch-secs: 1717835099
      hostname: ea51bcf7268b
      sysname: Linux
      nodename: ea51bcf7268b
      release: 6.8.0-1008-aws
      version: '#8-Ubuntu SMP Sat Apr 20 00:46:25 UTC 2024'
      machine: x86_64
      compiler: 'musl-gcc 13.2.1'
      uptime: 222
      totalram: 437194752
      freeram: 15790080
      sharedram: 40714240
      bufferram: 368640
      totalswap: 0
      freeswap: 0
      pagesize: 4096
      cpus: 2
      cpus-online: 2
      ticks-per-second: 100

metrics:
    - stressor: cpu
      bogo-ops: 11619
      bogo-ops-per-second-usr-sys-time: 1162.874954
      bogo-ops-per-second-real-time: 1161.469230
      wall-clock-time: 10.003709
      user-time: 9.985892
      system-time: 0.005724
      cpu-usage-per-instance: 99.879116
      max-rss: 3792

...
