---
system-info:
      stress-ng-version: 0.17.08
      run-by: root
      date-yyyy-mm-dd: 2024:06:04
      time-hh-mm-ss: 13:55:58
      epoch-secs: 1717509358
      hostname: 57b6fa6a877d
      sysname: Linux
      nodename: 57b6fa6a877d
      release: 6.8.0-1008-aws
      version: '#8-Ubuntu SMP Sat Apr 20 00:46:25 UTC 2024'
      machine: x86_64
      compiler: 'musl-gcc 13.2.1'
      uptime: 2365
      totalram: 437194752
      freeram: 8376320
      sharedram: 40751104
      bufferram: 835584
      totalswap: 0
      freeswap: 0
      pagesize: 4096
      cpus: 2
      cpus-online: 2
      ticks-per-second: 100

metrics:
    - stressor: cpu
      bogo-ops: 10312
      bogo-ops-per-second-usr-sys-time: 1034.533889
      bogo-ops-per-second-real-time: 1030.398612
      wall-clock-time: 10.007777
      user-time: 9.953146
      system-time: 0.014628
      cpu-usage-per-instance: 99.600276
      max-rss: 3664

...
