---
system-info:
      stress-ng-version: 0.17.08
      run-by: root
      date-yyyy-mm-dd: 2024:06:04
      time-hh-mm-ss: 15:03:25
      epoch-secs: 1717513405
      hostname: e4596adb061a
      sysname: Linux
      nodename: e4596adb061a
      release: 6.8.0-1008-aws
      version: '#8-Ubuntu SMP Sat Apr 20 00:46:25 UTC 2024'
      machine: x86_64
      compiler: 'musl-gcc 13.2.1'
      uptime: 1714
      totalram: 437194752
      freeram: 5320704
      sharedram: 40751104
      bufferram: 397312
      totalswap: 0
      freeswap: 0
      pagesize: 4096
      cpus: 2
      cpus-online: 2
      ticks-per-second: 100

metrics:
    - stressor: cpu
      bogo-ops: 6564
      bogo-ops-per-second-usr-sys-time: 1016.301230
      bogo-ops-per-second-real-time: 654.593086
      wall-clock-time: 10.027604
      user-time: 6.324232
      system-time: 0.134483
      cpu-usage-per-instance: 64.409357
      max-rss: 3536

...
