---
system-info:
      stress-ng-version: 0.17.08
      run-by: root
      date-yyyy-mm-dd: 2024:06:13
      time-hh-mm-ss: 21:22:52
      epoch-secs: 1718313772
      hostname: 4cd1d9827a58
      sysname: Linux
      nodename: 4cd1d9827a58
      release: 6.8.0-1008-aws
      version: '#8-Ubuntu SMP Sat Apr 20 00:46:25 UTC 2024'
      machine: x86_64
      compiler: 'musl-gcc 13.2.1'
      uptime: 240
      totalram: 437194752
      freeram: 8126464
      sharedram: 40714240
      bufferram: 544768
      totalswap: 0
      freeswap: 0
      pagesize: 4096
      cpus: 2
      cpus-online: 2
      ticks-per-second: 100

metrics:
    - stressor: cpu
      bogo-ops: 19417
      bogo-ops-per-second-usr-sys-time: 970.978849
      bogo-ops-per-second-real-time: 970.308920
      wall-clock-time: 20.011153
      user-time: 19.993464
      system-time: 0.003882
      cpu-usage-per-instance: 99.931005
      max-rss: 976

...
