BaselineInfo:
  WebDBID: -1
  TimeStamp: 20250212080911
Version:
  Major: 11
  Minor: 0
  Build: 1002
  SpecialBuildName: ""
  ptArchitecture: x86_64_linux
Results:
  Results Complete: true
  NumTestProcesses: 2
  CPU_INTEGER_MATH: 9522.0466666666671
  CPU_FLOATINGPOINT_MATH: 6757.7608463178221
  CPU_PRIME: 19.191229280430278
  CPU_SORTING: 4811.56170126696
  CPU_ENCRYPTION: 2116.5573234095914
  CPU_COMPRESSION: 35744.951429341811
  CPU_SINGLETHREAD: 2891.6241343328165
  CPU_PHYSICS: 478.50419224409393
  CPU_MATRIX_MULT_SSE: 2734.2927565807477
  CPU_mm: 266.95562409573603
  CPU_sse: 1161.0640938311722
  CPU_fma: 3294.610027431027
  CPU_avx: 2450.2928319337298
  CPU_avx512: 4031.2040731270627
  m_CPU_enc_SHA: 2219376933.5099034
  m_CPU_enc_AES: 2881068667.1128616
  m_CPU_enc_ECDSA: 1557668035.2318425
  ME_ALLOC_S: 1604.8251807741633
  ME_READ_S: 25928.400195312501
  ME_READ_L: 10406.021484375
  ME_WRITE: 9450.2255859375
  ME_LARGE: 5030
  ME_LATENCY: 61.998268338455908
  ME_THREADED: 15840.154296875
  SUMM_CPU: 3745.494935973099
  SUMM_ME: 1790.9268475273441
SystemInformation:
  OSName: Ubuntu 24.04.1 LTS
  Kernel: 6.8.0-1021-azure
  Device: ""
  Processor: INTEL XEON PLATINUM 8573C
  NumSockets: 1
  Manufacturer: GenuineIntel
  NumCores: 1
  NumLogicals: 2
  CPUFrequency: 2300
  Memory: 15989
  MemModuleInfo:
    iNumMemSticks: 2
    DIMM 1:
      manufacturer: Microsoft Corporation
      modulePartNo: None
      memType: Unknown
      size: 1
      clkspeed: 0
      moduleVoltage: 0
    DIMM 2:
      manufacturer: Microsoft Corporation
      modulePartNo: None
      memType: Unknown
      size: 15
      clkspeed: 0
      moduleVoltage: 0
Checksum: 86E9BD3391696A2E67270E7BA3CA197381E0C415