---
system-info:
      stress-ng-version: 0.17.08
      run-by: root
      date-yyyy-mm-dd: 2024:09:16
      time-hh-mm-ss: 21:00:45
      epoch-secs: 1726520445
      hostname: sc-runner
      sysname: Linux
      nodename: sc-runner
      release: 6.8.0-1014-azure
      version: '#16-Ubuntu SMP Thu Aug 15 20:04:41 UTC 2024'
      machine: x86_64
      compiler: 'musl-gcc 13.2.1'
      uptime: 321
      totalram: 135069114368
      freeram: 124813729792
      sharedram: 42090496
      bufferram: 240578560
      totalswap: 0
      freeswap: 0
      pagesize: 4096
      cpus: 8
      cpus-online: 8
      ticks-per-second: 100

metrics:
    - stressor: cpu
      bogo-ops: 131064
      bogo-ops-per-second-usr-sys-time: 822.722188
      bogo-ops-per-second-real-time: 6553.154749
      wall-clock-time: 20.000138
      user-time: 159.287301
      system-time: 0.017993
      cpu-usage-per-instance: 99.565121
      max-rss: 1104

...
