---
system-info:
      stress-ng-version: 0.17.08
      run-by: root
      date-yyyy-mm-dd: 2024:07:09
      time-hh-mm-ss: 18:21:53
      epoch-secs: 1720549313
      hostname: ip-172-31-12-244
      sysname: Linux
      nodename: ip-172-31-12-244
      release: 6.8.0-1009-aws
      version: '#9-Ubuntu SMP Fri May 17 20:15:49 UTC 2024'
      machine: aarch64
      compiler: 'musl-gcc 13.2.1'
      uptime: 120
      totalram: 398370955264
      freeram: 392722276352
      sharedram: 39657472
      bufferram: 133488640
      totalswap: 0
      freeswap: 0
      pagesize: 4096
      cpus: 48
      cpus-online: 48
      ticks-per-second: 100

metrics:
    - stressor: cpu
      bogo-ops: 1637436
      bogo-ops-per-second-usr-sys-time: 1706.026648
      bogo-ops-per-second-real-time: 81871.520340
      wall-clock-time: 20.000068
      user-time: 959.783099
      system-time: 0.011991
      cpu-usage-per-instance: 99.978314
      max-rss: 1152

...
