BaselineInfo:
  WebDBID: -1
  TimeStamp: 20250730001354
Version:
  Major: 11
  Minor: 0
  Build: 1002
  SpecialBuildName: ""
  ptArchitecture: x86_64_linux
Results:
  Results Complete: true
  NumTestProcesses: 8
  CPU_INTEGER_MATH: 33351.705666666661
  CPU_FLOATINGPOINT_MATH: 19017.9606211758
  CPU_PRIME: 71.434302195370876
  CPU_SORTING: 17877.786353461619
  CPU_ENCRYPTION: 8391.4814095982565
  CPU_COMPRESSION: 120843.83598133855
  CPU_SINGLETHREAD: 2620.3169210612473
  CPU_PHYSICS: 1286.8170741420695
  CPU_MATRIX_MULT_SSE: 7190.7447549786184
  CPU_mm: 877.85895249060843
  CPU_sse: 3734.4776390064985
  CPU_fma: 10156.308936492765
  CPU_avx: 7681.4476894365889
  CPU_avx512: 0
  m_CPU_enc_SHA: 12185105256.185253
  m_CPU_enc_AES: 7769327602.8384523
  m_CPU_enc_ECDSA: 6442885172.6289997
  ME_ALLOC_S: 3371.4337173453237
  ME_READ_S: 26223.04296875
  ME_READ_L: 16624.798828125
  ME_WRITE: 16657.658203125
  ME_LARGE: 15649.75
  ME_LATENCY: 68.716472385441023
  ME_THREADED: 37846.3671875
  SUMM_CPU: 11765.634432476238
  SUMM_ME: 2377.8060138577757
SystemInformation:
  OSName: Ubuntu 24.04.2 LTS
  Kernel: 6.8.0-1030-aws
  Device: ""
  Processor: AMD EPYC 7R13 Processor
  NumSockets: 1
  Manufacturer: AuthenticAMD
  NumCores: 4
  NumLogicals: 8
  CPUFrequency: 0
  Memory: 30882
  MemModuleInfo:
    iNumMemSticks: 1
    DIMM 1:
      manufacturer: Not Specified
      modulePartNo: Not Specified
      memType: DDR4
      size: 32
      clkspeed: 1600
      moduleVoltage: 0
Checksum: 8B31F8484D38208580A74E14E227BB878F814668