BaselineInfo:
  WebDBID: -1
  TimeStamp: 20241107150313
Version:
  Major: 11
  Minor: 0
  Build: 1002
  SpecialBuildName: ""
  ptArchitecture: x86_64_linux
Results:
  Results Complete: true
  NumTestProcesses: 4
  CPU_INTEGER_MATH: 13146.360000000001
  CPU_FLOATINGPOINT_MATH: 7054.1946540269619
  CPU_PRIME: 28.750283044483513
  CPU_SORTING: 6988.8200507075899
  CPU_ENCRYPTION: 1809.9769349057124
  CPU_COMPRESSION: 58936.228330881459
  CPU_SINGLETHREAD: 2104.1990484873327
  CPU_PHYSICS: 603.45640467589772
  CPU_MATRIX_MULT_SSE: 3377.6502456404005
  CPU_mm: 399.57393546388761
  CPU_sse: 1421.753620204644
  CPU_fma: 4199.3386616023654
  CPU_avx: 2966.7236206140342
  CPU_avx512: 4922.7850801405602
  m_CPU_enc_SHA: 594154871.66433644
  m_CPU_enc_AES: 4569323664.4201813
  m_CPU_enc_ECDSA: 530216587.40255839
  ME_ALLOC_S: 1519.6116027771614
  ME_READ_S: 25409.535546874999
  ME_READ_L: 11333.89453125
  ME_WRITE: 10616.9384765625
  ME_LARGE: 685.75
  ME_LATENCY: 52.033224442433813
  ME_THREADED: 26495.3056640625
  SUMM_CPU: 4625.1242907346423
  SUMM_ME: 1114.6514579630048
SystemInformation:
  OSName: Ubuntu 24.04.1 LTS
  Kernel: 6.8.0-1016-aws
  Device: ""
  Processor: Intel Xeon Platinum 8275CL CPU @ 3.00GHz
  NumSockets: 1
  Manufacturer: GenuineIntel
  NumCores: 2
  NumLogicals: 4
  CPUFrequency: 0
  Memory: 7736
  MemModuleInfo:
    iNumMemSticks: 1
    DIMM 1:
      manufacturer: Not Specified
      modulePartNo: Not Specified
      memType: DDR4
      size: 8
      clkspeed: 1466
      moduleVoltage: 0
Checksum: AF4BE5C8440CD87D8C1DBBF7AAA5F6DDDC77385A