BaselineInfo:
  WebDBID: -1
  TimeStamp: 20260622090924
Version:
  Major: 11
  Minor: 0
  Build: 1004
  SpecialBuildName: ""
  ptArchitecture: x86_64_linux
Results:
  Results Complete: true
  NumTestProcesses: 192
  CPU_INTEGER_MATH: 965482.47133333352
  CPU_FLOATINGPOINT_MATH: 698842.65189656185
  CPU_PRIME: 1842.0828694228553
  CPU_SORTING: 474502.66750757798
  CPU_ENCRYPTION: 210997.14450471909
  CPU_COMPRESSION: 3659901.9636756605
  CPU_SINGLETHREAD: 3536.7501829827374
  CPU_PHYSICS: 28046.144954966861
  CPU_MATRIX_MULT_SSE: 247905.8649536474
  CPU_mm: 27030.323177960472
  CPU_sse: 114217.0605635454
  CPU_fma: 290923.82451314421
  CPU_avx: 230986.14363589155
  CPU_avx512: 355496.4311020085
  m_CPU_enc_SHA: 223589844216.78229
  m_CPU_enc_AES: 292824869612.68835
  m_CPU_enc_ECDSA: 147324911559.07031
  ME_ALLOC_S: 34973.351100846216
  ME_READ_S: 30978.619140625
  ME_READ_L: 23560.45703125
  ME_WRITE: 8610.447265625
  ME_LARGE: 1533552.75
  ME_LATENCY: 69.196043734018176
  ME_THREADED: 1000593.2569580078
  SUMM_CPU: 152200.23536579273
  SUMM_ME: 2774.6373038713223
SystemInformation:
  OSName: Ubuntu 24.04.4 LTS
  Kernel: 6.17.0-1018-azure
  Device: ""
  Processor: Intel(R) Xeon(R) 6973P-C
  NumSockets: 1
  Manufacturer: GenuineIntel
  NumCores: 96
  NumLogicals: 192
  CPUFrequency: 2600
  CPUMaxFrequency: 2600
  Memory: 1548104
  CPUInfo:
    number: 1
    Family: 6
    Model: 13
    stepping: 1
    features: 529267711
    manufacture: GenuineIntel
    typestring: Intel(R) Xeon(R) 6973P-C
    iCoresPerPackage: 128
    iThreadsPerPackage: 2
    featuresEx:
      - 529267711
      - 4294586915
      - 739248128
    bHybrid: false
    nPCore: 0
    nLogicalsPerPCore: 0
    nECore: 0
    nLogicalsPerECore: 0
  MemModuleInfo:
    iNumMemSticks: 6
    DIMM 1:
      manufacturer: Microsoft Corporation
      modulePartNo: None
      memType: Unknown
      size: 1
      clkspeed: 0
      moduleVoltage: 0
    DIMM 2:
      manufacturer: Microsoft Corporation
      modulePartNo: None
      memType: Unknown
      size: 59
      clkspeed: 0
      moduleVoltage: 0
    DIMM 3:
      manufacturer: Microsoft Corporation
      modulePartNo: None
      memType: Unknown
      size: 324
      clkspeed: 0
      moduleVoltage: 0
    DIMM 4:
      manufacturer: Microsoft Corporation
      modulePartNo: None
      memType: Unknown
      size: 384
      clkspeed: 0
      moduleVoltage: 0
    DIMM 5:
      manufacturer: Microsoft Corporation
      modulePartNo: None
      memType: Unknown
      size: 384
      clkspeed: 0
      moduleVoltage: 0
    DIMM 6:
      manufacturer: Microsoft Corporation
      modulePartNo: None
      memType: Unknown
      size: 384
      clkspeed: 0
      moduleVoltage: 0
Checksum: 39D9E7D81A7B652115DE843B75183FC5BB8DC5AF