BaselineInfo:
  WebDBID: -1
  TimeStamp: 20241107000216
Version:
  Major: 11
  Minor: 0
  Build: 1002
  SpecialBuildName: ""
  ptArchitecture: x86_64_linux
Results:
  Results Complete: true
  NumTestProcesses: 1
  CPU_INTEGER_MATH: 2865.5126666666665
  CPU_FLOATINGPOINT_MATH: 2502.6585250999087
  CPU_PRIME: 9.4086779722685296
  CPU_SORTING: 1770.3777354108699
  CPU_ENCRYPTION: 378.83124074078165
  CPU_COMPRESSION: 14809.962938638044
  CPU_SINGLETHREAD: 1298.7183086758735
  CPU_PHYSICS: 168.32635138424334
  CPU_MATRIX_MULT_SSE: 1127.1533493938921
  CPU_mm: 133.5605793278902
  CPU_sse: 501.22016736297559
  CPU_fma: 1670.4047293227484
  CPU_avx: 1119.8629449888128
  CPU_avx512: 1217.1255559010312
  m_CPU_enc_SHA: 209584338.6826916
  m_CPU_enc_AES: 805079969.44177437
  m_CPU_enc_ECDSA: 177035733.14855167
  ME_ALLOC_S: 534.69426630702105
  ME_READ_S: 17986.639453125001
  ME_READ_L: 6513.65625
  ME_WRITE: 6941.77587890625
  ME_LARGE: 714
  ME_LATENCY: 65.03126597434094
  ME_THREADED: 6528.05078125
  SUMM_CPU: 1215.6857323833717
  SUMM_ME: 815.45871685708289
SystemInformation:
  OSName: Ubuntu 24.04.1 LTS
  Kernel: 6.8.0-1017-azure
  Device: ""
  Processor: Intel Xeon Platinum 8171M CPU @ 2.60GHz
  NumSockets: 1
  Manufacturer: GenuineIntel
  NumCores: 1
  NumLogicals: 1
  CPUFrequency: 0
  Memory: 1899
  MemModuleInfo:
    iNumMemSticks: 2
    DIMM 1:
      manufacturer: Microsoft Corporation
      modulePartNo: None
      memType: Unknown
      size: 1
      clkspeed: 0
      moduleVoltage: 0
    DIMM 2:
      manufacturer: Microsoft Corporation
      modulePartNo: None
      memType: Unknown
      size: 1
      clkspeed: 0
      moduleVoltage: 0
Checksum: 8FD2FF340132FAB3692BE57CC880B05E1ECA5758