BaselineInfo:
  WebDBID: -1
  TimeStamp: 20241115120053
Version:
  Major: 11
  Minor: 0
  Build: 1002
  SpecialBuildName: ""
  ptArchitecture: x86_64_linux
Results:
  Results Complete: true
  NumTestProcesses: 1
  CPU_INTEGER_MATH: 3541.8823333333335
  CPU_FLOATINGPOINT_MATH: 3015.4748903052405
  CPU_PRIME: 11.171782222322262
  CPU_SORTING: 2059.0763517040455
  CPU_ENCRYPTION: 429.68637813059354
  CPU_COMPRESSION: 16677.615729048648
  CPU_SINGLETHREAD: 1628.4907508497945
  CPU_PHYSICS: 198.95553902961584
  CPU_MATRIX_MULT_SSE: 1379.8258240036714
  CPU_mm: 162.46532941130764
  CPU_sse: 619.41828064322272
  CPU_fma: 2015.5006123527253
  CPU_avx: 1353.519841447554
  CPU_avx512: 1530.8645615711835
  m_CPU_enc_SHA: 250420169.31902122
  m_CPU_enc_AES: 885025041.33961475
  m_CPU_enc_ECDSA: 216231260.24535969
  ME_ALLOC_S: 599.71297682446334
  ME_READ_S: 21243.342382812501
  ME_READ_L: 7440.65625
  ME_WRITE: 7323.0234375
  ME_LARGE: 581
  ME_LATENCY: 61.368263670568048
  ME_THREADED: 7983.3310546875
  SUMM_CPU: 1429.3646567077242
  SUMM_ME: 806.28802067354763
SystemInformation:
  OSName: Ubuntu 24.04.1 LTS
  Kernel: 6.8.0-1017-azure
  Device: ""
  Processor: Intel Xeon Platinum 8272CL CPU @ 2.60GHz
  NumSockets: 1
  Manufacturer: GenuineIntel
  NumCores: 1
  NumLogicals: 1
  CPUFrequency: 0
  Memory: 1899
  MemModuleInfo:
    iNumMemSticks: 2
    DIMM 1:
      manufacturer: Microsoft Corporation
      modulePartNo: None
      memType: Unknown
      size: 1
      clkspeed: 0
      moduleVoltage: 0
    DIMM 2:
      manufacturer: Microsoft Corporation
      modulePartNo: None
      memType: Unknown
      size: 1
      clkspeed: 0
      moduleVoltage: 0
Checksum: 23092E43C5B30DD48C5EAACFB9EDC3BE03CCC1A2