BaselineInfo:
  WebDBID: -1
  TimeStamp: 20241114194902
Version:
  Major: 11
  Minor: 0
  Build: 1002
  SpecialBuildName: ""
  ptArchitecture: x86_64_linux
Results:
  Results Complete: true
  NumTestProcesses: 1
  CPU_INTEGER_MATH: 2982.6626666666666
  CPU_FLOATINGPOINT_MATH: 2548.0173035419375
  CPU_PRIME: 10.239036948253286
  CPU_SORTING: 1973.0891920547633
  CPU_ENCRYPTION: 274.14383668044758
  CPU_COMPRESSION: 14067.99206936982
  CPU_SINGLETHREAD: 1403.7980693600982
  CPU_PHYSICS: 158.24392076889742
  CPU_MATRIX_MULT_SSE: 860.29642781278142
  CPU_mm: 137.14013167040528
  CPU_sse: 549.16955965175725
  CPU_fma: 1286.1817272162016
  CPU_avx: 745.5379965703853
  CPU_avx512: 0
  m_CPU_enc_SHA: 205036779.43631527
  m_CPU_enc_AES: 487782618.41551703
  m_CPU_enc_ECDSA: 169562545.22127876
  ME_ALLOC_S: 478.87903034082819
  ME_READ_S: 17158.851855468751
  ME_READ_L: 6526.50439453125
  ME_WRITE: 5566.58447265625
  ME_LARGE: 615
  ME_LATENCY: 72.297842958687283
  ME_THREADED: 6626.74951171875
  SUMM_CPU: 1096.4198273917305
  SUMM_ME: 739.12137171567326
SystemInformation:
  OSName: Ubuntu 24.04.1 LTS
  Kernel: 6.8.0-1017-azure
  Device: ""
  Processor: Intel Xeon CPU E5-2673 v4 @ 2.30GHz
  NumSockets: 1
  Manufacturer: GenuineIntel
  NumCores: 1
  NumLogicals: 1
  CPUFrequency: 0
  Memory: 1899
  MemModuleInfo:
    iNumMemSticks: 2
    DIMM 1:
      manufacturer: Microsoft Corporation
      modulePartNo: None
      memType: Unknown
      size: 1
      clkspeed: 0
      moduleVoltage: 0
    DIMM 2:
      manufacturer: Microsoft Corporation
      modulePartNo: None
      memType: Unknown
      size: 1
      clkspeed: 0
      moduleVoltage: 0
Checksum: A6B96B126BC2383B645DA8F0E0DEA911DD1243DA