BaselineInfo:
  WebDBID: -1
  TimeStamp: 20241107144838
Version:
  Major: 11
  Minor: 0
  Build: 1002
  SpecialBuildName: ""
  ptArchitecture: x86_64_linux
Results:
  Results Complete: true
  NumTestProcesses: 8
  CPU_INTEGER_MATH: 36782.922666666665
  CPU_FLOATINGPOINT_MATH: 20256.840420169705
  CPU_PRIME: 80.913720851787275
  CPU_SORTING: 19691.697512203638
  CPU_ENCRYPTION: 9551.7012140319839
  CPU_COMPRESSION: 141722.5732224063
  CPU_SINGLETHREAD: 2628.0434299243943
  CPU_PHYSICS: 1386.6818701241546
  CPU_MATRIX_MULT_SSE: 8152.5199508360338
  CPU_mm: 996.28245672567982
  CPU_sse: 4213.5277355186518
  CPU_fma: 11492.889830129679
  CPU_avx: 8751.1422868597729
  CPU_avx512: 0
  m_CPU_enc_SHA: 13821260905.53294
  m_CPU_enc_AES: 8838501957.484293
  m_CPU_enc_ECDSA: 7387291093.5971718
  ME_ALLOC_S: 3728.6646414266515
  ME_READ_S: 26427.417773437501
  ME_READ_L: 17298.662109375
  ME_WRITE: 16877.943359375
  ME_LARGE: 21317.416666666668
  ME_LATENCY: 64.208718582588176
  ME_THREADED: 37725.5341796875
  SUMM_CPU: 13066.623962372485
  SUMM_ME: 2516.5258732507923
SystemInformation:
  OSName: Ubuntu 24.04.1 LTS
  Kernel: 6.8.0-1016-aws
  Device: ""
  Processor: AMD EPYC 7R13 Processor
  NumSockets: 1
  Manufacturer: AuthenticAMD
  NumCores: 4
  NumLogicals: 8
  CPUFrequency: 0
  Memory: 31386
  MemModuleInfo:
    iNumMemSticks: 1
    DIMM 1:
      manufacturer: Not Specified
      modulePartNo: Not Specified
      memType: DDR4
      size: 32
      clkspeed: 1600
      moduleVoltage: 0
Checksum: BD4289106A2AF9A90B883A2F249D002235AD671E