BaselineInfo:
  WebDBID: -1
  TimeStamp: 20241108035751
Version:
  Major: 11
  Minor: 0
  Build: 1002
  SpecialBuildName: ""
  ptArchitecture: x86_64_linux
Results:
  Results Complete: true
  NumTestProcesses: 4
  CPU_INTEGER_MATH: 16792.612333333331
  CPU_FLOATINGPOINT_MATH: 8562.9964583825422
  CPU_PRIME: 38.870254714190438
  CPU_SORTING: 8880.6740186739717
  CPU_ENCRYPTION: 3657.7352773043808
  CPU_COMPRESSION: 63743.687907907093
  CPU_SINGLETHREAD: 2430.8680932371494
  CPU_PHYSICS: 743.20158675042501
  CPU_MATRIX_MULT_SSE: 3534.0842893186068
  CPU_mm: 361.5762139016669
  CPU_sse: 1591.9050002626323
  CPU_fma: 4371.02107413671
  CPU_avx: 3233.7337970927911
  CPU_avx512: 4939.6772857822943
  m_CPU_enc_SHA: 3685122831.0886712
  m_CPU_enc_AES: 5548458373.0891581
  m_CPU_enc_ECDSA: 2272659074.226326
  ME_ALLOC_S: 2099.798038339397
  ME_READ_S: 24398.312890624999
  ME_READ_L: 12715.8720703125
  ME_WRITE: 11464.197265625
  ME_LARGE: 54257.916666666664
  ME_LATENCY: 50.976241229874091
  ME_THREADED: 32116.2392578125
  SUMM_CPU: 5947.5874581206999
  SUMM_ME: 2477.6541247123168
SystemInformation:
  OSName: Ubuntu 24.04.1 LTS
  Kernel: 6.8.0-1017-azure
  Device: ""
  Processor: Intel Xeon Platinum 8370C CPU @ 2.80GHz
  NumSockets: 1
  Manufacturer: GenuineIntel
  NumCores: 2
  NumLogicals: 4
  CPUFrequency: 2800
  Memory: 64300
  MemModuleInfo:
    iNumMemSticks: 3
    DIMM 1:
      manufacturer: Microsoft Corporation
      modulePartNo: None
      memType: Unknown
      size: 1
      clkspeed: 0
      moduleVoltage: 0
    DIMM 2:
      manufacturer: Microsoft Corporation
      modulePartNo: None
      memType: Unknown
      size: 59
      clkspeed: 0
      moduleVoltage: 0
    DIMM 3:
      manufacturer: Microsoft Corporation
      modulePartNo: None
      memType: Unknown
      size: 4
      clkspeed: 0
      moduleVoltage: 0
Checksum: ABF38F08ADABA5A8A4AFF54C83952B011A8C99D0