BaselineInfo:
  WebDBID: -1
  TimeStamp: 20260405002707
Version:
  Major: 11
  Minor: 0
  Build: 1004
  SpecialBuildName: ""
  ptArchitecture: x86_64_linux
Results:
  Results Complete: true
  NumTestProcesses: 32
  CPU_INTEGER_MATH: 78613.590333333326
  CPU_FLOATINGPOINT_MATH: 42183.848794563753
  CPU_PRIME: 105.62729679007161
  CPU_SORTING: 46767.626915882851
  CPU_ENCRYPTION: 10859.034815336627
  CPU_COMPRESSION: 360132.34055902809
  CPU_SINGLETHREAD: 1690.878322780517
  CPU_PHYSICS: 2148.9973662084217
  CPU_MATRIX_MULT_SSE: 24158.759194726619
  CPU_mm: 2394.3473788995434
  CPU_sse: 8560.9103485070118
  CPU_fma: 29216.402901916241
  CPU_avx: 20645.660947934779
  CPU_avx512: 38212.062580548438
  m_CPU_enc_SHA: 3550316613.7272024
  m_CPU_enc_AES: 27395999225.729065
  m_CPU_enc_ECDSA: 3213254032.1229973
  ME_ALLOC_S: 8539.5851973145309
  ME_READ_S: 19559.699023437501
  ME_READ_L: 6529.900390625
  ME_WRITE: 7165.96826171875
  ME_LARGE: 49785.5
  ME_LATENCY: 78.740636449762647
  ME_THREADED: 96528.531982421875
  SUMM_CPU: 23029.394663712184
  SUMM_ME: 1821.194998667519
SystemInformation:
  OSName: Ubuntu 24.04.4 LTS
  Kernel: 6.8.0-106-generic
  Device: ""
  Processor: Intel(R) Xeon(R) Platinum 8163 CPU @ 2.50GHz
  NumSockets: 1
  Manufacturer: GenuineIntel
  NumCores: 16
  NumLogicals: 32
  CPUFrequency: 2500
  CPUMaxFrequency: 3100
  Memory: 63782
  CPUInfo:
    number: 1
    Family: 6
    Model: 5
    stepping: 4
    features: 529267711
    manufacture: GenuineIntel
    typestring: Intel(R) Xeon(R) Platinum 8163 CPU @ 2.50GHz
    iCoresPerPackage: 16
    iThreadsPerPackage: 2
    featuresEx:
      - 529267711
      - 4294586883
      - 739248128
    bHybrid: false
    nPCore: 0
    nLogicalsPerPCore: 0
    nECore: 0
    nLogicalsPerECore: 0
  MemModuleInfo:
    iNumMemSticks: 4
    DIMM 1:
      manufacturer: Alibaba Cloud
      modulePartNo: Not Specified
      memType: RAM
      size: 16
      clkspeed: 0
      moduleVoltage: 0
    DIMM 2:
      manufacturer: Alibaba Cloud
      modulePartNo: Not Specified
      memType: RAM
      size: 16
      clkspeed: 0
      moduleVoltage: 0
    DIMM 3:
      manufacturer: Alibaba Cloud
      modulePartNo: Not Specified
      memType: RAM
      size: 16
      clkspeed: 0
      moduleVoltage: 0
    DIMM 4:
      manufacturer: Alibaba Cloud
      modulePartNo: Not Specified
      memType: RAM
      size: 16
      clkspeed: 0
      moduleVoltage: 0
Checksum: F5F6048700F3A598807C7E3004E6E360FF2822FF