---
system-info:
      stress-ng-version: 0.17.08
      run-by: root
      date-yyyy-mm-dd: 2024:06:13
      time-hh-mm-ss: 07:42:27
      epoch-secs: 1718264547
      hostname: 4f110fd5dfb0
      sysname: Linux
      nodename: 4f110fd5dfb0
      release: 6.8.0-1008-aws
      version: '#8-Ubuntu SMP Sat Apr 20 00:46:25 UTC 2024'
      machine: x86_64
      compiler: 'musl-gcc 13.2.1'
      uptime: 184
      totalram: 257533636608
      freeram: 252806881280
      sharedram: 48680960
      bufferram: 106864640
      totalswap: 0
      freeswap: 0
      pagesize: 4096
      cpus: 32
      cpus-online: 32
      ticks-per-second: 100

metrics:
    - stressor: cpu
      bogo-ops: 17183
      bogo-ops-per-second-usr-sys-time: 859.167012
      bogo-ops-per-second-real-time: 859.143978
      wall-clock-time: 20.000140
      user-time: 19.999604
      system-time: 0.000000
      cpu-usage-per-instance: 99.997319
      max-rss: 1032

...
