---
system-info:
      stress-ng-version: 0.17.08
      run-by: root
      date-yyyy-mm-dd: 2024:06:07
      time-hh-mm-ss: 11:41:24
      epoch-secs: 1717760484
      hostname: 0d46811c64be
      sysname: Linux
      nodename: 0d46811c64be
      release: 6.8.0-1008-aws
      version: '#8-Ubuntu SMP Sat Apr 20 00:46:25 UTC 2024'
      machine: x86_64
      compiler: 'musl-gcc 13.2.1'
      uptime: 160
      totalram: 257533636608
      freeram: 252985962496
      sharedram: 48680960
      bufferram: 90611712
      totalswap: 0
      freeswap: 0
      pagesize: 4096
      cpus: 32
      cpus-online: 32
      ticks-per-second: 100

metrics:
    - stressor: cpu
      bogo-ops: 11363
      bogo-ops-per-second-usr-sys-time: 1136.339886
      bogo-ops-per-second-real-time: 1136.279438
      wall-clock-time: 10.000181
      user-time: 9.999649
      system-time: 0.000000
      cpu-usage-per-instance: 99.994680
      max-rss: 3848

...
