BaselineInfo:
  WebDBID: -1
  TimeStamp: 20241111122835
Version:
  Major: 11
  Minor: 0
  Build: 1002
  SpecialBuildName: ""
  ptArchitecture: x86_64_linux
Results:
  Results Complete: true
  NumTestProcesses: 8
  CPU_INTEGER_MATH: 36779.372666666677
  CPU_FLOATINGPOINT_MATH: 20265.800644862182
  CPU_PRIME: 82.560698210401256
  CPU_SORTING: 19849.587811988888
  CPU_ENCRYPTION: 9559.1442376878931
  CPU_COMPRESSION: 142229.08924317063
  CPU_SINGLETHREAD: 2639.9818492412533
  CPU_PHYSICS: 1422.2193982762203
  CPU_MATRIX_MULT_SSE: 8169.1303335213606
  CPU_mm: 994.7378536248367
  CPU_sse: 4191.6206759382039
  CPU_fma: 11497.481217899462
  CPU_avx: 8818.2891067264172
  CPU_avx512: 0
  m_CPU_enc_SHA: 13840895415.073132
  m_CPU_enc_AES: 8852109639.9966965
  m_CPU_enc_ECDSA: 7377462629.4636316
  ME_ALLOC_S: 3741.1868204191705
  ME_READ_S: 26494.003710937501
  ME_READ_L: 16735.451171875
  ME_WRITE: 17801.798828125
  ME_LARGE: 50936
  ME_LATENCY: 66.18590270940939
  ME_THREADED: 39155.12060546875
  SUMM_CPU: 13117.723179862674
  SUMM_ME: 2543.545269823263
SystemInformation:
  OSName: Ubuntu 24.04.1 LTS
  Kernel: 6.8.0-1016-aws
  Device: ""
  Processor: AMD EPYC 7R13 Processor
  NumSockets: 1
  Manufacturer: AuthenticAMD
  NumCores: 4
  NumLogicals: 8
  CPUFrequency: 0
  Memory: 63426
  MemModuleInfo:
    iNumMemSticks: 1
    DIMM 1:
      manufacturer: Not Specified
      modulePartNo: Not Specified
      memType: DDR4
      size: 64
      clkspeed: 1600
      moduleVoltage: 0
Checksum: A5A9BE31E3173E51BBC7B5A3A3D06C7B848D4A74