BaselineInfo:
  WebDBID: -1
  TimeStamp: 20251210054327
Version:
  Major: 11
  Minor: 0
  Build: 1002
  SpecialBuildName: ""
  ptArchitecture: x86_64_linux
Results:
  Results Complete: true
  NumTestProcesses: 4
  CPU_INTEGER_MATH: 15466.805666666667
  CPU_FLOATINGPOINT_MATH: 11032.651340185585
  CPU_PRIME: 54.19454502253177
  CPU_SORTING: 10585.439907391636
  CPU_ENCRYPTION: 1434.1703653435502
  CPU_COMPRESSION: 76463.927641810224
  CPU_SINGLETHREAD: 1971.0930255785897
  CPU_PHYSICS: 791.87641632684097
  CPU_MATRIX_MULT_SSE: 4972.2943748941852
  CPU_mm: 658.88687814724244
  CPU_sse: 2722.3340228999105
  CPU_fma: 7116.4039407629552
  CPU_avx: 5078.1451610196891
  CPU_avx512: 0
  m_CPU_enc_SHA: 1021845890.9751263
  m_CPU_enc_AES: 2596031496.2661185
  m_CPU_enc_ECDSA: 893632487.79019094
  ME_ALLOC_S: 2698.3210608625177
  ME_READ_S: 23060.891210937501
  ME_READ_L: 9380.001953125
  ME_WRITE: 8951.7490234375
  ME_LARGE: 4701.166666666667
  ME_LATENCY: 52.566705367063037
  ME_THREADED: 32479.41162109375
  SUMM_CPU: 5541.4486173095102
  SUMM_ME: 1982.042119589212
SystemInformation:
  OSName: Ubuntu 24.04.2 LTS
  Kernel: 6.8.0-86-generic
  Device: ""
  Processor: Intel Core Processor (Haswell, no TSX)
  NumSockets: 4
  Manufacturer: GenuineIntel
  NumCores: 4
  NumLogicals: 4
  CPUFrequency: 0
  Memory: 14629
  MemModuleInfo:
    iNumMemSticks: 1
    DIMM 1:
      manufacturer: QEMU
      modulePartNo: Not Specified
      memType: RAM
      size: 15000
      clkspeed: 0
      moduleVoltage: 0
Checksum: 7928BBF32BAF096A6829E2461C00BA0E02FC2E59