---
system-info:
      stress-ng-version: 0.17.08
      run-by: root
      date-yyyy-mm-dd: 2024:06:07
      time-hh-mm-ss: 11:27:20
      epoch-secs: 1717759640
      hostname: a79fed2cde22
      sysname: Linux
      nodename: a79fed2cde22
      release: 6.8.0-1008-aws
      version: '#8-Ubuntu SMP Sat Apr 20 00:46:25 UTC 2024'
      machine: x86_64
      compiler: 'musl-gcc 13.2.1'
      uptime: 177
      totalram: 515633946624
      freeram: 510323879936
      sharedram: 96063488
      bufferram: 90484736
      totalswap: 0
      freeswap: 0
      pagesize: 4096
      cpus: 64
      cpus-online: 64
      ticks-per-second: 100

metrics:
    - stressor: cpu
      bogo-ops: 11286
      bogo-ops-per-second-usr-sys-time: 1128.492116
      bogo-ops-per-second-real-time: 1128.453559
      wall-clock-time: 10.001298
      user-time: 10.000956
      system-time: 0.000000
      cpu-usage-per-instance: 99.996583
      max-rss: 3072

...
