---
system-info:
      stress-ng-version: 0.17.08
      run-by: root
      date-yyyy-mm-dd: 2024:06:13
      time-hh-mm-ss: 07:21:18
      epoch-secs: 1718263278
      hostname: 2945c5e3f02d
      sysname: Linux
      nodename: 2945c5e3f02d
      release: 6.8.0-1008-aws
      version: '#8-Ubuntu SMP Sat Apr 20 00:46:25 UTC 2024'
      machine: x86_64
      compiler: 'musl-gcc 13.2.1'
      uptime: 167
      totalram: 515633987584
      freeram: 510197637120
      sharedram: 96063488
      bufferram: 107130880
      totalswap: 0
      freeswap: 0
      pagesize: 4096
      cpus: 64
      cpus-online: 64
      ticks-per-second: 100

metrics:
    - stressor: cpu
      bogo-ops: 17187
      bogo-ops-per-second-usr-sys-time: 859.398169
      bogo-ops-per-second-real-time: 859.344775
      wall-clock-time: 20.000122
      user-time: 19.998879
      system-time: 0.000000
      cpu-usage-per-instance: 99.993787
      max-rss: 512

...
