---
system-info:
      stress-ng-version: 0.17.08
      run-by: root
      date-yyyy-mm-dd: 2024:08:30
      time-hh-mm-ss: 19:08:38
      epoch-secs: 1725044918
      hostname: sc-runner
      sysname: Linux
      nodename: sc-runner
      release: 6.8.0-1013-azure
      version: '#15-Ubuntu SMP Thu Aug  8 18:40:40 UTC 2024'
      machine: x86_64
      compiler: 'musl-gcc 13.2.1'
      uptime: 325
      totalram: 33650917376
      freeram: 25146912768
      sharedram: 38141952
      bufferram: 203800576
      totalswap: 0
      freeswap: 0
      pagesize: 4096
      cpus: 8
      cpus-online: 8
      ticks-per-second: 100

metrics:
    - stressor: cpu
      bogo-ops: 215668
      bogo-ops-per-second-usr-sys-time: 1351.368921
      bogo-ops-per-second-real-time: 10783.362593
      wall-clock-time: 20.000069
      user-time: 159.566260
      system-time: 0.025985
      cpu-usage-per-instance: 99.744807
      max-rss: 3152

...
