---
system-info:
      stress-ng-version: 0.17.08
      run-by: root
      date-yyyy-mm-dd: 2024:06:09
      time-hh-mm-ss: 15:41:44
      epoch-secs: 1717947704
      hostname: c16063c5ec7f
      sysname: Linux
      nodename: c16063c5ec7f
      release: 6.8.0-1008-aws
      version: '#8-Ubuntu SMP Sat Apr 20 00:46:25 UTC 2024'
      machine: x86_64
      compiler: 'musl-gcc 13.2.1'
      uptime: 118
      totalram: 1612482535424
      freeram: 1602820198400
      sharedram: 204156928
      bufferram: 111468544
      totalswap: 0
      freeswap: 0
      pagesize: 4096
      cpus: 192
      cpus-online: 192
      ticks-per-second: 100

metrics:
    - stressor: cpu
      bogo-ops: 2379846
      bogo-ops-per-second-usr-sys-time: 1240.831866
      bogo-ops-per-second-real-time: 237950.379649
      wall-clock-time: 10.001438
      user-time: 1917.639110
      system-time: 0.304864
      cpu-usage-per-instance: 99.878551
      max-rss: 3072

...
