---
system-info:
      stress-ng-version: 0.17.08
      run-by: root
      date-yyyy-mm-dd: 2024:06:15
      time-hh-mm-ss: 18:42:00
      epoch-secs: 1718476920
      hostname: dc8b251095cd
      sysname: Linux
      nodename: dc8b251095cd
      release: 6.8.0-1008-aws
      version: '#8-Ubuntu SMP Sat Apr 20 00:46:25 UTC 2024'
      machine: x86_64
      compiler: 'musl-gcc 13.2.1'
      uptime: 129
      totalram: 1612482588672
      freeram: 1603579297792
      sharedram: 204156928
      bufferram: 110653440
      totalswap: 0
      freeswap: 0
      pagesize: 4096
      cpus: 192
      cpus-online: 192
      ticks-per-second: 100

metrics:
    - stressor: cpu
      bogo-ops: 5774611
      bogo-ops-per-second-usr-sys-time: 1505.083654
      bogo-ops-per-second-real-time: 288729.858388
      wall-clock-time: 20.000048
      user-time: 3836.605637
      system-time: 0.131932
      cpu-usage-per-instance: 99.914802
      max-rss: 0

...
