---
system-info:
      stress-ng-version: 0.17.08
      run-by: root
      date-yyyy-mm-dd: 2024:08:15
      time-hh-mm-ss: 10:16:29
      epoch-secs: 1723716989
      hostname: ip-172-31-50-67
      sysname: Linux
      nodename: ip-172-31-50-67
      release: 6.8.0-1013-aws
      version: '#14-Ubuntu SMP Thu Jul 25 21:46:27 UTC 2024'
      machine: aarch64
      compiler: 'musl-gcc 13.2.1'
      uptime: 663
      totalram: 434434048
      freeram: 8499200
      sharedram: 35016704
      bufferram: 1568768
      totalswap: 0
      freeswap: 0
      pagesize: 4096
      cpus: 2
      cpus-online: 2
      ticks-per-second: 100

metrics:
    - stressor: cpu
      bogo-ops: 60073
      bogo-ops-per-second-usr-sys-time: 1518.934352
      bogo-ops-per-second-real-time: 3003.631076
      wall-clock-time: 20.000126
      user-time: 39.540457
      system-time: 0.008981
      cpu-usage-per-instance: 98.872972
      max-rss: 1192

...
