---
system-info:
      stress-ng-version: 0.17.08
      run-by: root
      date-yyyy-mm-dd: 2024:06:09
      time-hh-mm-ss: 08:42:13
      epoch-secs: 1717922533
      hostname: 77bf3a79e86a
      sysname: Linux
      nodename: 77bf3a79e86a
      release: 6.8.0-1008-aws
      version: '#8-Ubuntu SMP Sat Apr 20 02:43:14 UTC 2024'
      machine: aarch64
      compiler: 'musl-gcc 13.2.1'
      uptime: 207
      totalram: 434626560
      freeram: 12664832
      sharedram: 35012608
      bufferram: 1945600
      totalswap: 0
      freeswap: 0
      pagesize: 4096
      cpus: 2
      cpus-online: 2
      ticks-per-second: 100

metrics:
    - stressor: cpu
      bogo-ops: 5801
      bogo-ops-per-second-usr-sys-time: 293.241553
      bogo-ops-per-second-real-time: 579.072035
      wall-clock-time: 10.017752
      user-time: 19.775338
      system-time: 0.006988
      cpu-usage-per-instance: 98.736354
      max-rss: 4008

...
