---
system-info:
      stress-ng-version: 0.17.08
      run-by: root
      date-yyyy-mm-dd: 2024:06:13
      time-hh-mm-ss: 21:58:05
      epoch-secs: 1718315885
      hostname: f44b4c634515
      sysname: Linux
      nodename: f44b4c634515
      release: 6.8.0-1008-aws
      version: '#8-Ubuntu SMP Sat Apr 20 02:43:14 UTC 2024'
      machine: aarch64
      compiler: 'musl-gcc 13.2.1'
      uptime: 230
      totalram: 434634752
      freeram: 5636096
      sharedram: 35012608
      bufferram: 1396736
      totalswap: 0
      freeswap: 0
      pagesize: 4096
      cpus: 2
      cpus-online: 2
      ticks-per-second: 100

metrics:
    - stressor: cpu
      bogo-ops: 60291
      bogo-ops-per-second-usr-sys-time: 1519.149546
      bogo-ops-per-second-real-time: 3014.537584
      wall-clock-time: 20.000082
      user-time: 39.684346
      system-time: 0.002991
      cpu-usage-per-instance: 99.217934
      max-rss: 1192

...
