---
system-info:
      stress-ng-version: 0.17.08
      run-by: root
      date-yyyy-mm-dd: 2024:06:08
      time-hh-mm-ss: 15:41:21
      epoch-secs: 1717861281
      hostname: ed7ccf469371
      sysname: Linux
      nodename: ed7ccf469371
      release: 6.8.0-1008-aws
      version: '#8-Ubuntu SMP Sat Apr 20 00:46:25 UTC 2024'
      machine: x86_64
      compiler: 'musl-gcc 13.2.1'
      uptime: 118
      totalram: 397194416128
      freeram: 391727288320
      sharedram: 70742016
      bufferram: 103333888
      totalswap: 0
      freeswap: 0
      pagesize: 4096
      cpus: 96
      cpus-online: 96
      ticks-per-second: 100

metrics:
    - stressor: cpu
      bogo-ops: 17282
      bogo-ops-per-second-usr-sys-time: 1727.650434
      bogo-ops-per-second-real-time: 1727.561046
      wall-clock-time: 10.003699
      user-time: 10.001182
      system-time: 0.001999
      cpu-usage-per-instance: 99.994826
      max-rss: 3072

...
