---
system-info:
      stress-ng-version: 0.17.08
      run-by: root
      date-yyyy-mm-dd: 2024:06:14
      time-hh-mm-ss: 21:42:21
      epoch-secs: 1718401341
      hostname: fb7a0adaa44e
      sysname: Linux
      nodename: fb7a0adaa44e
      release: 6.8.0-1008-aws
      version: '#8-Ubuntu SMP Sat Apr 20 00:46:25 UTC 2024'
      machine: x86_64
      compiler: 'musl-gcc 13.2.1'
      uptime: 146
      totalram: 397194424320
      freeram: 391744217088
      sharedram: 70742016
      bufferram: 110182400
      totalswap: 0
      freeswap: 0
      pagesize: 4096
      cpus: 96
      cpus-online: 96
      ticks-per-second: 100

metrics:
    - stressor: cpu
      bogo-ops: 60371
      bogo-ops-per-second-usr-sys-time: 3018.775804
      bogo-ops-per-second-real-time: 3018.540104
      wall-clock-time: 20.000066
      user-time: 19.997505
      system-time: 0.000999
      cpu-usage-per-instance: 99.992192
      max-rss: 768

...
