BaselineInfo:
  WebDBID: -1
  TimeStamp: 20260404114244
Version:
  Major: 11
  Minor: 0
  Build: 1004
  SpecialBuildName: ""
  ptArchitecture: x86_64_linux
Results:
  Results Complete: true
  NumTestProcesses: 12
  CPU_INTEGER_MATH: 35119.629333333331
  CPU_FLOATINGPOINT_MATH: 18835.778121383664
  CPU_PRIME: 72.948722349084917
  CPU_SORTING: 21562.759025089545
  CPU_ENCRYPTION: 4861.2973678030075
  CPU_COMPRESSION: 161761.84217617754
  CPU_SINGLETHREAD: 1961.2352878853842
  CPU_PHYSICS: 1273.4573326631037
  CPU_MATRIX_MULT_SSE: 9730.7602053848077
  CPU_mm: 1067.3964676242942
  CPU_sse: 3849.5905594042374
  CPU_fma: 11813.256027933616
  CPU_avx: 8347.1440355222403
  CPU_avx512: 14913.050198679144
  m_CPU_enc_SHA: 1587437593.4727187
  m_CPU_enc_AES: 12269654488.75626
  m_CPU_enc_ECDSA: 1435227163.9952414
  ME_ALLOC_S: 4237.8495344043604
  ME_READ_S: 22805.5869140625
  ME_READ_L: 9705.01953125
  ME_WRITE: 9601.2802734375
  ME_LARGE: 81727.916666666672
  ME_LATENCY: 55.256594805330394
  ME_THREADED: 68291.9208984375
  SUMM_CPU: 11916.926926875214
  SUMM_ME: 2404.0559892073047
SystemInformation:
  OSName: Ubuntu 24.04.4 LTS
  Kernel: 6.8.0-106-generic
  Device: ""
  Processor: Intel(R) Xeon(R) Platinum
  NumSockets: 1
  Manufacturer: GenuineIntel
  NumCores: 6
  NumLogicals: 12
  CPUFrequency: 0
  CPUMaxFrequency: 0
  Memory: 94499
  CPUInfo:
    number: 1
    Family: 6
    Model: 5
    stepping: 4
    features: 529267711
    manufacture: GenuineIntel
    typestring: Intel(R) Xeon(R) Platinum
    iCoresPerPackage: 6
    iThreadsPerPackage: 2
    featuresEx:
      - 529267711
      - 4294586883
      - 739248128
    bHybrid: false
    nPCore: 0
    nLogicalsPerPCore: 0
    nECore: 0
    nLogicalsPerECore: 0
  MemModuleInfo:
    iNumMemSticks: 6
    DIMM 1:
      manufacturer: Alibaba Cloud
      modulePartNo: Not Specified
      memType: RAM
      size: 16
      clkspeed: 0
      moduleVoltage: 0
    DIMM 2:
      manufacturer: Alibaba Cloud
      modulePartNo: Not Specified
      memType: RAM
      size: 16
      clkspeed: 0
      moduleVoltage: 0
    DIMM 3:
      manufacturer: Alibaba Cloud
      modulePartNo: Not Specified
      memType: RAM
      size: 16
      clkspeed: 0
      moduleVoltage: 0
    DIMM 4:
      manufacturer: Alibaba Cloud
      modulePartNo: Not Specified
      memType: RAM
      size: 16
      clkspeed: 0
      moduleVoltage: 0
    DIMM 5:
      manufacturer: Alibaba Cloud
      modulePartNo: Not Specified
      memType: RAM
      size: 16
      clkspeed: 0
      moduleVoltage: 0
    DIMM 6:
      manufacturer: Alibaba Cloud
      modulePartNo: Not Specified
      memType: RAM
      size: 16
      clkspeed: 0
      moduleVoltage: 0
Checksum: 0C9317DFDB701ECF46F2CFEFB71D682B6D5A6D5D