---
system-info:
      stress-ng-version: 0.17.08
      run-by: root
      date-yyyy-mm-dd: 2024:09:03
      time-hh-mm-ss: 15:36:29
      epoch-secs: 1725377789
      hostname: sc-runner
      sysname: Linux
      nodename: sc-runner
      release: 6.8.0-1013-azure
      version: '#15-Ubuntu SMP Thu Aug  8 18:40:40 UTC 2024'
      machine: x86_64
      compiler: 'musl-gcc 13.2.1'
      uptime: 406
      totalram: 58969128960
      freeram: 50383376384
      sharedram: 46505984
      bufferram: 217288704
      totalswap: 0
      freeswap: 0
      pagesize: 4096
      cpus: 4
      cpus-online: 4
      ticks-per-second: 100

metrics:
    - stressor: cpu
      bogo-ops: 56421
      bogo-ops-per-second-usr-sys-time: 709.975352
      bogo-ops-per-second-real-time: 2821.035607
      wall-clock-time: 20.000102
      user-time: 79.428606
      system-time: 0.040350
      cpu-usage-per-instance: 99.335688
      max-rss: 3256

...
