---
system-info:
      stress-ng-version: 0.17.08
      run-by: root
      date-yyyy-mm-dd: 2024:09:22
      time-hh-mm-ss: 16:11:41
      epoch-secs: 1727021501
      hostname: sc-runner
      sysname: Linux
      nodename: sc-runner
      release: 6.8.0-1014-azure
      version: '#16-Ubuntu SMP Thu Aug 15 20:04:41 UTC 2024'
      machine: x86_64
      compiler: 'musl-gcc 13.2.1'
      uptime: 375
      totalram: 58969124864
      freeram: 48684470272
      sharedram: 46505984
      bufferram: 252882944
      totalswap: 0
      freeswap: 0
      pagesize: 4096
      cpus: 4
      cpus-online: 4
      ticks-per-second: 100

metrics:
    - stressor: cpu
      bogo-ops: 63480
      bogo-ops-per-second-usr-sys-time: 797.247942
      bogo-ops-per-second-real-time: 3173.980278
      wall-clock-time: 20.000124
      user-time: 79.605858
      system-time: 0.018054
      cpu-usage-per-instance: 99.529272
      max-rss: 3152

...
