---
system-info:
      stress-ng-version: 0.17.08
      run-by: root
      date-yyyy-mm-dd: 2024:09:16
      time-hh-mm-ss: 14:35:10
      epoch-secs: 1726497310
      hostname: sc-runner
      sysname: Linux
      nodename: sc-runner
      release: 6.8.0-1014-azure
      version: '#16-Ubuntu SMP Thu Aug 15 20:04:41 UTC 2024'
      machine: x86_64
      compiler: 'musl-gcc 13.2.1'
      uptime: 278
      totalram: 67424501760
      freeram: 57354870784
      sharedram: 54882304
      bufferram: 227250176
      totalswap: 0
      freeswap: 0
      pagesize: 4096
      cpus: 2
      cpus-online: 2
      ticks-per-second: 100

metrics:
    - stressor: cpu
      bogo-ops: 38649
      bogo-ops-per-second-usr-sys-time: 974.920978
      bogo-ops-per-second-real-time: 1932.443124
      wall-clock-time: 20.000071
      user-time: 39.636228
      system-time: 0.006985
      cpu-usage-per-instance: 99.107680
      max-rss: 3124

...
