BaselineInfo:
  WebDBID: -1
  TimeStamp: 20241108193107
Version:
  Major: 11
  Minor: 0
  Build: 1002
  SpecialBuildName: ""
  ptArchitecture: x86_64_linux
Results:
  Results Complete: true
  NumTestProcesses: 16
  CPU_INTEGER_MATH: 67347.949333333323
  CPU_FLOATINGPOINT_MATH: 34435.438898532993
  CPU_PRIME: 139.5658680084353
  CPU_SORTING: 34923.813885953787
  CPU_ENCRYPTION: 14621.411194302229
  CPU_COMPRESSION: 246026.07525550749
  CPU_SINGLETHREAD: 2435.7788383873526
  CPU_PHYSICS: 2321.787605018405
  CPU_MATRIX_MULT_SSE: 14516.636741535978
  CPU_mm: 1450.8070995541782
  CPU_sse: 6383.4646046278422
  CPU_fma: 17542.229337376502
  CPU_avx: 12960.120403452978
  CPU_avx512: 21180.73262068658
  m_CPU_enc_SHA: 14774603678.570152
  m_CPU_enc_AES: 22203525921.272499
  m_CPU_enc_ECDSA: 9016852993.5873013
  ME_ALLOC_S: 8012.5308091969628
  ME_READ_S: 24167.410546874999
  ME_READ_L: 12585.6328125
  ME_WRITE: 11243.3818359375
  ME_LARGE: 118612.08333333333
  ME_LATENCY: 51.640751974034572
  ME_THREADED: 91775.93896484375
  SUMM_CPU: 21313.630948065678
  SUMM_ME: 2765.4498968982707
SystemInformation:
  OSName: Ubuntu 24.04.1 LTS
  Kernel: 6.8.0-1017-azure
  Device: ""
  Processor: Intel Xeon Platinum 8370C CPU @ 2.80GHz
  NumSockets: 1
  Manufacturer: GenuineIntel
  NumCores: 8
  NumLogicals: 16
  CPUFrequency: 2800
  Memory: 128808
  MemModuleInfo:
    iNumMemSticks: 3
    DIMM 1:
      manufacturer: Microsoft Corporation
      modulePartNo: None
      memType: Unknown
      size: 1
      clkspeed: 0
      moduleVoltage: 0
    DIMM 2:
      manufacturer: Microsoft Corporation
      modulePartNo: None
      memType: Unknown
      size: 60928
      clkspeed: 0
      moduleVoltage: 0
    DIMM 3:
      manufacturer: Microsoft Corporation
      modulePartNo: None
      memType: Unknown
      size: 69120
      clkspeed: 0
      moduleVoltage: 0
Checksum: 1E48866F7D5ED2BDFEB4ED29F5EF4BF2855E8FC1