BaselineInfo:
  WebDBID: -1
  TimeStamp: 20260405103003
Version:
  Major: 11
  Minor: 0
  Build: 1004
  SpecialBuildName: ""
  ptArchitecture: x86_64_linux
Results:
  Results Complete: true
  NumTestProcesses: 32
  CPU_INTEGER_MATH: 78787.68233333333
  CPU_FLOATINGPOINT_MATH: 42210.93211097223
  CPU_PRIME: 107.23207602418769
  CPU_SORTING: 46485.984751401658
  CPU_ENCRYPTION: 10863.669582458286
  CPU_COMPRESSION: 359978.30613793241
  CPU_SINGLETHREAD: 1691.942336471307
  CPU_PHYSICS: 1972.598756575763
  CPU_MATRIX_MULT_SSE: 23858.047957275416
  CPU_mm: 2393.8166225198593
  CPU_sse: 8638.2231857673487
  CPU_fma: 29229.321436768518
  CPU_avx: 20660.988925351394
  CPU_avx512: 36903.658281214426
  m_CPU_enc_SHA: 3545690304.4143562
  m_CPU_enc_AES: 27420811652.651913
  m_CPU_enc_ECDSA: 3207647631.2210689
  ME_ALLOC_S: 8525.4799962224279
  ME_READ_S: 19328.673046874999
  ME_READ_L: 6468.58203125
  ME_WRITE: 7224.4091796875
  ME_LARGE: 114156.41666666667
  ME_LATENCY: 77.566594929447504
  ME_THREADED: 66613.5771484375
  SUMM_CPU: 22938.90279735759
  SUMM_ME: 1821.4382927215022
SystemInformation:
  OSName: Ubuntu 24.04.4 LTS
  Kernel: 6.8.0-106-generic
  Device: ""
  Processor: Intel(R) Xeon(R) Platinum 8163 CPU @ 2.50GHz
  NumSockets: 1
  Manufacturer: GenuineIntel
  NumCores: 16
  NumLogicals: 32
  CPUFrequency: 2500
  CPUMaxFrequency: 3100
  Memory: 128295
  CPUInfo:
    number: 1
    Family: 6
    Model: 5
    stepping: 4
    features: 529267711
    manufacture: GenuineIntel
    typestring: Intel(R) Xeon(R) Platinum 8163 CPU @ 2.50GHz
    iCoresPerPackage: 16
    iThreadsPerPackage: 2
    featuresEx:
      - 529267711
      - 4294586883
      - 739248128
    bHybrid: false
    nPCore: 0
    nLogicalsPerPCore: 0
    nECore: 0
    nLogicalsPerECore: 0
  MemModuleInfo:
    iNumMemSticks: 8
    DIMM 1:
      manufacturer: Alibaba Cloud
      modulePartNo: Not Specified
      memType: RAM
      size: 16
      clkspeed: 0
      moduleVoltage: 0
    DIMM 2:
      manufacturer: Alibaba Cloud
      modulePartNo: Not Specified
      memType: RAM
      size: 16
      clkspeed: 0
      moduleVoltage: 0
    DIMM 3:
      manufacturer: Alibaba Cloud
      modulePartNo: Not Specified
      memType: RAM
      size: 16
      clkspeed: 0
      moduleVoltage: 0
    DIMM 4:
      manufacturer: Alibaba Cloud
      modulePartNo: Not Specified
      memType: RAM
      size: 16
      clkspeed: 0
      moduleVoltage: 0
    DIMM 5:
      manufacturer: Alibaba Cloud
      modulePartNo: Not Specified
      memType: RAM
      size: 16
      clkspeed: 0
      moduleVoltage: 0
    DIMM 6:
      manufacturer: Alibaba Cloud
      modulePartNo: Not Specified
      memType: RAM
      size: 16
      clkspeed: 0
      moduleVoltage: 0
    DIMM 7:
      manufacturer: Alibaba Cloud
      modulePartNo: Not Specified
      memType: RAM
      size: 16
      clkspeed: 0
      moduleVoltage: 0
    DIMM 8:
      manufacturer: Alibaba Cloud
      modulePartNo: Not Specified
      memType: RAM
      size: 16
      clkspeed: 0
      moduleVoltage: 0
Checksum: 6FBB115D822FAA5111E264209C889099FDD0A1E4