---
system-info:
      stress-ng-version: 0.17.08
      run-by: root
      date-yyyy-mm-dd: 2024:06:08
      time-hh-mm-ss: 13:40:37
      epoch-secs: 1717854037
      hostname: 117af86e4d3c
      sysname: Linux
      nodename: 117af86e4d3c
      release: 6.8.0-1008-aws
      version: '#8-Ubuntu SMP Sat Apr 20 00:46:25 UTC 2024'
      machine: x86_64
      compiler: 'musl-gcc 13.2.1'
      uptime: 117
      totalram: 16555184128
      freeram: 12184084480
      sharedram: 40747008
      bufferram: 101523456
      totalswap: 0
      freeswap: 0
      pagesize: 4096
      cpus: 4
      cpus-online: 4
      ticks-per-second: 100

metrics:
    - stressor: cpu
      bogo-ops: 41026
      bogo-ops-per-second-usr-sys-time: 1030.960322
      bogo-ops-per-second-real-time: 4101.918621
      wall-clock-time: 10.001661
      user-time: 39.774978
      system-time: 0.018988
      cpu-usage-per-instance: 99.468392
      max-rss: 4048

...
