---
system-info:
      stress-ng-version: 0.17.08
      run-by: root
      date-yyyy-mm-dd: 2024:06:15
      time-hh-mm-ss: 11:00:22
      epoch-secs: 1718449222
      hostname: 18eaac010c4d
      sysname: Linux
      nodename: 18eaac010c4d
      release: 6.8.0-1008-aws
      version: '#8-Ubuntu SMP Sat Apr 20 00:46:25 UTC 2024'
      machine: x86_64
      compiler: 'musl-gcc 13.2.1'
      uptime: 136
      totalram: 16555192320
      freeram: 12224851968
      sharedram: 40747008
      bufferram: 108232704
      totalswap: 0
      freeswap: 0
      pagesize: 4096
      cpus: 4
      cpus-online: 4
      ticks-per-second: 100

metrics:
    - stressor: cpu
      bogo-ops: 67228
      bogo-ops-per-second-usr-sys-time: 844.879717
      bogo-ops-per-second-real-time: 3361.378402
      wall-clock-time: 20.000129
      user-time: 79.560097
      system-time: 0.010993
      cpu-usage-per-instance: 99.463223
      max-rss: 1104

...
