---
system-info:
      stress-ng-version: 0.17.08
      run-by: root
      date-yyyy-mm-dd: 2024:06:14
      time-hh-mm-ss: 15:45:54
      epoch-secs: 1718379954
      hostname: 6d6f29ab3b84
      sysname: Linux
      nodename: 6d6f29ab3b84
      release: 6.8.0-1008-aws
      version: '#8-Ubuntu SMP Sat Apr 20 00:46:25 UTC 2024'
      machine: x86_64
      compiler: 'musl-gcc 13.2.1'
      uptime: 441
      totalram: 1740587008
      freeram: 94539776
      sharedram: 32731136
      bufferram: 97214464
      totalswap: 939520000
      freeswap: 939257856
      pagesize: 4096
      cpus: 1
      cpus-online: 1
      ticks-per-second: 100

metrics:
    - stressor: cpu
      bogo-ops: 18523
      bogo-ops-per-second-usr-sys-time: 945.567802
      bogo-ops-per-second-real-time: 926.143343
      wall-clock-time: 20.000144
      user-time: 19.588183
      system-time: 0.001105
      cpu-usage-per-instance: 97.945736
      max-rss: 1104

...
