---
system-info:
      stress-ng-version: 0.17.08
      run-by: root
      date-yyyy-mm-dd: 2024:06:07
      time-hh-mm-ss: 16:31:19
      epoch-secs: 1717777879
      hostname: 2e030ab7c607
      sysname: Linux
      nodename: 2e030ab7c607
      release: 6.8.0-1008-aws
      version: '#8-Ubuntu SMP Sat Apr 20 00:46:25 UTC 2024'
      machine: x86_64
      compiler: 'musl-gcc 13.2.1'
      uptime: 415
      totalram: 1740582912
      freeram: 132259840
      sharedram: 32710656
      bufferram: 85291008
      totalswap: 939520000
      freeswap: 939257856
      pagesize: 4096
      cpus: 1
      cpus-online: 1
      ticks-per-second: 100

metrics:
    - stressor: cpu
      bogo-ops: 9875
      bogo-ops-per-second-usr-sys-time: 1013.209481
      bogo-ops-per-second-real-time: 987.297894
      wall-clock-time: 10.002047
      user-time: 9.740815
      system-time: 0.005442
      cpu-usage-per-instance: 97.442623
      max-rss: 4048

...
