BaselineInfo:
  WebDBID: -1
  TimeStamp: 20241109094432
Version:
  Major: 11
  Minor: 0
  Build: 1002
  SpecialBuildName: ""
  ptArchitecture: x86_64_linux
Results:
  Results Complete: true
  NumTestProcesses: 48
  CPU_INTEGER_MATH: 145001.00433333335
  CPU_FLOATINGPOINT_MATH: 79005.862322576533
  CPU_PRIME: 163.95113765707865
  CPU_SORTING: 65422.53350508523
  CPU_ENCRYPTION: 17577.542175106202
  CPU_COMPRESSION: 576237.08741068561
  CPU_SINGLETHREAD: 2077.2340127600964
  CPU_PHYSICS: 2454.132357978825
  CPU_MATRIX_MULT_SSE: 37223.108312241791
  CPU_mm: 3819.7315466615046
  CPU_sse: 13884.839728400413
  CPU_fma: 43837.14654068034
  CPU_avx: 31757.576473733607
  CPU_avx512: 59412.870506152765
  m_CPU_enc_SHA: 6017593157.0933819
  m_CPU_enc_AES: 43963950884.084686
  m_CPU_enc_ECDSA: 5312622550.2344131
  ME_ALLOC_S: 15284.278345761379
  ME_READ_S: 24194.650585937499
  ME_READ_L: 11534.2529296875
  ME_WRITE: 10681.3955078125
  ME_LARGE: 181811.58333333334
  ME_LATENCY: 48.663963099205823
  ME_THREADED: 99973.608764648438
  SUMM_CPU: 35075.746334418378
  SUMM_ME: 2810.6152728379675
SystemInformation:
  OSName: Ubuntu 24.04.1 LTS
  Kernel: 6.8.0-1017-azure
  Device: ""
  Processor: Intel Xeon Platinum 8272CL CPU @ 2.60GHz
  NumSockets: 1
  Manufacturer: GenuineIntel
  NumCores: 24
  NumLogicals: 48
  CPUFrequency: 0
  Memory: 193212
  MemModuleInfo:
    iNumMemSticks: 3
    DIMM 1:
      manufacturer: Microsoft Corporation
      modulePartNo: None
      memType: Unknown
      size: 1
      clkspeed: 0
      moduleVoltage: 0
    DIMM 2:
      manufacturer: Microsoft Corporation
      modulePartNo: None
      memType: Unknown
      size: 60928
      clkspeed: 0
      moduleVoltage: 0
    DIMM 3:
      manufacturer: Microsoft Corporation
      modulePartNo: None
      memType: Unknown
      size: 134656
      clkspeed: 0
      moduleVoltage: 0
Checksum: 6B90359CDA842F92C2E89DA258EFBC949C644782