BaselineInfo:
  WebDBID: -1
  TimeStamp: 20241107145259
Version:
  Major: 11
  Minor: 0
  Build: 1002
  SpecialBuildName: ""
  ptArchitecture: x86_64_linux
Results:
  Results Complete: true
  NumTestProcesses: 8
  CPU_INTEGER_MATH: 33132.812666666665
  CPU_FLOATINGPOINT_MATH: 18351.570309832139
  CPU_PRIME: 75.474328081749505
  CPU_SORTING: 18440.821148499166
  CPU_ENCRYPTION: 8623.0900450108948
  CPU_COMPRESSION: 127801.99295976604
  CPU_SINGLETHREAD: 2393.4991554245512
  CPU_PHYSICS: 1308.5673054984932
  CPU_MATRIX_MULT_SSE: 7362.6884925474287
  CPU_mm: 897.37922430344372
  CPU_sse: 3810.9198346073972
  CPU_fma: 10404.089991935585
  CPU_avx: 7873.0556510993047
  CPU_avx512: 0
  m_CPU_enc_SHA: 12469506334.737562
  m_CPU_enc_AES: 7985395943.7864189
  m_CPU_enc_ECDSA: 6670993522.5880461
  ME_ALLOC_S: 3600.816911004963
  ME_READ_S: 24410.430468750001
  ME_READ_L: 19574.28125
  ME_WRITE: 17709.396484375
  ME_LARGE: 22099
  ME_LATENCY: 64.858801442356011
  ME_THREADED: 38998.75927734375
  SUMM_CPU: 11885.130223583901
  SUMM_ME: 2518.5454572060444
SystemInformation:
  OSName: Ubuntu 24.04.1 LTS
  Kernel: 6.8.0-1017-azure
  Device: ""
  Processor: AMD EPYC 7763 64-Core Processor
  NumSockets: 1
  Manufacturer: AuthenticAMD
  NumCores: 4
  NumLogicals: 8
  CPUFrequency: 0
  Memory: 32092
  MemModuleInfo:
    iNumMemSticks: 2
    DIMM 1:
      manufacturer: Microsoft Corporation
      modulePartNo: None
      memType: Unknown
      size: 1
      clkspeed: 0
      moduleVoltage: 0
    DIMM 2:
      manufacturer: Microsoft Corporation
      modulePartNo: None
      memType: Unknown
      size: 31
      clkspeed: 0
      moduleVoltage: 0
Checksum: 0B3C8392607C166D1F93ADED4C4A25CD5696C016