"size","threads","connections","rps","latency","failed","server_usr","server_sys","client_usr","client_sys"
"1k",16,16,549069,0.000026980,0,25.92,52.41,13.62,69.45
"1k",16,32,541297,0.000068580,0,22.14,48.52,11.05,57.48
"1k",16,64,689376,0.000086220,0,25.09,51.13,11.44,62.62
"1k",16,128,869693,0.000141610,0,27.01,54.56,11.30,63.98
"1k",16,256,1065749,0.000276110,0,27.41,55.96,11.84,64.22
"1k",16,512,1166048,0.000486600,0,27.47,57.11,11.81,63.81
"1k",32,32,549892,0.000056730,0,22.88,47.93,15.11,73.26
"1k",32,64,638983,0.000101110,0,23.33,53.37,13.01,68.57
"1k",32,128,784343,0.000190510,0,23.06,54.88,13.32,69.85
"1k",32,256,835196,0.000492740,0,22.71,54.66,13.91,70.32
"1k",32,512,889177,0.000770890,0,23.44,54.88,13.68,69.48
"1k",64,64,607416,0.000108100,0,24.02,51.44,14.36,70.02
"1k",64,128,685998,0.000223900,0,22.45,53.62,13.95,70.92
"1k",64,256,710175,0.000509400,0,21.20,54.16,14.23,72.31
"1k",64,512,719852,0.000840200,0,21.11,54.57,13.96,72.53
"16k",16,16,440054,0.000034510,0,23.47,46.86,12.14,71.25
"16k",16,32,465971,0.000064120,0,21.53,47.01,10.76,58.98
"16k",16,64,583818,0.000100140,0,24.18,50.68,11.24,64.00
"16k",16,128,723913,0.000165870,0,24.98,52.74,11.38,67.06
"16k",16,256,847220,0.000299460,0,25.17,54.10,12.08,67.28
"16k",16,512,918499,0.000544080,0,25.11,55.13,11.88,68.00
"16k",32,32,483106,0.000065060,0,23.11,48.41,15.21,74.70
"16k",32,64,541442,0.000116250,0,22.78,52.29,12.63,69.87
"16k",32,128,664046,0.000209100,0,22.62,53.16,13.09,72.24
"16k",32,256,710808,0.000507490,0,21.58,53.61,13.49,73.13
"16k",32,512,739999,0.000880000,0,22.32,53.82,13.30,72.57
"16k",64,64,552345,0.000118140,0,23.75,49.79,13.88,72.63
"16k",64,128,597790,0.000242410,0,22.25,52.20,14.01,72.95
"16k",64,256,580878,0.000586590,0,19.37,51.96,13.85,76.80
"16k",64,512,609976,0.000970000,0,20.78,53.74,13.47,73.99
"64k",16,16,289849,0.000053910,0,20.52,51.51,10.73,72.16
"64k",16,32,294138,0.000099150,0,18.54,48.89,9.32,65.25
"64k",16,64,354786,0.000162090,0,19.56,52.00,9.47,69.47
"64k",16,128,423823,0.000272110,0,20.76,54.46,9.92,71.83
"64k",16,256,478740,0.000486010,0,20.64,56.61,10.21,72.84
"64k",16,512,489820,0.000910000,0,20.21,56.69,9.87,73.42
"64k",32,32,309592,0.000102240,0,19.21,53.43,11.72,76.89
"64k",32,64,353821,0.000180050,0,18.51,53.75,10.34,74.10
"64k",32,128,396594,0.000330990,0,18.74,55.63,11.16,75.75
"64k",32,256,422030,0.000737310,0,18.24,56.70,11.23,75.55
"64k",32,512,418900,0.001350000,0,18.62,56.66,11.19,75.07
"64k",64,64,350261,0.000184510,0,19.69,51.58,11.67,78.12
"64k",64,128,356404,0.000392380,0,17.85,54.32,11.64,77.70
"64k",64,256,361244,0.000829960,0,17.50,55.83,11.74,76.75
"64k",64,512,368277,0.001490000,0,17.75,56.65,11.47,76.04
"256k",16,16,145064,0.000119830,0,17.07,57.00,10.74,73.18
"256k",16,32,138960,0.000216880,0,16.44,51.88,8.68,65.59
"256k",16,64,158879,0.000424230,0,18.20,55.94,9.34,69.08
"256k",16,128,178328,0.000623210,0,18.91,58.40,9.47,73.00
"256k",16,256,175649,0.001260000,0,18.32,56.92,9.06,76.13
"256k",32,32,147130,0.000218850,0,17.11,53.89,10.91,79.51
"256k",32,64,155557,0.000531830,0,17.66,58.12,10.48,74.90
"256k",32,128,164344,0.000842050,0,17.44,59.36,10.20,74.61
"256k",32,256,161899,0.001670000,0,16.82,58.92,9.84,75.47
"256k",64,64,149998,0.000498600,0,16.99,57.83,11.06,75.69
"256k",64,128,150352,0.000940000,0,15.88,59.19,10.82,75.73
"256k",64,256,150226,0.001790000,0,15.79,59.81,10.47,75.62
"512k",16,16,78518,0.000980000,0,15.77,47.15,9.01,81.75
"512k",16,32,75976,0.000780550,0,15.14,48.34,8.04,70.36
"512k",16,64,92791,0.000600560,0,18.15,58.60,9.08,71.22
"512k",16,128,90995,0.001190000,0,17.88,57.41,8.43,76.08
"512k",16,256,87635,0.002360000,0,16.70,56.68,8.14,79.49
"512k",32,32,84283,0.000386320,0,16.23,49.39,10.24,85.62
"512k",32,64,90044,0.000890000,0,17.11,59.63,9.98,74.67
"512k",32,128,86915,0.001460000,0,16.32,60.13,9.11,75.07
"512k",32,256,85303,0.002970000,0,15.95,59.46,8.83,77.26
"512k",64,64,88562,0.000755820,0,16.76,52.74,10.39,81.85
"512k",64,128,81503,0.001600000,0,14.82,60.31,10.08,76.50
"512k",64,256,79678,0.003180000,0,14.84,60.82,9.94,75.57
