---
system-info:
      stress-ng-version: 0.17.08
      run-by: root
      date-yyyy-mm-dd: 2024:06:09
      time-hh-mm-ss: 17:55:57
      epoch-secs: 1717955757
      hostname: 5c5312b17a5a
      sysname: Linux
      nodename: 5c5312b17a5a
      release: 6.8.0-1008-aws
      version: '#8-Ubuntu SMP Sat Apr 20 00:46:25 UTC 2024'
      machine: x86_64
      compiler: 'musl-gcc 13.2.1'
      uptime: 113
      totalram: 399160176640
      freeram: 394264756224
      sharedram: 60071936
      bufferram: 110780416
      totalswap: 0
      freeswap: 0
      pagesize: 4096
      cpus: 48
      cpus-online: 48
      ticks-per-second: 100

metrics:
    - stressor: cpu
      bogo-ops: 16741
      bogo-ops-per-second-usr-sys-time: 1673.890262
      bogo-ops-per-second-real-time: 1673.916018
      wall-clock-time: 10.001099
      user-time: 10.000253
      system-time: 0.001000
      cpu-usage-per-instance: 100.001539
      max-rss: 3840

...
