---
system-info:
      stress-ng-version: 0.17.08
      run-by: root
      date-yyyy-mm-dd: 2024:06:15
      time-hh-mm-ss: 20:40:54
      epoch-secs: 1718484054
      hostname: 2a0498d5beed
      sysname: Linux
      nodename: 2a0498d5beed
      release: 6.8.0-1008-aws
      version: '#8-Ubuntu SMP Sat Apr 20 00:46:25 UTC 2024'
      machine: x86_64
      compiler: 'musl-gcc 13.2.1'
      uptime: 135
      totalram: 399160188928
      freeram: 394395889664
      sharedram: 60071936
      bufferram: 109998080
      totalswap: 0
      freeswap: 0
      pagesize: 4096
      cpus: 48
      cpus-online: 48
      ticks-per-second: 100

metrics:
    - stressor: cpu
      bogo-ops: 37822
      bogo-ops-per-second-usr-sys-time: 1891.069081
      bogo-ops-per-second-real-time: 1891.092290
      wall-clock-time: 20.000082
      user-time: 20.000327
      system-time: 0.000000
      cpu-usage-per-instance: 100.001227
      max-rss: 1152

...
