BaselineInfo:
  WebDBID: -1
  TimeStamp: 20241107074333
Version:
  Major: 11
  Minor: 0
  Build: 1002
  SpecialBuildName: ""
  ptArchitecture: x86_64_linux
Results:
  Results Complete: true
  NumTestProcesses: 2
  CPU_INTEGER_MATH: 8365.0543333333335
  CPU_FLOATINGPOINT_MATH: 4279.6841209045378
  CPU_PRIME: 18.644548369120795
  CPU_SORTING: 4378.0763241451687
  CPU_ENCRYPTION: 1804.9597363299822
  CPU_COMPRESSION: 32387.387535596612
  CPU_SINGLETHREAD: 2376.4511563051847
  CPU_PHYSICS: 363.18632769533889
  CPU_MATRIX_MULT_SSE: 1697.2535218460584
  CPU_mm: 180.5777648088843
  CPU_sse: 794.08396225567321
  CPU_fma: 2179.1163534316092
  CPU_avx: 1613.2928599349793
  CPU_avx512: 2202.5209117619725
  m_CPU_enc_SHA: 1831651636.9505565
  m_CPU_enc_AES: 2753518142.0865788
  m_CPU_enc_ECDSA: 1092742602.4087064
  ME_ALLOC_S: 1026.4008909356471
  ME_READ_S: 24158.601757812499
  ME_READ_L: 11662.9091796875
  ME_WRITE: 10549.1201171875
  ME_LARGE: 682
  ME_LATENCY: 54.050444181220847
  ME_THREADED: 15378.22265625
  SUMM_CPU: 2994.691210407459
  SUMM_ME: 1045.351727710359
SystemInformation:
  OSName: Ubuntu 24.04.1 LTS
  Kernel: 6.8.0-1017-azure
  Device: ""
  Processor: Intel Xeon Platinum 8370C CPU @ 2.80GHz
  NumSockets: 1
  Manufacturer: GenuineIntel
  NumCores: 1
  NumLogicals: 2
  CPUFrequency: 2800
  Memory: 7937
  MemModuleInfo:
    iNumMemSticks: 2
    DIMM 1:
      manufacturer: Microsoft Corporation
      modulePartNo: None
      memType: Unknown
      size: 1
      clkspeed: 0
      moduleVoltage: 0
    DIMM 2:
      manufacturer: Microsoft Corporation
      modulePartNo: None
      memType: Unknown
      size: 7
      clkspeed: 0
      moduleVoltage: 0
Checksum: 2A4083DD10928056FA6624311D7BDACE1B3CDAAF